10000
1 
1 
1 
1 
4 
6 
6 
8 
12 
13 
15 
17 
18 
19 
20 
21 
23 
28 
28 
29 
29 
29 
30 
31 
32 
33 
34 
34 
34 
34 
39 
41 
41 
41 
41 
42 
43 
43 
43 
43 
43 
44 
46 
47 
48 
50 
51 
57 
58 
59 
60 
62 
63 
63 
64 
65 
65 
66 
67 
68 
68 
68 
70 
71 
72 
72 
75 
75 
77 
78 
80 
87 
87 
88 
89 
90 
90 
93 
94 
94 
95 
95 
95 
96 
100 
102 
103 
104 
106 
108 
109 
109 
109 
110 
110 
114 
114 
116 
117 
119 
119 
121 
122 
124 
125 
126 
126 
127 
128 
128 
130 
130 
130 
131 
132 
134 
136 
139 
139 
140 
140 
140 
141 
141 
142 
142 
143 
146 
147 
151 
152 
155 
156 
158 
159 
160 
161 
162 
162 
163 
164 
164 
164 
166 
166 
167 
169 
169 
169 
171 
173 
173 
173 
176 
176 
176 
179 
179 
180 
181 
183 
184 
184 
185 
185 
186 
187 
188 
188 
189 
189 
189 
191 
193 
193 
193 
193 
194 
195 
198 
198 
198 
199 
200 
200 
202 
202 
203 
204 
204 
205 
205 
208 
210 
212 
213 
213 
215 
217 
217 
217 
221 
222 
224 
224 
225 
225 
227 
227 
227 
230 
231 
232 
232 
233 
234 
235 
237 
240 
241 
242 
244 
244 
245 
246 
250 
251 
253 
254 
254 
257 
258 
258 
259 
259 
260 
261 
263 
263 
263 
266 
267 
269 
270 
271 
273 
273 
273 
275 
275 
277 
278 
278 
280 
281 
281 
281 
282 
282 
283 
284 
286 
286 
287 
287 
287 
287 
290 
290 
292 
294 
294 
296 
296 
297 
299 
303 
303 
303 
304 
306 
309 
309 
310 
311 
312 
312 
313 
314 
316 
317 
317 
318 
318 
319 
319 
323 
323 
323 
325 
325 
326 
330 
330 
331 
332 
335 
342 
343 
343 
343 
343 
344 
344 
345 
345 
347 
347 
347 
348 
351 
351 
353 
354 
354 
355 
356 
356 
357 
359 
362 
363 
365 
366 
366 
367 
368 
369 
369 
369 
369 
370 
371 
371 
372 
372 
373 
373 
373 
374 
374 
375 
376 
377 
379 
379 
380 
381 
382 
383 
384 
386 
387 
387 
387 
388 
388 
389 
389 
390 
391 
392 
395 
395 
395 
396 
396 
397 
398 
399 
402 
402 
403 
404 
406 
406 
406 
406 
407 
409 
410 
410 
411 
412 
417 
418 
419 
421 
422 
423 
423 
423 
424 
428 
428 
430 
431 
433 
433 
435 
439 
440 
440 
440 
442 
442 
442 
442 
445 
445 
447 
447 
448 
449 
450 
450 
450 
451 
454 
454 
456 
457 
458 
461 
461 
463 
463 
463 
466 
467 
467 
467 
468 
468 
468 
469 
470 
472 
473 
473 
476 
477 
479 
479 
479 
480 
480 
480 
481 
481 
483 
484 
485 
485 
486 
486 
487 
489 
489 
490 
490 
492 
493 
494 
494 
496 
497 
498 
499 
500 
501 
505 
507 
507 
507 
508 
508 
509 
510 
511 
512 
512 
512 
513 
514 
515 
515 
516 
517 
519 
519 
520 
521 
522 
523 
524 
525 
527 
527 
527 
530 
531 
531 
532 
533 
534 
534 
534 
535 
535 
538 
539 
540 
540 
542 
544 
545 
546 
546 
548 
548 
550 
553 
556 
558 
558 
558 
558 
560 
560 
561 
561 
561 
561 
562 
563 
564 
565 
566 
569 
569 
570 
571 
572 
573 
574 
574 
575 
576 
576 
577 
578 
579 
581 
582 
583 
584 
584 
584 
585 
585 
586 
588 
588 
588 
589 
591 
592 
594 
599 
601 
602 
602 
602 
602 
603 
603 
603 
604 
605 
605 
608 
610 
611 
611 
611 
612 
612 
613 
613 
613 
614 
614 
616 
616 
617 
618 
619 
619 
619 
621 
621 
624 
626 
627 
628 
628 
628 
628 
628 
629 
629 
629 
630 
630 
631 
635 
636 
637 
637 
640 
640 
642 
643 
643 
643 
643 
644 
644 
644 
647 
650 
651 
652 
652 
652 
653 
653 
654 
657 
660 
661 
663 
664 
666 
668 
669 
670 
670 
672 
673 
675 
676 
677 
678 
679 
684 
685 
687 
689 
690 
692 
693 
694 
694 
695 
696 
697 
699 
701 
702 
702 
703 
704 
704 
704 
706 
706 
709 
710 
713 
714 
715 
716 
717 
718 
718 
719 
720 
722 
725 
726 
727 
728 
728 
729 
731 
732 
734 
734 
736 
738 
739 
741 
742 
745 
746 
748 
748 
752 
753 
753 
754 
755 
755 
757 
758 
758 
758 
759 
759 
759 
761 
763 
766 
767 
767 
767 
770 
770 
771 
772 
773 
774 
774 
775 
775 
775 
777 
779 
783 
784 
785 
786 
786 
787 
788 
789 
789 
790 
791 
791 
791 
792 
794 
798 
799 
799 
800 
800 
800 
801 
801 
802 
803 
803 
804 
804 
804 
808 
810 
811 
811 
813 
815 
815 
816 
817 
818 
819 
821 
821 
825 
825 
826 
827 
828 
831 
832 
832 
833 
833 
835 
838 
839 
840 
840 
840 
843 
846 
846 
847 
847 
852 
853 
854 
855 
856 
856 
856 
857 
859 
859 
861 
861 
864 
864 
867 
869 
869 
869 
873 
873 
874 
876 
877 
879 
880 
881 
881 
882 
882 
882 
884 
884 
885 
886 
886 
887 
888 
890 
894 
895 
896 
896 
896 
899 
900 
900 
902 
904 
905 
905 
905 
907 
907 
909 
910 
910 
911 
912 
913 
914 
915 
915 
916 
916 
917 
917 
918 
918 
919 
920 
922 
922 
922 
923 
925 
925 
927 
927 
927 
928 
928 
928 
928 
929 
932 
932 
934 
934 
935 
935 
936 
936 
937 
937 
938 
939 
939 
939 
939 
940 
940 
941 
944 
944 
945 
946 
947 
948 
949 
949 
949 
950 
950 
952 
952 
952 
953 
954 
955 
958 
959 
959 
959 
959 
961 
961 
962 
964 
969 
970 
970 
972 
972 
973 
975 
977 
979 
979 
979 
982 
982 
982 
982 
983 
983 
983 
985 
985 
987 
987 
987 
989 
993 
993 
993 
994 
994 
994 
995 
995 
996 
996 
996 
998 
1001 
1003 
1005 
1006 
1008 
1008 
1008 
1009 
1009 
1010 
1011 
1012 
1013 
1013 
1013 
1015 
1015 
1016 
1017 
1020 
1020 
1020 
1022 
1024 
1025 
1025 
1028 
1029 
1030 
1030 
1031 
1032 
1036 
1037 
1037 
1038 
1039 
1039 
1040 
1040 
1041 
1041 
1042 
1043 
1043 
1044 
1046 
1047 
1047 
1047 
1047 
1049 
1049 
1049 
1049 
1050 
1053 
1053 
1054 
1056 
1057 
1060 
1060 
1061 
1064 
1064 
1066 
1067 
1068 
1072 
1072 
1074 
1076 
1076 
1076 
1077 
1079 
1080 
1080 
1083 
1083 
1084 
1085 
1086 
1087 
1087 
1087 
1088 
1089 
1089 
1090 
1092 
1092 
1093 
1094 
1094 
1095 
1095 
1096 
1097 
1097 
1099 
1099 
1099 
1099 
1102 
1102 
1103 
1104 
1104 
1106 
1107 
1107 
1108 
1109 
1110 
1111 
1115 
1116 
1118 
1118 
1120 
1122 
1122 
1125 
1126 
1127 
1129 
1132 
1132 
1132 
1132 
1133 
1134 
1135 
1135 
1135 
1137 
1138 
1139 
1140 
1143 
1144 
1144 
1144 
1146 
1146 
1148 
1148 
1149 
1153 
1153 
1153 
1153 
1154 
1155 
1156 
1157 
1158 
1158 
1162 
1163 
1165 
1168 
1168 
1168 
1172 
1173 
1174 
1175 
1177 
1177 
1177 
1177 
1178 
1180 
1181 
1186 
1186 
1187 
1188 
1189 
1190 
1190 
1191 
1191 
1191 
1192 
1193 
1193 
1193 
1194 
1197 
1197 
1198 
1198 
1199 
1200 
1201 
1202 
1204 
1204 
1204 
1205 
1205 
1207 
1208 
1210 
1212 
1212 
1213 
1214 
1215 
1216 
1216 
1217 
1218 
1218 
1219 
1219 
1220 
1223 
1224 
1225 
1225 
1226 
1226 
1226 
1227 
1228 
1229 
1230 
1233 
1233 
1234 
1236 
1236 
1237 
1238 
1238 
1239 
1239 
1239 
1240 
1241 
1241 
1242 
1244 
1245 
1245 
1246 
1246 
1248 
1249 
1250 
1252 
1255 
1257 
1260 
1261 
1261 
1263 
1263 
1264 
1264 
1265 
1265 
1265 
1267 
1267 
1268 
1268 
1268 
1268 
1269 
1270 
1271 
1271 
1274 
1275 
1276 
1277 
1277 
1278 
1279 
1281 
1282 
1282 
1283 
1284 
1284 
1284 
1285 
1285 
1285 
1285 
1286 
1287 
1289 
1289 
1289 
1292 
1293 
1296 
1297 
1297 
1298 
1299 
1299 
1300 
1301 
1301 
1301 
1302 
1302 
1302 
1302 
1305 
1307 
1307 
1308 
1308 
1309 
1309 
1310 
1312 
1312 
1312 
1314 
1315 
1316 
1316 
1317 
1317 
1318 
1321 
1322 
1322 
1323 
1323 
1324 
1324 
1324 
1324 
1325 
1325 
1327 
1327 
1328 
1329 
1329 
1330 
1332 
1333 
1335 
1336 
1337 
1340 
1340 
1342 
1342 
1344 
1344 
1344 
1346 
1346 
1349 
1351 
1352 
1353 
1355 
1356 
1356 
1356 
1357 
1358 
1359 
1360 
1360 
1360 
1361 
1362 
1363 
1363 
1366 
1366 
1367 
1367 
1372 
1374 
1375 
1375 
1376 
1380 
1381 
1382 
1383 
1384 
1388 
1390 
1390 
1393 
1394 
1394 
1395 
1396 
1396 
1398 
1398 
1399 
1400 
1401 
1401 
1401 
1403 
1404 
1405 
1406 
1406 
1407 
1411 
1411 
1411 
1412 
1413 
1413 
1414 
1415 
1415 
1416 
1417 
1419 
1419 
1420 
1421 
1421 
1422 
1422 
1425 
1426 
1427 
1427 
1428 
1428 
1431 
1432 
1436 
1437 
1438 
1438 
1440 
1442 
1444 
1444 
1446 
1446 
1447 
1447 
1447 
1447 
1447 
1449 
1449 
1452 
1452 
1452 
1454 
1454 
1455 
1456 
1458 
1461 
1462 
1462 
1463 
1463 
1465 
1465 
1466 
1467 
1468 
1473 
1473 
1474 
1475 
1475 
1476 
1476 
1477 
1477 
1478 
1478 
1478 
1479 
1479 
1479 
1479 
1480 
1480 
1481 
1483 
1485 
1486 
1486 
1486 
1486 
1486 
1487 
1488 
1488 
1494 
1494 
1494 
1496 
1497 
1497 
1498 
1499 
1499 
1500 
1500 
1501 
1502 
1503 
1503 
1504 
1505 
1505 
1506 
1506 
1506 
1508 
1509 
1510 
1512 
1514 
1515 
1515 
1515 
1517 
1517 
1517 
1518 
1520 
1522 
1523 
1525 
1525 
1526 
1526 
1529 
1529 
1530 
1532 
1532 
1533 
1534 
1534 
1534 
1534 
1534 
1536 
1537 
1537 
1539 
1539 
1540 
1541 
1542 
1543 
1544 
1546 
1546 
1548 
1548 
1549 
1550 
1551 
1553 
1554 
1554 
1556 
1556 
1557 
1558 
1562 
1564 
1564 
1564 
1566 
1567 
1567 
1574 
1575 
1576 
1577 
1578 
1578 
1578 
1579 
1581 
1581 
1582 
1583 
1585 
1587 
1587 
1589 
1590 
1592 
1593 
1595 
1596 
1598 
1598 
1600 
1601 
1603 
1604 
1604 
1604 
1605 
1606 
1607 
1609 
1609 
1609 
1610 
1611 
1612 
1613 
1614 
1616 
1616 
1617 
1617 
1617 
1618 
1619 
1622 
1623 
1623 
1623 
1624 
1625 
1625 
1626 
1628 
1628 
1629 
1629 
1631 
1633 
1633 
1635 
1635 
1636 
1637 
1637 
1639 
1640 
1642 
1644 
1646 
1646 
1647 
1649 
1649 
1650 
1650 
1651 
1652 
1652 
1653 
1653 
1655 
1656 
1657 
1657 
1659 
1660 
1660 
1660 
1663 
1663 
1663 
1663 
1664 
1664 
1664 
1665 
1669 
1669 
1670 
1675 
1676 
1677 
1678 
1681 
1681 
1683 
1683 
1685 
1685 
1685 
1685 
1686 
1686 
1686 
1687 
1687 
1687 
1688 
1688 
1688 
1691 
1691 
1692 
1695 
1696 
1697 
1697 
1697 
1697 
1698 
1699 
1699 
1699 
1700 
1706 
1708 
1708 
1709 
1710 
1712 
1714 
1715 
1715 
1716 
1719 
1721 
1721 
1722 
1723 
1723 
1723 
1723 
1724 
1725 
1727 
1727 
1728 
1728 
1728 
1729 
1729 
1730 
1731 
1731 
1732 
1732 
1733 
1734 
1736 
1736 
1736 
1736 
1739 
1742 
1742 
1743 
1744 
1745 
1746 
1746 
1746 
1747 
1748 
1749 
1751 
1752 
1755 
1757 
1758 
1759 
1759 
1760 
1760 
1760 
1763 
1764 
1765 
1766 
1767 
1767 
1770 
1773 
1773 
1774 
1774 
1778 
1779 
1780 
1781 
1781 
1782 
1783 
1784 
1785 
1786 
1786 
1787 
1787 
1788 
1788 
1788 
1791 
1791 
1794 
1795 
1795 
1795 
1795 
1800 
1800 
1805 
1805 
1805 
1805 
1805 
1805 
1806 
1807 
1808 
1810 
1812 
1813 
1814 
1814 
1814 
1814 
1819 
1819 
1819 
1820 
1820 
1823 
1823 
1824 
1825 
1827 
1827 
1828 
1831 
1831 
1832 
1832 
1837 
1838 
1838 
1839 
1843 
1843 
1845 
1846 
1851 
1853 
1855 
1856 
1856 
1856 
1857 
1858 
1860 
1861 
1862 
1863 
1863 
1864 
1864 
1865 
1866 
1866 
1867 
1869 
1871 
1872 
1873 
1875 
1876 
1876 
1877 
1878 
1881 
1881 
1883 
1883 
1883 
1884 
1885 
1887 
1895 
1895 
1897 
1898 
1899 
1900 
1900 
1900 
1901 
1901 
1902 
1903 
1904 
1905 
1907 
1907 
1908 
1908 
1910 
1910 
1911 
1911 
1915 
1916 
1917 
1918 
1918 
1918 
1920 
1920 
1921 
1921 
1922 
1922 
1922 
1924 
1924 
1924 
1926 
1926 
1926 
1926 
1928 
1929 
1931 
1931 
1934 
1937 
1937 
1938 
1938 
1938 
1941 
1943 
1943 
1944 
1945 
1946 
1947 
1948 
1948 
1948 
1949 
1951 
1951 
1952 
1953 
1955 
1955 
1959 
1959 
1959 
1960 
1962 
1963 
1964 
1965 
1966 
1966 
1966 
1967 
1968 
1971 
1971 
1972 
1976 
1977 
1978 
1979 
1979 
1979 
1979 
1980 
1980 
1982 
1984 
1985 
1985 
1986 
1987 
1987 
1989 
1990 
1990 
1992 
1993 
1993 
1995 
1996 
1997 
1998 
1999 
2002 
2004 
2004 
2008 
2009 
2009 
2012 
2013 
2014 
2015 
2017 
2021 
2025 
2027 
2029 
2030 
2031 
2031 
2032 
2032 
2032 
2032 
2033 
2034 
2035 
2035 
2036 
2038 
2039 
2040 
2041 
2041 
2041 
2041 
2042 
2043 
2045 
2047 
2050 
2050 
2051 
2051 
2053 
2054 
2056 
2056 
2058 
2058 
2058 
2059 
2059 
2060 
2060 
2061 
2061 
2061 
2063 
2066 
2066 
2067 
2068 
2068 
2068 
2069 
2070 
2072 
2074 
2075 
2075 
2075 
2075 
2076 
2077 
2077 
2078 
2078 
2079 
2079 
2080 
2080 
2080 
2080 
2082 
2083 
2083 
2084 
2084 
2086 
2086 
2087 
2087 
2089 
2090 
2090 
2091 
2094 
2094 
2094 
2095 
2096 
2098 
2099 
2099 
2105 
2105 
2106 
2109 
2110 
2110 
2110 
2110 
2110 
2110 
2111 
2112 
2113 
2116 
2117 
2122 
2123 
2123 
2123 
2124 
2125 
2127 
2127 
2130 
2130 
2131 
2131 
2132 
2132 
2133 
2133 
2134 
2135 
2137 
2138 
2139 
2141 
2143 
2144 
2144 
2145 
2145 
2145 
2145 
2146 
2146 
2146 
2147 
2147 
2151 
2151 
2152 
2155 
2156 
2156 
2156 
2157 
2157 
2158 
2161 
2161 
2161 
2161 
2162 
2162 
2164 
2164 
2165 
2165 
2168 
2168 
2168 
2171 
2171 
2172 
2172 
2173 
2174 
2174 
2174 
2174 
2174 
2175 
2175 
2177 
2177 
2178 
2178 
2179 
2180 
2181 
2181 
2181 
2181 
2185 
2185 
2186 
2189 
2189 
2192 
2194 
2194 
2199 
2200 
2200 
2200 
2201 
2201 
2202 
2203 
2204 
2206 
2206 
2206 
2206 
2206 
2207 
2208 
2210 
2211 
2212 
2214 
2214 
2215 
2215 
2217 
2217 
2217 
2220 
2221 
2221 
2223 
2223 
2224 
2225 
2226 
2226 
2228 
2229 
2230 
2231 
2232 
2233 
2237 
2240 
2242 
2243 
2244 
2245 
2246 
2247 
2247 
2250 
2251 
2251 
2252 
2253 
2253 
2258 
2259 
2259 
2260 
2260 
2260 
2260 
2261 
2261 
2266 
2267 
2267 
2272 
2274 
2275 
2276 
2277 
2277 
2279 
2280 
2280 
2281 
2282 
2283 
2283 
2284 
2286 
2286 
2286 
2287 
2288 
2289 
2291 
2294 
2299 
2304 
2305 
2305 
2306 
2308 
2308 
2309 
2310 
2310 
2310 
2311 
2314 
2315 
2315 
2318 
2318 
2318 
2319 
2321 
2323 
2324 
2325 
2326 
2327 
2327 
2328 
2330 
2331 
2332 
2333 
2334 
2335 
2335 
2335 
2335 
2336 
2338 
2338 
2339 
2339 
2341 
2341 
2344 
2344 
2345 
2346 
2346 
2348 
2348 
2348 
2348 
2349 
2351 
2351 
2351 
2351 
2352 
2353 
2356 
2356 
2357 
2358 
2360 
2363 
2364 
2365 
2365 
2366 
2366 
2366 
2367 
2369 
2370 
2374 
2374 
2376 
2376 
2377 
2377 
2378 
2381 
2381 
2383 
2383 
2383 
2383 
2385 
2385 
2385 
2385 
2386 
2386 
2387 
2387 
2388 
2391 
2391 
2392 
2392 
2393 
2393 
2394 
2394 
2395 
2396 
2396 
2404 
2407 
2407 
2409 
2409 
2411 
2415 
2417 
2420 
2421 
2421 
2421 
2422 
2423 
2425 
2425 
2425 
2426 
2428 
2428 
2429 
2429 
2431 
2432 
2432 
2433 
2434 
2435 
2436 
2436 
2439 
2440 
2441 
2442 
2443 
2444 
2444 
2445 
2447 
2447 
2454 
2454 
2457 
2457 
2458 
2460 
2461 
2461 
2461 
2463 
2463 
2466 
2468 
2469 
2469 
2470 
2470 
2472 
2473 
2473 
2473 
2474 
2475 
2476 
2476 
2476 
2478 
2479 
2480 
2481 
2481 
2482 
2484 
2484 
2485 
2485 
2486 
2488 
2489 
2492 
2493 
2497 
2498 
2499 
2500 
2501 
2502 
2503 
2505 
2505 
2505 
2506 
2508 
2509 
2511 
2512 
2513 
2513 
2513 
2514 
2515 
2515 
2516 
2518 
2518 
2520 
2523 
2523 
2525 
2529 
2530 
2530 
2530 
2532 
2532 
2532 
2533 
2534 
2534 
2537 
2538 
2540 
2543 
2544 
2545 
2545 
2550 
2552 
2553 
2553 
2556 
2558 
2558 
2558 
2559 
2561 
2562 
2563 
2563 
2563 
2564 
2567 
2567 
2568 
2568 
2569 
2570 
2571 
2572 
2574 
2574 
2574 
2574 
2574 
2575 
2576 
2576 
2577 
2578 
2581 
2581 
2582 
2584 
2584 
2585 
2585 
2586 
2586 
2587 
2589 
2590 
2590 
2592 
2592 
2594 
2594 
2595 
2595 
2596 
2597 
2600 
2601 
2602 
2603 
2603 
2604 
2605 
2606 
2607 
2608 
2608 
2609 
2611 
2611 
2612 
2614 
2614 
2615 
2616 
2616 
2618 
2622 
2623 
2623 
2624 
2624 
2625 
2626 
2626 
2630 
2634 
2634 
2635 
2636 
2638 
2640 
2641 
2642 
2643 
2645 
2646 
2646 
2646 
2646 
2647 
2649 
2650 
2651 
2651 
2653 
2656 
2657 
2659 
2660 
2660 
2661 
2661 
2662 
2663 
2664 
2665 
2665 
2669 
2670 
2673 
2674 
2675 
2677 
2678 
2678 
2680 
2680 
2680 
2681 
2683 
2684 
2687 
2687 
2694 
2694 
2694 
2695 
2695 
2696 
2697 
2698 
2699 
2702 
2702 
2703 
2703 
2704 
2704 
2708 
2709 
2709 
2709 
2714 
2715 
2715 
2717 
2719 
2721 
2722 
2724 
2724 
2725 
2726 
2728 
2730 
2733 
2733 
2734 
2734 
2734 
2735 
2736 
2738 
2739 
2739 
2740 
2740 
2740 
2742 
2742 
2742 
2744 
2745 
2745 
2746 
2747 
2750 
2750 
2751 
2752 
2753 
2753 
2754 
2755 
2757 
2757 
2761 
2761 
2762 
2765 
2766 
2767 
2768 
2769 
2771 
2771 
2772 
2772 
2773 
2774 
2774 
2775 
2778 
2778 
2779 
2781 
2781 
2783 
2783 
2785 
2786 
2786 
2786 
2786 
2787 
2787 
2790 
2791 
2791 
2792 
2794 
2795 
2796 
2796 
2797 
2798 
2799 
2800 
2803 
2804 
2804 
2805 
2805 
2806 
2807 
2808 
2809 
2810 
2811 
2811 
2813 
2814 
2815 
2815 
2817 
2818 
2819 
2819 
2820 
2821 
2821 
2821 
2823 
2825 
2825 
2826 
2826 
2827 
2828 
2830 
2830 
2833 
2833 
2834 
2835 
2835 
2836 
2837 
2838 
2838 
2839 
2840 
2841 
2844 
2844 
2846 
2846 
2846 
2850 
2850 
2851 
2851 
2852 
2852 
2853 
2853 
2855 
2856 
2857 
2859 
2859 
2859 
2861 
2862 
2866 
2866 
2867 
2867 
2869 
2873 
2873 
2874 
2875 
2876 
2876 
2877 
2878 
2878 
2881 
2884 
2884 
2886 
2887 
2887 
2889 
2891 
2891 
2892 
2893 
2893 
2895 
2898 
2899 
2901 
2901 
2902 
2903 
2903 
2904 
2904 
2904 
2907 
2907 
2907 
2908 
2908 
2908 
2910 
2911 
2914 
2915 
2916 
2916 
2916 
2917 
2917 
2917 
2918 
2920 
2920 
2921 
2921 
2922 
2922 
2924 
2925 
2925 
2926 
2927 
2927 
2929 
2931 
2932 
2932 
2932 
2935 
2935 
2940 
2941 
2941 
2942 
2942 
2943 
2944 
2945 
2945 
2946 
2949 
2950 
2951 
2952 
2953 
2953 
2954 
2954 
2955 
2955 
2956 
2958 
2960 
2960 
2962 
2962 
2965 
2965 
2968 
2969 
2969 
2970 
2970 
2972 
2973 
2974 
2975 
2979 
2980 
2980 
2981 
2982 
2983 
2984 
2985 
2985 
2985 
2988 
2991 
2992 
2992 
2992 
2994 
2998 
2998 
2999 
3004 
3004 
3004 
3004 
3004 
3005 
3005 
3006 
3011 
3013 
3015 
3015 
3015 
3016 
3016 
3017 
3018 
3020 
3022 
3022 
3022 
3025 
3026 
3027 
3029 
3031 
3031 
3032 
3033 
3034 
3034 
3035 
3037 
3039 
3040 
3042 
3042 
3043 
3044 
3044 
3045 
3046 
3046 
3047 
3048 
3048 
3050 
3052 
3054 
3054 
3055 
3055 
3057 
3058 
3059 
3062 
3064 
3065 
3065 
3065 
3065 
3067 
3067 
3068 
3069 
3069 
3070 
3072 
3072 
3076 
3077 
3078 
3078 
3079 
3080 
3082 
3083 
3084 
3085 
3086 
3086 
3087 
3089 
3089 
3090 
3092 
3092 
3093 
3093 
3094 
3096 
3096 
3097 
3098 
3100 
3101 
3105 
3105 
3106 
3107 
3108 
3110 
3110 
3112 
3112 
3113 
3114 
3116 
3118 
3118 
3118 
3118 
3119 
3119 
3120 
3121 
3122 
3122 
3124 
3124 
3124 
3125 
3125 
3129 
3132 
3132 
3133 
3133 
3133 
3133 
3134 
3135 
3136 
3138 
3138 
3139 
3139 
3139 
3140 
3141 
3141 
3141 
3143 
3143 
3144 
3144 
3145 
3147 
3147 
3147 
3149 
3149 
3150 
3151 
3152 
3152 
3154 
3154 
3155 
3156 
3156 
3157 
3157 
3158 
3158 
3159 
3161 
3162 
3164 
3164 
3167 
3167 
3167 
3168 
3170 
3171 
3172 
3173 
3174 
3175 
3175 
3175 
3177 
3178 
3178 
3179 
3180 
3184 
3185 
3185 
3185 
3187 
3187 
3188 
3188 
3188 
3190 
3190 
3191 
3193 
3193 
3194 
3194 
3196 
3196 
3198 
3198 
3199 
3199 
3202 
3203 
3204 
3205 
3206 
3206 
3206 
3207 
3208 
3209 
3211 
3213 
3214 
3215 
3219 
3221 
3222 
3223 
3223 
3223 
3223 
3224 
3224 
3225 
3226 
3227 
3228 
3234 
3234 
3234 
3235 
3238 
3239 
3243 
3244 
3245 
3248 
3250 
3250 
3253 
3253 
3253 
3254 
3255 
3255 
3258 
3259 
3260 
3261 
3261 
3261 
3261 
3265 
3265 
3266 
3267 
3268 
3268 
3268 
3269 
3270 
3274 
3275 
3277 
3277 
3278 
3278 
3279 
3280 
3284 
3284 
3285 
3286 
3288 
3290 
3290 
3290 
3290 
3291 
3291 
3293 
3293 
3293 
3293 
3294 
3294 
3295 
3295 
3296 
3297 
3297 
3298 
3298 
3300 
3301 
3301 
3304 
3305 
3305 
3311 
3312 
3312 
3313 
3315 
3315 
3316 
3317 
3317 
3317 
3317 
3319 
3320 
3320 
3321 
3322 
3322 
3323 
3323 
3323 
3324 
3328 
3328 
3329 
3329 
3332 
3333 
3335 
3335 
3336 
3336 
3337 
3337 
3337 
3339 
3340 
3340 
3340 
3340 
3342 
3343 
3346 
3348 
3349 
3350 
3350 
3351 
3351 
3352 
3353 
3353 
3353 
3356 
3356 
3358 
3358 
3358 
3358 
3360 
3361 
3362 
3362 
3362 
3362 
3363 
3363 
3364 
3365 
3366 
3367 
3368 
3369 
3370 
3370 
3372 
3373 
3374 
3374 
3374 
3375 
3376 
3376 
3382 
3385 
3385 
3387 
3387 
3389 
3389 
3389 
3392 
3393 
3394 
3395 
3397 
3397 
3398 
3399 
3399 
3401 
3401 
3402 
3402 
3402 
3404 
3405 
3405 
3405 
3408 
3409 
3410 
3411 
3413 
3415 
3415 
3416 
3418 
3421 
3421 
3421 
3422 
3423 
3423 
3424 
3424 
3425 
3428 
3430 
3431 
3433 
3435 
3436 
3436 
3436 
3437 
3440 
3440 
3440 
3441 
3442 
3443 
3443 
3444 
3445 
3446 
3446 
3446 
3447 
3448 
3449 
3449 
3451 
3453 
3454 
3454 
3454 
3459 
3459 
3461 
3462 
3463 
3464 
3464 
3466 
3467 
3467 
3467 
3467 
3467 
3467 
3468 
3468 
3470 
3470 
3471 
3471 
3472 
3473 
3478 
3481 
3481 
3482 
3484 
3487 
3487 
3488 
3489 
3489 
3491 
3492 
3493 
3494 
3495 
3495 
3495 
3496 
3496 
3498 
3498 
3499 
3499 
3500 
3502 
3502 
3503 
3503 
3503 
3504 
3507 
3507 
3507 
3509 
3509 
3509 
3512 
3512 
3512 
3513 
3515 
3516 
3517 
3517 
3518 
3518 
3520 
3521 
3521 
3521 
3522 
3522 
3522 
3523 
3524 
3527 
3527 
3528 
3529 
3532 
3532 
3532 
3534 
3534 
3535 
3536 
3536 
3537 
3538 
3540 
3541 
3541 
3541 
3543 
3544 
3544 
3545 
3547 
3549 
3550 
3550 
3551 
3556 
3556 
3557 
3557 
3558 
3558 
3559 
3559 
3560 
3561 
3562 
3563 
3563 
3563 
3564 
3564 
3564 
3564 
3565 
3566 
3566 
3569 
3570 
3571 
3571 
3572 
3573 
3573 
3573 
3575 
3577 
3578 
3579 
3580 
3582 
3583 
3584 
3584 
3585 
3585 
3585 
3586 
3587 
3587 
3588 
3590 
3592 
3593 
3595 
3596 
3597 
3597 
3598 
3599 
3599 
3599 
3600 
3602 
3603 
3604 
3606 
3607 
3611 
3614 
3614 
3615 
3617 
3619 
3623 
3624 
3624 
3626 
3626 
3627 
3627 
3629 
3629 
3629 
3631 
3634 
3638 
3640 
3641 
3642 
3643 
3645 
3645 
3645 
3646 
3647 
3648 
3648 
3649 
3649 
3649 
3650 
3651 
3652 
3652 
3652 
3652 
3653 
3653 
3653 
3654 
3655 
3656 
3656 
3659 
3659 
3661 
3662 
3663 
3663 
3663 
3664 
3665 
3665 
3667 
3670 
3670 
3670 
3670 
3674 
3675 
3676 
3676 
3676 
3677 
3678 
3679 
3679 
3679 
3680 
3681 
3682 
3685 
3686 
3687 
3688 
3689 
3690 
3692 
3692 
3693 
3693 
3693 
3694 
3694 
3697 
3698 
3698 
3699 
3699 
3705 
3706 
3706 
3708 
3708 
3708 
3709 
3710 
3711 
3712 
3712 
3713 
3713 
3713 
3713 
3713 
3715 
3715 
3715 
3716 
3718 
3719 
3720 
3721 
3722 
3723 
3727 
3727 
3728 
3728 
3729 
3730 
3730 
3731 
3731 
3735 
3735 
3737 
3737 
3737 
3738 
3739 
3740 
3740 
3740 
3741 
3742 
3743 
3744 
3748 
3752 
3753 
3755 
3755 
3757 
3758 
3760 
3765 
3768 
3769 
3770 
3770 
3770 
3771 
3772 
3773 
3775 
3775 
3778 
3778 
3778 
3779 
3780 
3781 
3784 
3784 
3786 
3786 
3789 
3789 
3789 
3795 
3795 
3796 
3797 
3798 
3799 
3800 
3801 
3801 
3802 
3804 
3805 
3806 
3808 
3809 
3809 
3809 
3810 
3811 
3811 
3812 
3814 
3814 
3816 
3816 
3816 
3818 
3818 
3819 
3819 
3820 
3820 
3820 
3822 
3822 
3822 
3823 
3825 
3826 
3826 
3829 
3829 
3830 
3830 
3831 
3836 
3837 
3837 
3839 
3841 
3843 
3844 
3847 
3849 
3852 
3853 
3854 
3854 
3854 
3855 
3855 
3855 
3855 
3856 
3856 
3856 
3857 
3858 
3860 
3861 
3863 
3863 
3864 
3865 
3865 
3866 
3866 
3867 
3868 
3868 
3869 
3869 
3874 
3875 
3875 
3877 
3878 
3880 
3881 
3883 
3883 
3884 
3885 
3886 
3887 
3887 
3887 
3888 
3888 
3889 
3889 
3891 
3892 
3894 
3894 
3894 
3895 
3896 
3897 
3900 
3900 
3902 
3904 
3904 
3905 
3905 
3905 
3905 
3906 
3907 
3907 
3907 
3907 
3910 
3910 
3911 
3912 
3915 
3916 
3921 
3922 
3922 
3922 
3923 
3923 
3925 
3926 
3927 
3927 
3928 
3929 
3931 
3932 
3932 
3934 
3935 
3935 
3936 
3936 
3938 
3938 
3939 
3940 
3941 
3941 
3942 
3943 
3945 
3945 
3945 
3948 
3949 
3949 
3949 
3950 
3954 
3954 
3955 
3956 
3957 
3958 
3959 
3959 
3960 
3961 
3962 
3962 
3962 
3963 
3964 
3964 
3967 
3968 
3968 
3970 
3971 
3972 
3972 
3974 
3976 
3977 
3978 
3978 
3978 
3979 
3980 
3980 
3981 
3982 
3983 
3983 
3984 
3985 
3987 
3989 
3991 
3991 
3994 
3994 
3995 
3995 
3998 
4000 
4004 
4004 
4005 
4006 
4006 
4007 
4007 
4008 
4013 
4014 
4014 
4015 
4016 
4016 
4016 
4017 
4019 
4019 
4019 
4020 
4022 
4022 
4024 
4024 
4024 
4024 
4024 
4024 
4024 
4025 
4026 
4026 
4028 
4028 
4028 
4028 
4029 
4030 
4030 
4030 
4031 
4031 
4033 
4034 
4034 
4036 
4038 
4038 
4040 
4040 
4041 
4042 
4042 
4045 
4046 
4047 
4047 
4048 
4049 
4049 
4050 
4050 
4054 
4056 
4059 
4059 
4061 
4063 
4063 
4064 
4064 
4064 
4064 
4066 
4067 
4067 
4067 
4067 
4069 
4070 
4070 
4073 
4074 
4075 
4075 
4077 
4077 
4078 
4078 
4079 
4079 
4079 
4080 
4082 
4086 
4087 
4087 
4088 
4091 
4092 
4094 
4096 
4097 
4097 
4097 
4099 
4099 
4100 
4101 
4102 
4102 
4102 
4103 
4103 
4104 
4105 
4106 
4107 
4114 
4114 
4115 
4115 
4118 
4118 
4119 
4119 
4119 
4119 
4121 
4122 
4123 
4124 
4129 
4130 
4131 
4132 
4135 
4135 
4135 
4135 
4138 
4138 
4138 
4139 
4140 
4142 
4142 
4142 
4143 
4143 
4144 
4146 
4146 
4147 
4147 
4148 
4149 
4149 
4150 
4151 
4151 
4151 
4151 
4152 
4153 
4154 
4155 
4158 
4158 
4160 
4160 
4160 
4161 
4161 
4162 
4163 
4164 
4164 
4167 
4167 
4167 
4167 
4168 
4168 
4168 
4171 
4174 
4176 
4176 
4176 
4176 
4178 
4178 
4179 
4179 
4181 
4182 
4184 
4184 
4185 
4186 
4190 
4192 
4193 
4196 
4197 
4199 
4200 
4200 
4203 
4203 
4205 
4205 
4205 
4206 
4206 
4207 
4212 
4213 
4213 
4214 
4215 
4215 
4215 
4216 
4216 
4217 
4217 
4218 
4219 
4221 
4222 
4222 
4223 
4223 
4223 
4226 
4226 
4227 
4228 
4229 
4229 
4229 
4230 
4231 
4231 
4232 
4233 
4234 
4235 
4235 
4236 
4237 
4237 
4238 
4243 
4243 
4244 
4246 
4246 
4246 
4249 
4249 
4252 
4253 
4255 
4256 
4257 
4258 
4259 
4260 
4260 
4261 
4262 
4262 
4265 
4266 
4268 
4268 
4268 
4268 
4269 
4270 
4274 
4274 
4274 
4276 
4277 
4282 
4285 
4285 
4288 
4289 
4289 
4289 
4290 
4290 
4290 
4291 
4291 
4292 
4293 
4297 
4297 
4298 
4298 
4299 
4299 
4299 
4300 
4302 
4303 
4308 
4308 
4309 
4309 
4310 
4311 
4311 
4314 
4314 
4315 
4315 
4317 
4318 
4318 
4318 
4318 
4322 
4323 
4324 
4325 
4326 
4326 
4327 
4328 
4330 
4330 
4330 
4331 
4332 
4332 
4333 
4334 
4335 
4337 
4340 
4340 
4341 
4341 
4342 
4343 
4345 
4346 
4347 
4348 
4348 
4349 
4350 
4351 
4352 
4353 
4354 
4355 
4357 
4359 
4360 
4361 
4361 
4363 
4364 
4364 
4364 
4364 
4365 
4365 
4368 
4368 
4368 
4369 
4369 
4369 
4369 
4370 
4371 
4372 
4375 
4375 
4375 
4376 
4376 
4376 
4376 
4377 
4377 
4377 
4378 
4379 
4381 
4381 
4382 
4382 
4384 
4385 
4385 
4386 
4386 
4386 
4386 
4389 
4390 
4392 
4393 
4395 
4395 
4396 
4397 
4398 
4400 
4400 
4402 
4403 
4404 
4407 
4409 
4409 
4410 
4413 
4413 
4415 
4415 
4415 
4415 
4417 
4418 
4419 
4421 
4427 
4427 
4427 
4428 
4431 
4431 
4432 
4432 
4433 
4437 
4439 
4440 
4441 
4441 
4442 
4442 
4443 
4445 
4446 
4447 
4448 
4448 
4450 
4450 
4450 
4451 
4452 
4452 
4455 
4455 
4455 
4457 
4457 
4458 
4460 
4463 
4463 
4464 
4466 
4467 
4467 
4468 
4470 
4471 
4472 
4473 
4474 
4475 
4480 
4482 
4483 
4484 
4484 
4485 
4486 
4486 
4490 
4490 
4490 
4491 
4491 
4492 
4494 
4496 
4498 
4499 
4500 
4502 
4503 
4504 
4505 
4507 
4508 
4509 
4509 
4509 
4509 
4510 
4510 
4512 
4512 
4513 
4513 
4514 
4514 
4514 
4515 
4515 
4515 
4516 
4516 
4517 
4517 
4518 
4519 
4519 
4519 
4520 
4521 
4521 
4524 
4524 
4526 
4527 
4528 
4529 
4529 
4531 
4531 
4532 
4533 
4535 
4535 
4536 
4536 
4536 
4538 
4538 
4540 
4540 
4541 
4542 
4542 
4543 
4543 
4543 
4545 
4546 
4546 
4548 
4549 
4549 
4549 
4550 
4552 
4554 
4554 
4556 
4557 
4557 
4559 
4560 
4560 
4561 
4561 
4561 
4561 
4561 
4564 
4566 
4567 
4568 
4570 
4570 
4570 
4571 
4571 
4573 
4573 
4573 
4576 
4577 
4578 
4579 
4581 
4581 
4582 
4583 
4584 
4585 
4585 
4586 
4587 
4588 
4590 
4590 
4591 
4591 
4593 
4594 
4595 
4595 
4601 
4602 
4605 
4607 
4607 
4607 
4607 
4607 
4608 
4610 
4612 
4613 
4613 
4616 
4620 
4620 
4622 
4622 
4623 
4625 
4626 
4627 
4627 
4629 
4630 
4634 
4635 
4635 
4636 
4639 
4639 
4639 
4640 
4641 
4642 
4642 
4643 
4644 
4645 
4648 
4648 
4650 
4650 
4650 
4651 
4653 
4653 
4654 
4654 
4656 
4656 
4658 
4658 
4658 
4658 
4658 
4662 
4662 
4664 
4665 
4667 
4668 
4673 
4674 
4674 
4674 
4677 
4677 
4679 
4680 
4680 
4682 
4682 
4683 
4683 
4684 
4684 
4684 
4685 
4686 
4686 
4686 
4688 
4692 
4693 
4694 
4696 
4699 
4699 
4700 
4703 
4704 
4704 
4704 
4704 
4705 
4706 
4707 
4707 
4709 
4709 
4710 
4710 
4711 
4711 
4712 
4713 
4714 
4715 
4717 
4717 
4718 
4718 
4718 
4719 
4723 
4723 
4725 
4725 
4726 
4728 
4729 
4730 
4730 
4732 
4732 
4733 
4734 
4734 
4735 
4735 
4736 
4738 
4738 
4738 
4738 
4738 
4740 
4742 
4743 
4744 
4747 
4747 
4747 
4748 
4748 
4748 
4749 
4751 
4754 
4755 
4755 
4756 
4756 
4756 
4757 
4758 
4760 
4762 
4763 
4763 
4763 
4764 
4765 
4765 
4765 
4766 
4766 
4766 
4767 
4767 
4768 
4770 
4772 
4772 
4773 
4773 
4775 
4776 
4777 
4777 
4778 
4778 
4778 
4778 
4780 
4780 
4781 
4782 
4782 
4782 
4784 
4786 
4788 
4790 
4792 
4795 
4797 
4798 
4799 
4801 
4801 
4802 
4803 
4804 
4805 
4805 
4806 
4808 
4810 
4810 
4811 
4812 
4813 
4814 
4814 
4815 
4815 
4816 
4816 
4817 
4818 
4819 
4820 
4821 
4822 
4822 
4823 
4823 
4823 
4823 
4825 
4826 
4829 
4829 
4831 
4832 
4833 
4834 
4834 
4834 
4835 
4836 
4836 
4837 
4839 
4839 
4840 
4841 
4842 
4846 
4847 
4849 
4851 
4851 
4853 
4853 
4853 
4853 
4854 
4854 
4855 
4857 
4858 
4859 
4859 
4860 
4860 
4860 
4860 
4862 
4864 
4866 
4866 
4867 
4869 
4869 
4870 
4872 
4872 
4873 
4873 
4873 
4875 
4875 
4877 
4877 
4877 
4878 
4880 
4880 
4882 
4882 
4882 
4883 
4885 
4887 
4887 
4887 
4887 
4888 
4888 
4890 
4890 
4891 
4892 
4892 
4896 
4897 
4897 
4899 
4899 
4899 
4900 
4902 
4903 
4903 
4903 
4904 
4904 
4904 
4905 
4906 
4907 
4907 
4908 
4908 
4909 
4909 
4911 
4912 
4913 
4913 
4917 
4920 
4920 
4921 
4921 
4923 
4923 
4924 
4924 
4925 
4925 
4926 
4926 
4926 
4927 
4927 
4927 
4927 
4930 
4932 
4933 
4936 
4936 
4937 
4939 
4940 
4941 
4942 
4946 
4948 
4949 
4950 
4952 
4954 
4955 
4958 
4959 
4960 
4963 
4963 
4965 
4966 
4966 
4966 
4968 
4968 
4970 
4970 
4971 
4972 
4972 
4973 
4973 
4974 
4975 
4975 
4976 
4976 
4979 
4980 
4980 
4982 
4982 
4984 
4986 
4988 
4989 
4990 
4994 
4995 
4995 
4996 
4997 
4998 
5000 
5002 
5002 
5003 
5004 
5005 
5006 
5009 
5009 
5009 
5013 
5014 
5014 
5016 
5016 
5017 
5023 
5023 
5025 
5026 
5026 
5026 
5028 
5029 
5030 
5030 
5031 
5032 
5032 
5032 
5032 
5033 
5033 
5035 
5035 
5036 
5037 
5037 
5038 
5040 
5041 
5042 
5042 
5043 
5045 
5047 
5049 
5049 
5051 
5052 
5052 
5053 
5055 
5055 
5056 
5057 
5057 
5058 
5059 
5061 
5062 
5063 
5067 
5069 
5069 
5069 
5070 
5071 
5071 
5076 
5076 
5077 
5077 
5078 
5079 
5079 
5080 
5080 
5080 
5085 
5085 
5088 
5088 
5093 
5093 
5094 
5096 
5097 
5098 
5100 
5100 
5103 
5104 
5104 
5105 
5106 
5107 
5107 
5108 
5109 
5109 
5109 
5110 
5111 
5113 
5123 
5124 
5127 
5130 
5130 
5131 
5134 
5135 
5138 
5138 
5139 
5139 
5145 
5145 
5145 
5145 
5146 
5147 
5148 
5149 
5149 
5150 
5150 
5151 
5151 
5152 
5152 
5153 
5154 
5154 
5154 
5154 
5154 
5157 
5158 
5158 
5159 
5162 
5164 
5165 
5165 
5165 
5166 
5167 
5170 
5170 
5171 
5172 
5173 
5173 
5174 
5174 
5174 
5174 
5175 
5178 
5179 
5179 
5179 
5179 
5182 
5183 
5183 
5184 
5184 
5184 
5185 
5186 
5188 
5188 
5189 
5192 
5194 
5195 
5197 
5200 
5203 
5204 
5205 
5206 
5206 
5207 
5209 
5209 
5211 
5212 
5213 
5214 
5214 
5217 
5218 
5219 
5219 
5221 
5223 
5223 
5223 
5226 
5226 
5226 
5227 
5230 
5231 
5232 
5233 
5233 
5234 
5235 
5237 
5237 
5239 
5239 
5240 
5241 
5241 
5242 
5244 
5244 
5244 
5246 
5247 
5248 
5250 
5251 
5255 
5258 
5259 
5259 
5260 
5260 
5261 
5263 
5264 
5266 
5269 
5269 
5272 
5275 
5277 
5277 
5277 
5278 
5280 
5280 
5281 
5282 
5282 
5283 
5285 
5288 
5288 
5289 
5290 
5290 
5291 
5291 
5295 
5296 
5297 
5300 
5300 
5302 
5302 
5302 
5303 
5306 
5307 
5307 
5307 
5310 
5311 
5312 
5312 
5312 
5313 
5313 
5315 
5315 
5316 
5316 
5317 
5317 
5317 
5319 
5319 
5320 
5320 
5321 
5323 
5323 
5324 
5324 
5325 
5325 
5326 
5326 
5326 
5328 
5329 
5329 
5331 
5332 
5333 
5334 
5334 
5335 
5336 
5337 
5339 
5339 
5340 
5342 
5344 
5344 
5344 
5345 
5346 
5346 
5347 
5349 
5349 
5352 
5352 
5357 
5357 
5358 
5358 
5358 
5358 
5359 
5359 
5361 
5366 
5367 
5367 
5368 
5369 
5371 
5371 
5372 
5372 
5373 
5374 
5374 
5374 
5375 
5375 
5377 
5380 
5382 
5382 
5384 
5384 
5385 
5385 
5386 
5387 
5388 
5389 
5390 
5390 
5390 
5392 
5395 
5395 
5395 
5395 
5396 
5397 
5397 
5397 
5399 
5400 
5402 
5403 
5405 
5406 
5406 
5407 
5409 
5409 
5410 
5410 
5413 
5414 
5414 
5415 
5415 
5418 
5418 
5418 
5420 
5420 
5421 
5421 
5421 
5422 
5423 
5424 
5426 
5427 
5428 
5429 
5431 
5431 
5432 
5434 
5434 
5434 
5435 
5438 
5438 
5441 
5442 
5442 
5443 
5445 
5445 
5446 
5449 
5450 
5451 
5451 
5452 
5453 
5453 
5455 
5456 
5456 
5456 
5456 
5456 
5457 
5458 
5460 
5460 
5461 
5461 
5462 
5463 
5464 
5465 
5466 
5467 
5468 
5468 
5469 
5469 
5469 
5470 
5470 
5470 
5471 
5473 
5473 
5474 
5476 
5476 
5478 
5479 
5480 
5481 
5481 
5481 
5482 
5483 
5483 
5484 
5484 
5485 
5487 
5488 
5490 
5495 
5495 
5496 
5497 
5497 
5498 
5498 
5498 
5500 
5501 
5501 
5503 
5505 
5506 
5507 
5510 
5510 
5510 
5511 
5514 
5515 
5516 
5516 
5517 
5517 
5518 
5520 
5521 
5521 
5523 
5523 
5525 
5525 
5525 
5525 
5526 
5527 
5528 
5528 
5528 
5528 
5530 
5531 
5532 
5532 
5533 
5535 
5544 
5545 
5547 
5549 
5551 
5551 
5553 
5553 
5555 
5555 
5556 
5557 
5557 
5558 
5560 
5561 
5563 
5565 
5568 
5568 
5570 
5571 
5573 
5573 
5573 
5574 
5575 
5577 
5577 
5578 
5579 
5582 
5584 
5585 
5586 
5587 
5589 
5590 
5590 
5590 
5591 
5592 
5592 
5592 
5594 
5595 
5595 
5595 
5596 
5596 
5596 
5596 
5596 
5597 
5598 
5599 
5599 
5602 
5603 
5608 
5608 
5610 
5612 
5612 
5612 
5612 
5613 
5614 
5614 
5614 
5615 
5617 
5619 
5620 
5621 
5625 
5625 
5626 
5627 
5628 
5629 
5629 
5630 
5631 
5633 
5633 
5634 
5634 
5634 
5635 
5636 
5638 
5638 
5639 
5639 
5640 
5641 
5642 
5643 
5647 
5647 
5650 
5650 
5650 
5652 
5653 
5655 
5655 
5655 
5656 
5657 
5658 
5658 
5661 
5661 
5662 
5664 
5666 
5667 
5673 
5673 
5674 
5674 
5674 
5674 
5679 
5680 
5683 
5685 
5686 
5687 
5688 
5689 
5689 
5689 
5693 
5696 
5697 
5698 
5699 
5699 
5700 
5702 
5703 
5703 
5705 
5706 
5708 
5709 
5709 
5710 
5711 
5712 
5712 
5712 
5718 
5719 
5720 
5723 
5723 
5725 
5725 
5727 
5728 
5728 
5729 
5729 
5730 
5732 
5734 
5736 
5738 
5741 
5743 
5743 
5745 
5749 
5749 
5754 
5755 
5755 
5757 
5758 
5759 
5763 
5764 
5766 
5768 
5769 
5771 
5771 
5772 
5773 
5775 
5775 
5776 
5776 
5776 
5778 
5779 
5779 
5779 
5783 
5783 
5783 
5784 
5784 
5787 
5787 
5788 
5788 
5789 
5790 
5790 
5790 
5791 
5792 
5793 
5794 
5794 
5795 
5796 
5797 
5800 
5800 
5800 
5801 
5803 
5807 
5807 
5809 
5810 
5810 
5811 
5814 
5814 
5817 
5817 
5818 
5818 
5820 
5820 
5821 
5821 
5825 
5825 
5826 
5826 
5827 
5827 
5827 
5828 
5828 
5831 
5832 
5832 
5835 
5837 
5837 
5838 
5840 
5842 
5844 
5844 
5847 
5848 
5851 
5851 
5851 
5854 
5854 
5858 
5859 
5859 
5861 
5863 
5863 
5864 
5864 
5866 
5866 
5867 
5867 
5872 
5872 
5872 
5872 
5874 
5877 
5880 
5880 
5880 
5881 
5882 
5884 
5884 
5885 
5885 
5886 
5886 
5887 
5887 
5887 
5889 
5890 
5890 
5891 
5891 
5892 
5893 
5893 
5893 
5893 
5896 
5898 
5899 
5899 
5900 
5902 
5902 
5902 
5902 
5903 
5903 
5905 
5908 
5909 
5911 
5912 
5912 
5916 
5916 
5917 
5919 
5921 
5921 
5922 
5923 
5923 
5923 
5923 
5924 
5924 
5926 
5927 
5927 
5928 
5929 
5929 
5931 
5932 
5937 
5940 
5941 
5941 
5942 
5944 
5944 
5945 
5949 
5949 
5949 
5950 
5951 
5952 
5952 
5954 
5956 
5956 
5957 
5958 
5959 
5961 
5961 
5961 
5962 
5962 
5963 
5965 
5967 
5967 
5967 
5969 
5969 
5972 
5973 
5974 
5977 
5978 
5979 
5979 
5979 
5979 
5980 
5981 
5982 
5982 
5983 
5984 
5988 
5990 
5992 
5993 
5993 
5993 
5994 
5994 
5995 
5996 
5997 
5998 
5999 
5999 
6000 
6002 
6002 
6003 
6004 
6005 
6006 
6006 
6007 
6008 
6009 
6009 
6009 
6009 
6010 
6011 
6017 
6018 
6019 
6020 
6020 
6027 
6030 
6031 
6031 
6032 
6033 
6034 
6035 
6036 
6039 
6039 
6040 
6040 
6041 
6043 
6045 
6047 
6047 
6048 
6048 
6048 
6049 
6049 
6051 
6052 
6052 
6052 
6053 
6054 
6054 
6057 
6057 
6058 
6062 
6062 
6063 
6063 
6065 
6065 
6066 
6067 
6067 
6067 
6068 
6068 
6068 
6069 
6072 
6075 
6075 
6075 
6077 
6079 
6080 
6080 
6081 
6081 
6083 
6083 
6084 
6085 
6085 
6087 
6088 
6090 
6092 
6092 
6093 
6094 
6095 
6097 
6098 
6099 
6100 
6101 
6102 
6102 
6103 
6104 
6105 
6105 
6106 
6106 
6106 
6107 
6109 
6109 
6110 
6110 
6110 
6111 
6112 
6113 
6113 
6113 
6114 
6115 
6116 
6117 
6118 
6118 
6119 
6120 
6122 
6122 
6122 
6123 
6124 
6124 
6125 
6126 
6127 
6129 
6129 
6131 
6131 
6133 
6133 
6133 
6134 
6134 
6135 
6139 
6140 
6142 
6143 
6143 
6144 
6145 
6145 
6148 
6148 
6148 
6149 
6151 
6152 
6153 
6153 
6154 
6156 
6156 
6156 
6157 
6157 
6161 
6163 
6165 
6166 
6167 
6167 
6167 
6168 
6169 
6169 
6170 
6172 
6173 
6173 
6173 
6175 
6176 
6178 
6178 
6182 
6183 
6188 
6189 
6190 
6190 
6191 
6191 
6192 
6192 
6193 
6194 
6194 
6197 
6198 
6199 
6199 
6200 
6200 
6201 
6202 
6202 
6202 
6202 
6203 
6204 
6205 
6205 
6206 
6206 
6207 
6208 
6210 
6210 
6211 
6211 
6211 
6212 
6212 
6212 
6213 
6213 
6214 
6218 
6218 
6218 
6219 
6220 
6220 
6221 
6222 
6222 
6223 
6224 
6225 
6225 
6225 
6226 
6232 
6233 
6234 
6235 
6235 
6236 
6237 
6238 
6238 
6240 
6241 
6241 
6242 
6242 
6243 
6243 
6245 
6251 
6252 
6253 
6254 
6254 
6255 
6255 
6255 
6255 
6255 
6256 
6256 
6256 
6257 
6258 
6258 
6259 
6259 
6260 
6260 
6261 
6261 
6264 
6265 
6268 
6269 
6270 
6270 
6270 
6271 
6273 
6273 
6274 
6276 
6276 
6277 
6278 
6279 
6281 
6282 
6283 
6284 
6285 
6285 
6286 
6286 
6287 
6289 
6289 
6291 
6291 
6293 
6293 
6293 
6298 
6299 
6299 
6300 
6301 
6301 
6304 
6305 
6306 
6307 
6308 
6310 
6310 
6312 
6313 
6314 
6314 
6314 
6314 
6317 
6322 
6323 
6325 
6325 
6327 
6327 
6327 
6327 
6328 
6329 
6330 
6330 
6331 
6331 
6336 
6337 
6337 
6337 
6341 
6341 
6341 
6342 
6343 
6344 
6344 
6344 
6346 
6348 
6348 
6349 
6351 
6354 
6354 
6355 
6355 
6356 
6357 
6358 
6359 
6360 
6361 
6361 
6363 
6363 
6363 
6363 
6363 
6364 
6364 
6366 
6367 
6367 
6370 
6370 
6371 
6377 
6378 
6379 
6380 
6381 
6381 
6381 
6382 
6384 
6386 
6387 
6387 
6389 
6389 
6390 
6391 
6392 
6394 
6394 
6396 
6397 
6398 
6398 
6399 
6400 
6400 
6401 
6403 
6404 
6408 
6411 
6411 
6411 
6411 
6413 
6413 
6413 
6415 
6416 
6417 
6417 
6418 
6418 
6419 
6419 
6420 
6420 
6420 
6421 
6421 
6423 
6423 
6426 
6428 
6428 
6429 
6433 
6436 
6436 
6439 
6440 
6441 
6445 
6446 
6447 
6449 
6450 
6450 
6451 
6452 
6452 
6452 
6453 
6453 
6454 
6456 
6456 
6456 
6457 
6460 
6460 
6461 
6461 
6461 
6464 
6467 
6470 
6470 
6471 
6471 
6473 
6473 
6475 
6475 
6476 
6476 
6476 
6476 
6478 
6478 
6479 
6479 
6481 
6481 
6483 
6483 
6483 
6483 
6485 
6485 
6486 
6487 
6488 
6488 
6489 
6490 
6491 
6492 
6495 
6495 
6499 
6499 
6500 
6504 
6506 
6506 
6507 
6507 
6508 
6508 
6509 
6510 
6513 
6513 
6513 
6514 
6515 
6516 
6517 
6518 
6518 
6519 
6520 
6521 
6522 
6522 
6524 
6525 
6525 
6526 
6526 
6527 
6528 
6528 
6528 
6529 
6529 
6530 
6531 
6531 
6532 
6538 
6539 
6539 
6541 
6542 
6544 
6544 
6545 
6546 
6546 
6547 
6548 
6548 
6548 
6549 
6549 
6551 
6551 
6551 
6551 
6552 
6555 
6555 
6557 
6557 
6558 
6558 
6558 
6559 
6560 
6560 
6561 
6561 
6562 
6562 
6563 
6563 
6563 
6564 
6564 
6565 
6565 
6565 
6565 
6568 
6568 
6570 
6571 
6574 
6575 
6575 
6577 
6578 
6579 
6580 
6581 
6583 
6583 
6584 
6585 
6585 
6587 
6587 
6588 
6589 
6589 
6589 
6592 
6593 
6594 
6596 
6596 
6599 
6601 
6602 
6602 
6605 
6605 
6605 
6607 
6607 
6607 
6608 
6609 
6609 
6610 
6610 
6611 
6613 
6613 
6615 
6616 
6616 
6617 
6619 
6619 
6620 
6621 
6622 
6624 
6625 
6625 
6627 
6628 
6628 
6630 
6631 
6631 
6633 
6635 
6635 
6638 
6641 
6643 
6643 
6643 
6645 
6646 
6647 
6648 
6649 
6650 
6653 
6655 
6656 
6657 
6657 
6658 
6659 
6661 
6661 
6663 
6664 
6667 
6668 
6671 
6672 
6673 
6673 
6673 
6674 
6674 
6675 
6675 
6676 
6680 
6680 
6680 
6682 
6682 
6682 
6684 
6685 
6685 
6687 
6687 
6687 
6687 
6688 
6688 
6691 
6692 
6693 
6694 
6694 
6694 
6697 
6698 
6701 
6702 
6702 
6704 
6704 
6705 
6705 
6706 
6708 
6709 
6710 
6712 
6712 
6712 
6713 
6713 
6715 
6715 
6716 
6717 
6718 
6721 
6722 
6724 
6724 
6725 
6726 
6727 
6727 
6730 
6730 
6732 
6733 
6734 
6736 
6737 
6737 
6737 
6738 
6741 
6743 
6743 
6744 
6746 
6749 
6750 
6752 
6753 
6755 
6755 
6755 
6756 
6761 
6761 
6762 
6763 
6765 
6765 
6765 
6766 
6766 
6768 
6769 
6770 
6771 
6771 
6772 
6772 
6773 
6773 
6774 
6774 
6775 
6776 
6780 
6780 
6780 
6783 
6785 
6786 
6786 
6787 
6788 
6790 
6792 
6792 
6792 
6792 
6792 
6793 
6794 
6795 
6796 
6796 
6796 
6797 
6797 
6799 
6800 
6801 
6801 
6802 
6803 
6803 
6805 
6807 
6808 
6808 
6809 
6809 
6811 
6812 
6813 
6814 
6815 
6815 
6815 
6815 
6816 
6818 
6818 
6820 
6821 
6821 
6822 
6825 
6826 
6827 
6828 
6828 
6830 
6832 
6834 
6836 
6837 
6838 
6838 
6839 
6840 
6841 
6842 
6848 
6850 
6854 
6856 
6856 
6857 
6857 
6857 
6857 
6859 
6861 
6861 
6861 
6862 
6862 
6863 
6866 
6866 
6866 
6867 
6867 
6868 
6870 
6871 
6873 
6874 
6874 
6878 
6878 
6879 
6879 
6879 
6880 
6880 
6880 
6883 
6884 
6884 
6884 
6886 
6889 
6889 
6889 
6891 
6891 
6893 
6893 
6894 
6894 
6894 
6895 
6896 
6896 
6897 
6898 
6898 
6898 
6901 
6903 
6903 
6906 
6909 
6909 
6910 
6912 
6913 
6913 
6913 
6913 
6914 
6915 
6915 
6916 
6916 
6916 
6917 
6918 
6918 
6918 
6921 
6921 
6923 
6924 
6924 
6925 
6925 
6926 
6927 
6927 
6930 
6935 
6936 
6937 
6937 
6938 
6941 
6941 
6942 
6943 
6946 
6947 
6949 
6949 
6950 
6950 
6950 
6950 
6954 
6955 
6955 
6956 
6957 
6957 
6958 
6959 
6961 
6963 
6963 
6963 
6965 
6965 
6966 
6966 
6966 
6968 
6968 
6969 
6970 
6971 
6971 
6971 
6972 
6973 
6974 
6974 
6977 
6978 
6980 
6981 
6982 
6983 
6983 
6984 
6984 
6985 
6987 
6987 
6988 
6988 
6989 
6989 
6993 
6994 
6996 
6999 
6999 
6999 
7000 
7000 
7001 
7003 
7005 
7006 
7007 
7008 
7008 
7011 
7013 
7015 
7015 
7016 
7017 
7017 
7017 
7021 
7022 
7025 
7026 
7027 
7029 
7030 
7030 
7032 
7032 
7033 
7033 
7034 
7034 
7034 
7035 
7035 
7036 
7037 
7037 
7038 
7040 
7040 
7040 
7041 
7043 
7047 
7047 
7048 
7051 
7052 
7054 
7054 
7055 
7055 
7056 
7057 
7058 
7058 
7059 
7061 
7062 
7062 
7064 
7064 
7064 
7064 
7065 
7065 
7066 
7067 
7067 
7067 
7067 
7068 
7069 
7070 
7078 
7080 
7080 
7082 
7083 
7083 
7084 
7086 
7086 
7086 
7087 
7087 
7087 
7088 
7088 
7090 
7090 
7092 
7092 
7094 
7094 
7095 
7096 
7098 
7098 
7099 
7099 
7100 
7100 
7101 
7102 
7107 
7107 
7108 
7110 
7111 
7111 
7111 
7116 
7117 
7117 
7118 
7118 
7119 
7120 
7120 
7120 
7121 
7122 
7122 
7123 
7125 
7125 
7126 
7128 
7129 
7131 
7131 
7132 
7132 
7133 
7133 
7133 
7134 
7136 
7137 
7141 
7142 
7142 
7143 
7145 
7145 
7147 
7148 
7149 
7150 
7152 
7153 
7154 
7155 
7157 
7158 
7162 
7164 
7165 
7166 
7166 
7167 
7170 
7171 
7172 
7174 
7175 
7176 
7176 
7177 
7177 
7178 
7178 
7179 
7179 
7180 
7180 
7181 
7181 
7183 
7183 
7185 
7186 
7186 
7187 
7188 
7189 
7191 
7192 
7193 
7193 
7195 
7195 
7196 
7197 
7197 
7199 
7200 
7201 
7203 
7204 
7205 
7205 
7206 
7208 
7208 
7208 
7210 
7210 
7211 
7214 
7219 
7219 
7220 
7220 
7221 
7225 
7227 
7228 
7229 
7230 
7230 
7230 
7230 
7231 
7232 
7232 
7233 
7234 
7234 
7235 
7236 
7237 
7237 
7238 
7239 
7241 
7242 
7242 
7243 
7245 
7246 
7248 
7249 
7250 
7252 
7252 
7253 
7253 
7254 
7254 
7254 
7256 
7256 
7257 
7261 
7262 
7262 
7267 
7267 
7267 
7269 
7270 
7270 
7270 
7270 
7271 
7272 
7272 
7273 
7275 
7275 
7276 
7276 
7277 
7280 
7280 
7281 
7281 
7282 
7282 
7284 
7285 
7286 
7290 
7291 
7292 
7293 
7293 
7294 
7296 
7297 
7297 
7299 
7299 
7301 
7301 
7302 
7304 
7305 
7306 
7307 
7308 
7308 
7309 
7312 
7313 
7313 
7313 
7314 
7315 
7315 
7315 
7316 
7318 
7319 
7319 
7320 
7321 
7324 
7326 
7326 
7326 
7327 
7328 
7328 
7329 
7331 
7333 
7333 
7334 
7336 
7337 
7340 
7340 
7341 
7343 
7343 
7343 
7344 
7346 
7346 
7346 
7350 
7350 
7352 
7353 
7354 
7354 
7354 
7355 
7356 
7357 
7357 
7357 
7357 
7360 
7361 
7364 
7364 
7365 
7366 
7370 
7371 
7372 
7373 
7373 
7375 
7376 
7379 
7379 
7379 
7380 
7381 
7381 
7382 
7383 
7384 
7385 
7390 
7393 
7394 
7396 
7396 
7397 
7397 
7398 
7398 
7399 
7402 
7405 
7406 
7406 
7407 
7409 
7411 
7414 
7414 
7415 
7418 
7419 
7420 
7421 
7423 
7424 
7425 
7425 
7425 
7425 
7427 
7428 
7430 
7430 
7431 
7431 
7432 
7432 
7432 
7434 
7435 
7435 
7436 
7437 
7438 
7439 
7440 
7442 
7443 
7447 
7447 
7447 
7448 
7450 
7451 
7451 
7451 
7453 
7453 
7455 
7455 
7456 
7457 
7460 
7461 
7461 
7461 
7461 
7461 
7462 
7462 
7463 
7463 
7464 
7465 
7466 
7466 
7468 
7470 
7473 
7473 
7474 
7474 
7477 
7479 
7480 
7482 
7483 
7483 
7484 
7485 
7486 
7487 
7488 
7488 
7488 
7491 
7491 
7492 
7495 
7499 
7499 
7500 
7501 
7501 
7501 
7501 
7503 
7503 
7504 
7504 
7505 
7507 
7507 
7508 
7512 
7513 
7513 
7518 
7521 
7523 
7525 
7525 
7527 
7527 
7528 
7528 
7529 
7529 
7529 
7530 
7530 
7530 
7531 
7531 
7531 
7534 
7535 
7536 
7538 
7538 
7539 
7541 
7542 
7542 
7543 
7544 
7545 
7545 
7546 
7548 
7548 
7549 
7551 
7552 
7553 
7555 
7556 
7557 
7560 
7561 
7561 
7561 
7562 
7563 
7564 
7564 
7566 
7566 
7569 
7569 
7569 
7569 
7570 
7572 
7573 
7573 
7573 
7574 
7574 
7575 
7575 
7576 
7576 
7577 
7578 
7578 
7578 
7578 
7581 
7581 
7581 
7582 
7584 
7585 
7585 
7586 
7586 
7587 
7587 
7589 
7589 
7591 
7592 
7593 
7593 
7593 
7593 
7593 
7594 
7598 
7598 
7599 
7599 
7600 
7600 
7601 
7604 
7604 
7611 
7611 
7612 
7612 
7613 
7613 
7614 
7615 
7617 
7619 
7619 
7619 
7619 
7619 
7620 
7621 
7622 
7623 
7625 
7625 
7628 
7628 
7628 
7628 
7629 
7630 
7630 
7632 
7633 
7633 
7634 
7635 
7636 
7636 
7636 
7636 
7637 
7638 
7639 
7640 
7646 
7646 
7647 
7647 
7649 
7650 
7650 
7651 
7653 
7656 
7657 
7657 
7657 
7659 
7660 
7661 
7661 
7662 
7663 
7663 
7664 
7666 
7666 
7666 
7667 
7667 
7667 
7668 
7668 
7668 
7670 
7670 
7671 
7671 
7672 
7672 
7673 
7673 
7673 
7675 
7675 
7675 
7676 
7676 
7677 
7678 
7680 
7680 
7681 
7681 
7684 
7684 
7684 
7685 
7686 
7687 
7689 
7689 
7692 
7692 
7695 
7695 
7695 
7697 
7697 
7697 
7700 
7701 
7702 
7702 
7703 
7703 
7704 
7704 
7705 
7706 
7708 
7711 
7712 
7712 
7713 
7713 
7714 
7714 
7714 
7716 
7716 
7716 
7718 
7719 
7721 
7722 
7723 
7724 
7724 
7725 
7726 
7726 
7726 
7728 
7728 
7729 
7730 
7731 
7731 
7731 
7734 
7734 
7735 
7735 
7735 
7736 
7736 
7738 
7740 
7740 
7741 
7742 
7743 
7744 
7745 
7746 
7747 
7747 
7747 
7750 
7752 
7753 
7753 
7754 
7755 
7757 
7758 
7758 
7759 
7760 
7761 
7762 
7764 
7766 
7767 
7768 
7771 
7772 
7773 
7774 
7774 
7776 
7776 
7778 
7781 
7782 
7783 
7784 
7784 
7785 
7786 
7788 
7790 
7790 
7792 
7792 
7792 
7793 
7793 
7794 
7795 
7795 
7797 
7797 
7797 
7798 
7798 
7799 
7799 
7800 
7800 
7801 
7801 
7802 
7803 
7804 
7804 
7805 
7805 
7806 
7807 
7808 
7811 
7811 
7814 
7814 
7815 
7816 
7816 
7816 
7818 
7819 
7819 
7821 
7821 
7823 
7824 
7824 
7824 
7825 
7825 
7827 
7828 
7830 
7830 
7832 
7833 
7833 
7834 
7836 
7837 
7838 
7839 
7839 
7840 
7840 
7841 
7841 
7843 
7844 
7845 
7845 
7845 
7845 
7846 
7848 
7850 
7851 
7851 
7852 
7853 
7856 
7856 
7858 
7859 
7860 
7860 
7861 
7862 
7863 
7863 
7864 
7865 
7865 
7865 
7866 
7868 
7868 
7868 
7870 
7872 
7872 
7874 
7875 
7875 
7875 
7876 
7876 
7877 
7877 
7878 
7879 
7879 
7880 
7881 
7881 
7881 
7882 
7883 
7884 
7884 
7884 
7885 
7891 
7891 
7891 
7892 
7892 
7893 
7893 
7895 
7895 
7898 
7898 
7899 
7899 
7899 
7901 
7901 
7902 
7902 
7906 
7910 
7911 
7911 
7912 
7913 
7913 
7914 
7914 
7915 
7915 
7916 
7917 
7917 
7919 
7920 
7921 
7922 
7922 
7923 
7925 
7925 
7925 
7926 
7928 
7928 
7933 
7933 
7934 
7935 
7935 
7935 
7936 
7940 
7940 
7942 
7942 
7944 
7944 
7946 
7946 
7947 
7948 
7949 
7950 
7950 
7951 
7952 
7953 
7953 
7954 
7955 
7955 
7955 
7956 
7957 
7957 
7957 
7957 
7959 
7959 
7960 
7961 
7961 
7961 
7962 
7963 
7965 
7965 
7965 
7966 
7967 
7967 
7970 
7972 
7972 
7973 
7973 
7973 
7974 
7978 
7978 
7979 
7981 
7981 
7982 
7982 
7985 
7985 
7985 
7985 
7986 
7987 
7987 
7987 
7987 
7988 
7989 
7989 
7989 
7994 
7995 
7996 
7999 
8001 
8001 
8001 
8002 
8003 
8004 
8004 
8007 
8008 
8008 
8009 
8010 
8011 
8012 
8014 
8014 
8017 
8024 
8025 
8025 
8026 
8026 
8028 
8028 
8031 
8031 
8032 
8034 
8039 
8039 
8039 
8040 
8041 
8041 
8041 
8042 
8043 
8046 
8046 
8046 
8048 
8048 
8050 
8050 
8050 
8051 
8051 
8053 
8055 
8056 
8058 
8058 
8059 
8060 
8061 
8061 
8062 
8063 
8064 
8068 
8069 
8070 
8073 
8073 
8074 
8074 
8074 
8075 
8076 
8078 
8081 
8081 
8081 
8082 
8082 
8083 
8084 
8087 
8087 
8090 
8091 
8092 
8092 
8096 
8099 
8100 
8100 
8101 
8101 
8102 
8102 
8102 
8103 
8103 
8104 
8106 
8106 
8106 
8106 
8108 
8109 
8109 
8111 
8113 
8114 
8115 
8118 
8118 
8121 
8121 
8122 
8122 
8124 
8126 
8127 
8130 
8130 
8131 
8132 
8133 
8135 
8136 
8136 
8139 
8140 
8141 
8142 
8142 
8143 
8144 
8144 
8146 
8146 
8146 
8150 
8150 
8150 
8153 
8153 
8153 
8153 
8154 
8154 
8154 
8155 
8155 
8155 
8156 
8158 
8158 
8160 
8160 
8161 
8161 
8161 
8161 
8162 
8163 
8163 
8165 
8166 
8166 
8167 
8167 
8168 
8169 
8169 
8169 
8171 
8172 
8172 
8173 
8173 
8175 
8177 
8179 
8179 
8179 
8181 
8181 
8183 
8183 
8183 
8183 
8184 
8184 
8184 
8189 
8191 
8191 
8192 
8192 
8193 
8193 
8193 
8194 
8197 
8199 
8199 
8200 
8200 
8201 
8201 
8203 
8204 
8205 
8207 
8207 
8208 
8208 
8208 
8208 
8208 
8209 
8210 
8210 
8212 
8212 
8214 
8216 
8218 
8219 
8220 
8221 
8221 
8222 
8222 
8225 
8225 
8226 
8227 
8228 
8230 
8230 
8230 
8231 
8231 
8232 
8232 
8233 
8234 
8235 
8235 
8237 
8238 
8240 
8240 
8241 
8242 
8242 
8243 
8243 
8243 
8244 
8244 
8245 
8246 
8247 
8248 
8250 
8250 
8250 
8250 
8253 
8256 
8258 
8259 
8262 
8262 
8263 
8268 
8268 
8268 
8272 
8272 
8272 
8275 
8276 
8277 
8278 
8278 
8278 
8279 
8279 
8279 
8279 
8282 
8282 
8283 
8285 
8286 
8287 
8288 
8290 
8291 
8292 
8292 
8293 
8296 
8296 
8297 
8301 
8302 
8302 
8304 
8306 
8307 
8307 
8309 
8310 
8311 
8311 
8312 
8312 
8313 
8313 
8314 
8315 
8315 
8316 
8316 
8319 
8320 
8321 
8322 
8323 
8324 
8324 
8324 
8324 
8327 
8329 
8330 
8330 
8332 
8332 
8332 
8336 
8338 
8339 
8339 
8340 
8341 
8342 
8342 
8343 
8345 
8345 
8347 
8348 
8348 
8349 
8349 
8353 
8353 
8354 
8355 
8357 
8357 
8358 
8361 
8361 
8361 
8362 
8363 
8364 
8364 
8365 
8365 
8365 
8365 
8366 
8366 
8367 
8368 
8368 
8369 
8371 
8373 
8375 
8376 
8376 
8378 
8380 
8380 
8381 
8381 
8381 
8383 
8384 
8387 
8387 
8388 
8389 
8393 
8394 
8399 
8399 
8400 
8401 
8403 
8404 
8405 
8406 
8408 
8409 
8409 
8411 
8412 
8413 
8414 
8417 
8417 
8418 
8418 
8419 
8419 
8419 
8420 
8422 
8426 
8426 
8427 
8431 
8432 
8432 
8432 
8434 
8435 
8436 
8437 
8438 
8440 
8441 
8442 
8443 
8443 
8443 
8444 
8444 
8445 
8445 
8446 
8447 
8448 
8448 
8448 
8449 
8450 
8450 
8450 
8451 
8451 
8452 
8455 
8455 
8455 
8457 
8460 
8462 
8463 
8465 
8468 
8468 
8468 
8471 
8471 
8473 
8473 
8474 
8475 
8479 
8481 
8482 
8483 
8484 
8485 
8486 
8487 
8487 
8489 
8489 
8490 
8490 
8490 
8491 
8491 
8492 
8492 
8496 
8496 
8497 
8497 
8498 
8502 
8505 
8506 
8507 
8509 
8513 
8514 
8517 
8517 
8518 
8520 
8520 
8522 
8522 
8522 
8524 
8526 
8529 
8529 
8529 
8530 
8530 
8531 
8533 
8535 
8535 
8537 
8539 
8539 
8539 
8541 
8544 
8546 
8546 
8548 
8549 
8550 
8552 
8552 
8556 
8561 
8562 
8565 
8568 
8570 
8570 
8572 
8572 
8572 
8573 
8574 
8575 
8576 
8576 
8577 
8578 
8580 
8580 
8580 
8583 
8585 
8587 
8588 
8588 
8588 
8589 
8589 
8589 
8592 
8592 
8592 
8595 
8596 
8600 
8601 
8601 
8601 
8604 
8604 
8605 
8605 
8605 
8608 
8609 
8610 
8610 
8611 
8612 
8617 
8618 
8619 
8620 
8621 
8621 
8621 
8622 
8622 
8623 
8624 
8624 
8625 
8625 
8625 
8626 
8627 
8627 
8631 
8631 
8631 
8631 
8633 
8634 
8634 
8634 
8635 
8636 
8637 
8638 
8640 
8641 
8641 
8642 
8642 
8644 
8644 
8648 
8649 
8650 
8653 
8655 
8657 
8658 
8658 
8659 
8660 
8661 
8664 
8664 
8669 
8670 
8670 
8671 
8671 
8672 
8673 
8674 
8674 
8675 
8675 
8676 
8678 
8678 
8678 
8679 
8679 
8680 
8680 
8680 
8681 
8684 
8686 
8686 
8687 
8688 
8689 
8691 
8692 
8693 
8695 
8696 
8697 
8699 
8700 
8701 
8702 
8702 
8705 
8705 
8706 
8708 
8708 
8710 
8711 
8712 
8713 
8715 
8715 
8716 
8716 
8716 
8717 
8717 
8718 
8719 
8719 
8721 
8721 
8722 
8724 
8728 
8728 
8729 
8729 
8730 
8732 
8732 
8732 
8733 
8733 
8734 
8734 
8738 
8738 
8742 
8743 
8743 
8743 
8744 
8745 
8746 
8749 
8749 
8752 
8753 
8753 
8755 
8757 
8759 
8759 
8760 
8761 
8761 
8761 
8761 
8765 
8765 
8765 
8765 
8767 
8768 
8768 
8769 
8771 
8772 
8772 
8773 
8774 
8774 
8776 
8779 
8780 
8780 
8782 
8784 
8784 
8786 
8786 
8787 
8788 
8789 
8789 
8790 
8790 
8791 
8793 
8794 
8795 
8796 
8796 
8797 
8797 
8799 
8799 
8800 
8801 
8802 
8803 
8806 
8809 
8809 
8810 
8810 
8810 
8811 
8811 
8813 
8814 
8814 
8815 
8815 
8817 
8819 
8822 
8822 
8824 
8825 
8826 
8828 
8832 
8834 
8834 
8835 
8835 
8835 
8835 
8836 
8836 
8837 
8838 
8841 
8844 
8844 
8844 
8845 
8845 
8845 
8849 
8850 
8850 
8850 
8850 
8851 
8852 
8852 
8852 
8853 
8854 
8858 
8859 
8860 
8861 
8862 
8862 
8864 
8868 
8868 
8872 
8873 
8874 
8875 
8875 
8875 
8876 
8878 
8878 
8878 
8879 
8879 
8879 
8883 
8884 
8884 
8885 
8885 
8885 
8888 
8888 
8888 
8890 
8891 
8892 
8892 
8893 
8893 
8893 
8894 
8894 
8895 
8896 
8896 
8898 
8900 
8902 
8903 
8904 
8904 
8905 
8905 
8908 
8909 
8911 
8913 
8913 
8914 
8914 
8914 
8915 
8915 
8917 
8918 
8920 
8920 
8921 
8923 
8923 
8924 
8925 
8926 
8926 
8929 
8930 
8930 
8935 
8936 
8937 
8937 
8943 
8946 
8947 
8947 
8948 
8950 
8952 
8952 
8952 
8955 
8959 
8960 
8960 
8960 
8962 
8963 
8963 
8964 
8964 
8964 
8964 
8965 
8965 
8965 
8965 
8966 
8967 
8968 
8969 
8972 
8972 
8974 
8977 
8977 
8977 
8980 
8980 
8981 
8981 
8981 
8984 
8984 
8985 
8987 
8988 
8988 
8989 
8990 
8991 
8994 
8997 
8999 
9000 
9000 
9002 
9003 
9005 
9007 
9008 
9009 
9009 
9010 
9013 
9013 
9016 
9016 
9017 
9018 
9018 
9019 
9020 
9021 
9022 
9024 
9025 
9026 
9027 
9027 
9029 
9030 
9030 
9032 
9034 
9034 
9035 
9036 
9039 
9042 
9042 
9043 
9043 
9045 
9045 
9046 
9047 
9048 
9049 
9051 
9051 
9051 
9051 
9052 
9053 
9055 
9055 
9055 
9057 
9059 
9060 
9061 
9061 
9062 
9063 
9064 
9065 
9065 
9067 
9069 
9070 
9072 
9076 
9076 
9078 
9078 
9079 
9082 
9084 
9085 
9086 
9086 
9087 
9087 
9090 
9092 
9093 
9095 
9095 
9095 
9096 
9097 
9098 
9098 
9099 
9099 
9099 
9100 
9100 
9101 
9101 
9104 
9104 
9106 
9106 
9106 
9107 
9107 
9107 
9107 
9108 
9109 
9109 
9109 
9109 
9111 
9112 
9112 
9114 
9114 
9115 
9115 
9116 
9116 
9116 
9116 
9117 
9118 
9120 
9120 
9121 
9122 
9125 
9126 
9128 
9129 
9129 
9129 
9130 
9130 
9132 
9132 
9133 
9133 
9134 
9134 
9136 
9136 
9136 
9137 
9137 
9138 
9138 
9140 
9140 
9140 
9141 
9144 
9147 
9148 
9148 
9149 
9149 
9150 
9150 
9150 
9150 
9150 
9152 
9152 
9154 
9154 
9156 
9156 
9160 
9160 
9160 
9160 
9161 
9161 
9166 
9166 
9166 
9167 
9168 
9168 
9168 
9168 
9172 
9175 
9176 
9176 
9178 
9179 
9179 
9180 
9180 
9180 
9181 
9181 
9182 
9182 
9183 
9185 
9185 
9185 
9186 
9186 
9187 
9187 
9187 
9190 
9191 
9191 
9191 
9193 
9194 
9194 
9195 
9196 
9196 
9197 
9198 
9199 
9199 
9199 
9199 
9200 
9201 
9201 
9204 
9204 
9204 
9205 
9205 
9205 
9206 
9209 
9212 
9212 
9212 
9212 
9212 
9213 
9215 
9215 
9216 
9217 
9218 
9218 
9219 
9221 
9222 
9223 
9224 
9226 
9227 
9229 
9231 
9232 
9232 
9235 
9236 
9237 
9237 
9237 
9238 
9238 
9239 
9241 
9241 
9241 
9243 
9243 
9244 
9245 
9246 
9246 
9246 
9249 
9250 
9252 
9252 
9252 
9255 
9255 
9255 
9256 
9256 
9258 
9259 
9260 
9260 
9260 
9260 
9262 
9263 
9266 
9266 
9266 
9267 
9267 
9268 
9269 
9270 
9270 
9272 
9274 
9278 
9278 
9279 
9281 
9281 
9283 
9284 
9286 
9286 
9286 
9286 
9287 
9291 
9291 
9292 
9293 
9294 
9296 
9297 
9299 
9300 
9300 
9300 
9300 
9302 
9303 
9306 
9307 
9307 
9308 
9310 
9311 
9311 
9311 
9312 
9312 
9313 
9313 
9313 
9313 
9314 
9315 
9315 
9315 
9316 
9317 
9319 
9322 
9323 
9323 
9323 
9324 
9326 
9328 
9328 
9329 
9330 
9330 
9330 
9331 
9333 
9333 
9333 
9333 
9334 
9336 
9337 
9337 
9337 
9337 
9337 
9339 
9340 
9341 
9341 
9344 
9345 
9345 
9345 
9346 
9347 
9347 
9348 
9348 
9349 
9354 
9356 
9356 
9356 
9357 
9357 
9361 
9361 
9362 
9363 
9364 
9365 
9365 
9366 
9366 
9367 
9367 
9368 
9368 
9369 
9369 
9370 
9373 
9373 
9373 
9373 
9374 
9376 
9378 
9379 
9381 
9381 
9386 
9386 
9386 
9387 
9389 
9389 
9389 
9390 
9391 
9392 
9393 
9393 
9393 
9394 
9396 
9396 
9397 
9397 
9398 
9398 
9401 
9401 
9402 
9402 
9403 
9404 
9405 
9405 
9406 
9407 
9408 
9409 
9410 
9412 
9412 
9412 
9412 
9413 
9414 
9415 
9415 
9415 
9417 
9418 
9418 
9418 
9419 
9419 
9420 
9420 
9420 
9421 
9421 
9421 
9421 
9424 
9425 
9426 
9428 
9429 
9429 
9430 
9430 
9430 
9431 
9431 
9432 
9433 
9433 
9433 
9434 
9435 
9435 
9436 
9437 
9438 
9438 
9440 
9440 
9441 
9442 
9442 
9442 
9444 
9444 
9447 
9449 
9449 
9450 
9451 
9452 
9454 
9456 
9456 
9457 
9458 
9459 
9459 
9460 
9460 
9460 
9461 
9461 
9461 
9462 
9462 
9463 
9465 
9467 
9469 
9469 
9472 
9474 
9474 
9474 
9474 
9476 
9477 
9477 
9479 
9480 
9480 
9481 
9482 
9484 
9485 
9486 
9486 
9487 
9487 
9488 
9489 
9489 
9490 
9495 
9495 
9495 
9496 
9497 
9497 
9501 
9504 
9505 
9506 
9507 
9507 
9510 
9512 
9512 
9514 
9514 
9515 
9516 
9517 
9518 
9519 
9519 
9519 
9519 
9520 
9520 
9522 
9524 
9524 
9525 
9525 
9525 
9526 
9526 
9526 
9528 
9529 
9531 
9534 
9536 
9537 
9538 
9540 
9541 
9542 
9542 
9545 
9549 
9550 
9550 
9550 
9551 
9551 
9553 
9554 
9555 
9556 
9557 
9559 
9559 
9559 
9560 
9560 
9560 
9560 
9562 
9562 
9563 
9564 
9564 
9564 
9565 
9566 
9569 
9569 
9573 
9573 
9573 
9574 
9574 
9575 
9575 
9575 
9576 
9576 
9577 
9578 
9578 
9579 
9581 
9581 
9581 
9584 
9584 
9584 
9588 
9589 
9590 
9591 
9592 
9592 
9592 
9592 
9593 
9595 
9595 
9596 
9596 
9597 
9599 
9600 
9601 
9602 
9602 
9603 
9605 
9606 
9606 
9606 
9607 
9608 
9609 
9609 
9610 
9611 
9612 
9612 
9613 
9614 
9614 
9615 
9616 
9617 
9618 
9619 
9622 
9622 
9623 
9625 
9627 
9628 
9630 
9630 
9631 
9632 
9633 
9633 
9634 
9636 
9636 
9637 
9637 
9640 
9640 
9640 
9641 
9642 
9642 
9643 
9643 
9643 
9645 
9646 
9646 
9648 
9648 
9649 
9652 
9653 
9653 
9655 
9655 
9655 
9656 
9656 
9657 
9657 
9658 
9660 
9661 
9663 
9664 
9665 
9666 
9668 
9669 
9669 
9670 
9670 
9670 
9671 
9671 
9672 
9672 
9672 
9674 
9675 
9677 
9677 
9678 
9678 
9679 
9680 
9682 
9683 
9683 
9684 
9684 
9685 
9687 
9690 
9690 
9690 
9690 
9690 
9691 
9692 
9692 
9693 
9694 
9694 
9694 
9695 
9696 
9697 
9698 
9698 
9698 
9698 
9698 
9699 
9699 
9699 
9700 
9700 
9701 
9702 
9706 
9707 
9707 
9707 
9709 
9710 
9710 
9713 
9713 
9714 
9718 
9720 
9721 
9722 
9724 
9724 
9725 
9726 
9726 
9728 
9728 
9729 
9732 
9732 
9733 
9735 
9735 
9736 
9737 
9738 
9740 
9740 
9741 
9741 
9741 
9744 
9744 
9744 
9745 
9745 
9746 
9746 
9748 
9748 
9753 
9753 
9754 
9754 
9755 
9757 
9757 
9758 
9758 
9759 
9760 
9761 
9762 
9763 
9763 
9764 
9764 
9768 
9769 
9769 
9771 
9771 
9771 
9773 
9773 
9774 
9775 
9776 
9776 
9777 
9777 
9778 
9779 
9784 
9784 
9786 
9788 
9792 
9793 
9794 
9795 
9795 
9796 
9798 
9798 
9798 
9798 
9799 
9801 
9802 
9803 
9803 
9804 
9806 
9806 
9807 
9807 
9809 
9810 
9810 
9810 
9811 
9811 
9812 
9813 
9814 
9816 
9817 
9819 
9820 
9820 
9820 
9821 
9821 
9821 
9821 
9822 
9825 
9827 
9827 
9827 
9828 
9828 
9829 
9829 
9832 
9832 
9833 
9837 
9838 
9838 
9841 
9845 
9845 
9845 
9846 
9849 
9850 
9855 
9855 
9857 
9857 
9858 
9860 
9860 
9862 
9862 
9863 
9864 
9864 
9866 
9866 
9867 
9868 
9868 
9871 
9871 
9872 
9873 
9873 
9876 
9879 
9880 
9880 
9884 
9887 
9888 
9888 
9889 
9890 
9890 
9890 
9890 
9891 
9893 
9894 
9897 
9897 
9901 
9902 
9903 
9904 
9904 
9905 
9905 
9905 
9909 
9909 
9911 
9912 
9915 
9915 
9916 
9916 
9917 
9917 
9919 
9922 
9922 
9922 
9925 
9926 
9926 
9927 
9928 
9931 
9932 
9933 
9938 
9939 
9941 
9941 
9941 
9942 
9943 
9943 
9944 
9944 
9945 
9946 
9946 
9947 
9948 
9949 
9949 
9950 
9950 
9950 
9950 
9951 
9952 
9952 
9954 
9954 
9956 
9957 
9958 
9959 
9960 
9962 
9964 
9965 
9967 
9967 
9968 
9968 
9970 
9971 
9975 
9975 
9976 
9977 
9978 
9979 
9981 
9981 
9986 
9987 
9989 
9992 
9994 
9995 
9995 
9997 
9997 
9997 
9998 
