10000
0 
0 
0 
1 
2 
4 
8 
8 
9 
10 
10 
11 
12 
15 
16 
17 
18 
18 
19 
19 
20 
20 
23 
23 
24 
26 
26 
27 
30 
30 
34 
36 
40 
40 
41 
41 
42 
42 
43 
44 
45 
45 
46 
46 
46 
47 
49 
50 
50 
51 
52 
52 
53 
53 
59 
60 
62 
62 
64 
65 
65 
66 
66 
67 
73 
73 
73 
74 
74 
74 
74 
75 
76 
78 
81 
82 
83 
85 
88 
91 
91 
91 
91 
93 
94 
94 
95 
96 
96 
96 
96 
97 
97 
99 
99 
101 
102 
102 
103 
103 
103 
106 
110 
110 
110 
112 
113 
114 
114 
115 
115 
116 
117 
118 
119 
120 
120 
123 
124 
124 
125 
125 
128 
129 
130 
131 
134 
136 
136 
137 
137 
139 
140 
141 
142 
143 
143 
143 
144 
145 
146 
147 
147 
148 
150 
150 
151 
153 
153 
154 
154 
155 
155 
155 
156 
157 
157 
158 
159 
161 
161 
161 
163 
163 
163 
164 
168 
168 
168 
170 
172 
174 
174 
175 
175 
177 
177 
178 
178 
180 
182 
182 
184 
185 
185 
185 
185 
185 
185 
185 
187 
187 
188 
191 
192 
193 
195 
197 
198 
198 
199 
199 
199 
199 
202 
203 
204 
206 
207 
209 
210 
210 
211 
213 
216 
217 
218 
219 
219 
219 
220 
223 
224 
224 
227 
228 
228 
228 
229 
229 
229 
231 
232 
233 
234 
236 
236 
238 
239 
240 
240 
241 
244 
245 
245 
246 
247 
248 
250 
252 
253 
253 
253 
253 
254 
255 
255 
256 
257 
257 
258 
259 
262 
262 
263 
263 
263 
264 
266 
267 
268 
269 
269 
273 
276 
276 
277 
278 
278 
280 
284 
285 
287 
288 
289 
291 
291 
291 
292 
294 
295 
295 
296 
296 
296 
298 
301 
301 
302 
303 
303 
303 
306 
306 
307 
307 
307 
307 
307 
308 
309 
309 
309 
310 
311 
311 
312 
313 
314 
315 
315 
316 
317 
317 
320 
320 
320 
320 
321 
323 
324 
327 
328 
328 
328 
328 
328 
329 
330 
331 
331 
331 
332 
332 
333 
333 
334 
334 
334 
336 
340 
340 
340 
341 
341 
342 
342 
343 
345 
345 
347 
348 
352 
352 
352 
352 
354 
355 
356 
357 
357 
360 
362 
362 
363 
363 
366 
367 
367 
367 
369 
371 
372 
374 
374 
375 
375 
379 
380 
384 
385 
386 
386 
390 
390 
392 
395 
395 
397 
399 
400 
400 
402 
403 
404 
405 
407 
407 
407 
409 
409 
411 
412 
413 
415 
415 
416 
417 
417 
417 
418 
418 
418 
419 
419 
423 
423 
428 
429 
430 
432 
433 
433 
433 
433 
435 
440 
440 
440 
441 
441 
442 
444 
448 
448 
449 
449 
450 
451 
452 
453 
454 
455 
455 
456 
457 
457 
458 
459 
460 
461 
461 
461 
463 
466 
469 
469 
470 
472 
472 
472 
472 
473 
473 
475 
475 
476 
477 
477 
484 
487 
489 
490 
492 
494 
495 
495 
496 
496 
496 
497 
498 
501 
501 
501 
502 
502 
504 
504 
504 
504 
505 
505 
506 
509 
509 
510 
510 
511 
511 
512 
513 
513 
514 
514 
515 
517 
520 
521 
521 
522 
525 
526 
526 
527 
530 
530 
530 
530 
530 
531 
531 
532 
533 
535 
535 
535 
535 
536 
537 
538 
538 
538 
538 
540 
541 
541 
541 
543 
544 
545 
545 
546 
546 
547 
547 
548 
549 
550 
550 
550 
551 
551 
553 
554 
555 
557 
561 
561 
562 
564 
564 
566 
567 
568 
568 
568 
569 
569 
570 
571 
571 
572 
573 
574 
574 
574 
574 
575 
576 
577 
577 
578 
580 
582 
583 
586 
586 
587 
587 
588 
589 
590 
592 
592 
593 
594 
594 
595 
599 
599 
601 
601 
605 
605 
605 
606 
606 
608 
609 
610 
610 
611 
612 
613 
615 
618 
620 
621 
624 
624 
625 
625 
626 
626 
629 
632 
632 
632 
632 
633 
633 
635 
642 
642 
643 
643 
643 
644 
644 
646 
648 
649 
649 
651 
652 
653 
656 
657 
658 
658 
659 
660 
661 
661 
662 
663 
663 
663 
665 
666 
666 
666 
669 
670 
673 
674 
674 
675 
676 
677 
677 
678 
678 
678 
679 
679 
680 
680 
680 
682 
682 
684 
684 
688 
689 
691 
691 
692 
692 
693 
694 
695 
695 
695 
696 
696 
697 
699 
700 
700 
700 
701 
705 
708 
709 
710 
710 
712 
712 
713 
714 
714 
715 
724 
724 
724 
727 
728 
729 
729 
729 
731 
735 
736 
736 
737 
737 
738 
738 
741 
741 
741 
742 
742 
744 
745 
745 
746 
748 
748 
748 
750 
753 
755 
756 
760 
761 
763 
764 
770 
771 
771 
772 
774 
774 
774 
776 
777 
778 
779 
779 
781 
783 
783 
787 
787 
789 
789 
789 
789 
790 
790 
790 
790 
791 
793 
793 
794 
797 
797 
797 
797 
797 
800 
803 
804 
805 
805 
806 
806 
808 
810 
811 
813 
814 
814 
818 
818 
818 
819 
820 
821 
822 
822 
823 
823 
827 
827 
828 
828 
828 
831 
831 
832 
832 
832 
832 
833 
833 
833 
834 
834 
835 
836 
840 
840 
840 
842 
843 
845 
845 
846 
846 
846 
847 
847 
848 
849 
849 
850 
851 
851 
854 
854 
855 
855 
856 
856 
856 
856 
856 
856 
857 
857 
860 
861 
861 
863 
865 
867 
867 
867 
868 
869 
870 
870 
870 
871 
872 
873 
874 
875 
877 
877 
878 
878 
879 
879 
879 
879 
880 
883 
883 
885 
885 
885 
886 
886 
887 
887 
889 
889 
891 
891 
892 
893 
894 
896 
896 
898 
899 
900 
902 
902 
902 
903 
903 
904 
904 
905 
905 
908 
911 
912 
914 
914 
915 
915 
915 
918 
920 
923 
925 
932 
933 
935 
936 
937 
937 
938 
940 
941 
944 
944 
946 
946 
947 
948 
948 
948 
949 
949 
950 
950 
951 
951 
952 
953 
954 
954 
955 
959 
959 
960 
961 
961 
965 
967 
969 
969 
969 
970 
971 
971 
971 
971 
976 
977 
978 
979 
980 
982 
984 
984 
986 
990 
996 
996 
996 
997 
999 
1000 
1000 
1001 
1001 
1002 
1002 
1003 
1004 
1007 
1007 
1007 
1008 
1011 
1013 
1014 
1015 
1016 
1017 
1019 
1020 
1021 
1023 
1023 
1025 
1026 
1027 
1031 
1034 
1035 
1038 
1038 
1039 
1040 
1040 
1041 
1041 
1043 
1043 
1044 
1044 
1045 
1046 
1047 
1047 
1048 
1048 
1050 
1050 
1052 
1052 
1053 
1054 
1057 
1058 
1059 
1061 
1062 
1063 
1063 
1064 
1067 
1069 
1070 
1071 
1073 
1073 
1073 
1075 
1075 
1076 
1076 
1078 
1079 
1083 
1083 
1085 
1086 
1087 
1088 
1089 
1090 
1090 
1091 
1091 
1092 
1093 
1093 
1093 
1094 
1094 
1095 
1095 
1097 
1097 
1098 
1099 
1100 
1102 
1102 
1102 
1103 
1104 
1104 
1104 
1106 
1107 
1108 
1109 
1112 
1117 
1122 
1122 
1122 
1123 
1124 
1124 
1125 
1126 
1129 
1129 
1131 
1133 
1133 
1134 
1134 
1136 
1138 
1138 
1141 
1142 
1142 
1143 
1144 
1144 
1144 
1147 
1147 
1149 
1150 
1151 
1151 
1154 
1154 
1155 
1156 
1158 
1158 
1158 
1159 
1159 
1161 
1161 
1162 
1163 
1164 
1164 
1165 
1166 
1167 
1168 
1168 
1171 
1175 
1175 
1176 
1176 
1178 
1178 
1179 
1180 
1181 
1181 
1181 
1182 
1182 
1183 
1187 
1189 
1189 
1189 
1190 
1192 
1192 
1192 
1193 
1194 
1195 
1196 
1196 
1197 
1197 
1198 
1199 
1201 
1201 
1204 
1206 
1209 
1211 
1211 
1215 
1217 
1218 
1219 
1222 
1223 
1223 
1223 
1224 
1225 
1225 
1228 
1229 
1230 
1231 
1232 
1234 
1235 
1236 
1238 
1238 
1240 
1240 
1240 
1241 
1241 
1243 
1244 
1244 
1245 
1245 
1247 
1247 
1253 
1254 
1254 
1255 
1256 
1257 
1258 
1259 
1260 
1261 
1261 
1262 
1263 
1263 
1264 
1264 
1265 
1265 
1266 
1267 
1268 
1270 
1273 
1274 
1275 
1276 
1277 
1277 
1278 
1280 
1281 
1281 
1283 
1283 
1283 
1284 
1284 
1284 
1286 
1287 
1289 
1289 
1289 
1289 
1289 
1290 
1291 
1292 
1293 
1293 
1294 
1295 
1295 
1296 
1297 
1301 
1301 
1301 
1302 
1303 
1304 
1305 
1306 
1306 
1307 
1308 
1308 
1310 
1310 
1311 
1311 
1312 
1315 
1315 
1316 
1317 
1317 
1317 
1321 
1323 
1324 
1324 
1325 
1325 
1325 
1326 
1326 
1326 
1326 
1327 
1329 
1332 
1333 
1333 
1337 
1338 
1338 
1338 
1341 
1341 
1341 
1343 
1343 
1344 
1347 
1348 
1349 
1350 
1351 
1352 
1352 
1352 
1353 
1353 
1354 
1354 
1354 
1354 
1354 
1354 
1355 
1357 
1357 
1358 
1358 
1358 
1358 
1359 
1360 
1361 
1362 
1364 
1368 
1368 
1368 
1368 
1369 
1371 
1372 
1373 
1374 
1374 
1375 
1377 
1377 
1377 
1377 
1378 
1380 
1382 
1382 
1382 
1383 
1384 
1384 
1384 
1385 
1389 
1390 
1390 
1393 
1395 
1395 
1395 
1396 
1396 
1399 
1399 
1400 
1401 
1401 
1404 
1405 
1406 
1409 
1411 
1411 
1413 
1413 
1414 
1414 
1414 
1414 
1415 
1417 
1418 
1419 
1419 
1420 
1420 
1421 
1423 
1424 
1425 
1425 
1425 
1425 
1425 
1428 
1429 
1432 
1433 
1434 
1434 
1434 
1438 
1440 
1441 
1442 
1442 
1443 
1444 
1444 
1444 
1444 
1446 
1446 
1446 
1449 
1449 
1450 
1450 
1451 
1454 
1456 
1457 
1457 
1457 
1458 
1460 
1462 
1462 
1468 
1468 
1470 
1471 
1471 
1472 
1472 
1473 
1474 
1475 
1476 
1477 
1479 
1479 
1481 
1485 
1485 
1486 
1487 
1487 
1488 
1489 
1490 
1490 
1491 
1491 
1491 
1492 
1494 
1495 
1495 
1495 
1497 
1497 
1499 
1505 
1506 
1506 
1507 
1509 
1510 
1513 
1514 
1514 
1514 
1515 
1515 
1519 
1522 
1523 
1524 
1524 
1524 
1525 
1526 
1528 
1530 
1533 
1533 
1533 
1535 
1535 
1535 
1536 
1538 
1538 
1539 
1539 
1541 
1542 
1543 
1544 
1544 
1546 
1547 
1547 
1550 
1552 
1552 
1554 
1554 
1557 
1559 
1560 
1560 
1563 
1564 
1564 
1566 
1568 
1568 
1568 
1570 
1570 
1571 
1571 
1573 
1575 
1575 
1576 
1576 
1576 
1577 
1577 
1578 
1578 
1579 
1579 
1579 
1582 
1583 
1583 
1585 
1585 
1587 
1588 
1591 
1591 
1593 
1594 
1594 
1597 
1597 
1598 
1598 
1599 
1600 
1600 
1600 
1601 
1601 
1603 
1604 
1605 
1606 
1607 
1607 
1608 
1608 
1609 
1611 
1613 
1614 
1614 
1616 
1617 
1618 
1619 
1619 
1621 
1622 
1622 
1622 
1624 
1625 
1626 
1626 
1628 
1628 
1628 
1628 
1628 
1629 
1629 
1630 
1630 
1631 
1635 
1635 
1635 
1636 
1636 
1637 
1640 
1643 
1645 
1646 
1647 
1647 
1647 
1648 
1649 
1649 
1650 
1653 
1654 
1655 
1657 
1659 
1661 
1661 
1662 
1663 
1663 
1666 
1666 
1667 
1667 
1667 
1668 
1668 
1669 
1672 
1672 
1672 
1674 
1675 
1675 
1676 
1676 
1677 
1679 
1679 
1679 
1680 
1683 
1684 
1684 
1684 
1685 
1686 
1687 
1688 
1688 
1689 
1691 
1692 
1692 
1693 
1693 
1694 
1694 
1694 
1696 
1700 
1700 
1700 
1702 
1703 
1703 
1704 
1705 
1706 
1707 
1707 
1708 
1708 
1708 
1709 
1710 
1711 
1714 
1716 
1717 
1717 
1717 
1718 
1719 
1720 
1722 
1725 
1727 
1728 
1729 
1732 
1732 
1733 
1733 
1733 
1735 
1736 
1738 
1739 
1739 
1739 
1739 
1741 
1742 
1744 
1745 
1747 
1748 
1748 
1749 
1750 
1751 
1752 
1752 
1752 
1753 
1754 
1755 
1756 
1757 
1758 
1758 
1760 
1760 
1760 
1763 
1764 
1765 
1765 
1765 
1766 
1767 
1769 
1769 
1769 
1770 
1774 
1774 
1775 
1776 
1776 
1776 
1777 
1778 
1778 
1780 
1781 
1781 
1781 
1782 
1786 
1789 
1789 
1790 
1790 
1792 
1792 
1793 
1794 
1795 
1795 
1797 
1798 
1799 
1802 
1803 
1807 
1807 
1807 
1811 
1811 
1814 
1814 
1815 
1815 
1815 
1816 
1816 
1817 
1818 
1820 
1821 
1822 
1823 
1824 
1824 
1825 
1827 
1828 
1829 
1830 
1835 
1835 
1836 
1837 
1839 
1840 
1840 
1841 
1844 
1844 
1845 
1845 
1846 
1848 
1849 
1849 
1850 
1851 
1853 
1855 
1855 
1855 
1856 
1857 
1858 
1858 
1864 
1866 
1867 
1867 
1867 
1868 
1870 
1871 
1872 
1872 
1872 
1872 
1873 
1873 
1875 
1878 
1880 
1880 
1881 
1881 
1881 
1883 
1886 
1888 
1888 
1888 
1889 
1890 
1891 
1891 
1894 
1894 
1895 
1897 
1901 
1903 
1903 
1909 
1912 
1913 
1914 
1916 
1917 
1919 
1919 
1919 
1919 
1920 
1921 
1921 
1922 
1923 
1924 
1925 
1926 
1926 
1927 
1927 
1928 
1930 
1930 
1931 
1932 
1936 
1938 
1939 
1940 
1941 
1944 
1947 
1950 
1951 
1952 
1954 
1954 
1956 
1957 
1958 
1960 
1961 
1961 
1962 
1962 
1963 
1963 
1965 
1966 
1969 
1969 
1969 
1970 
1971 
1971 
1972 
1972 
1972 
1974 
1976 
1978 
1980 
1981 
1982 
1984 
1984 
1984 
1986 
1986 
1987 
1987 
1987 
1988 
1989 
1990 
1991 
1991 
1992 
1994 
1995 
1995 
1996 
1996 
1997 
1998 
1999 
2000 
2001 
2001 
2002 
2002 
2002 
2003 
2003 
2003 
2005 
2006 
2006 
2006 
2009 
2011 
2011 
2013 
2013 
2014 
2015 
2016 
2018 
2018 
2018 
2018 
2020 
2021 
2022 
2023 
2023 
2024 
2025 
2025 
2026 
2027 
2027 
2028 
2029 
2029 
2030 
2030 
2033 
2034 
2034 
2034 
2035 
2037 
2038 
2039 
2039 
2039 
2040 
2040 
2040 
2040 
2040 
2044 
2045 
2048 
2049 
2049 
2050 
2051 
2052 
2052 
2053 
2053 
2054 
2055 
2057 
2057 
2057 
2058 
2060 
2063 
2065 
2065 
2067 
2067 
2068 
2071 
2071 
2073 
2073 
2073 
2074 
2074 
2074 
2076 
2077 
2080 
2081 
2081 
2082 
2084 
2085 
2085 
2087 
2087 
2089 
2091 
2093 
2096 
2097 
2097 
2097 
2099 
2100 
2101 
2103 
2104 
2105 
2105 
2109 
2109 
2110 
2110 
2113 
2113 
2115 
2115 
2116 
2116 
2117 
2122 
2122 
2123 
2123 
2126 
2130 
2130 
2131 
2132 
2132 
2133 
2135 
2136 
2136 
2136 
2137 
2137 
2137 
2138 
2138 
2138 
2140 
2141 
2141 
2141 
2142 
2142 
2143 
2144 
2145 
2145 
2147 
2148 
2150 
2151 
2153 
2154 
2155 
2159 
2159 
2160 
2162 
2163 
2164 
2164 
2166 
2167 
2171 
2171 
2171 
2174 
2175 
2176 
2177 
2178 
2180 
2183 
2184 
2184 
2185 
2186 
2187 
2187 
2188 
2188 
2190 
2191 
2191 
2192 
2192 
2193 
2196 
2200 
2200 
2200 
2201 
2201 
2202 
2204 
2206 
2206 
2206 
2207 
2207 
2207 
2208 
2209 
2209 
2209 
2211 
2214 
2214 
2215 
2216 
2217 
2217 
2218 
2218 
2220 
2220 
2222 
2222 
2223 
2225 
2225 
2228 
2229 
2229 
2229 
2230 
2230 
2231 
2231 
2232 
2235 
2236 
2237 
2237 
2239 
2239 
2244 
2245 
2245 
2246 
2248 
2248 
2250 
2250 
2252 
2252 
2253 
2253 
2255 
2256 
2257 
2257 
2258 
2261 
2261 
2262 
2262 
2262 
2264 
2265 
2269 
2271 
2275 
2276 
2277 
2278 
2278 
2280 
2280 
2281 
2282 
2284 
2284 
2284 
2285 
2287 
2287 
2288 
2288 
2289 
2290 
2290 
2291 
2292 
2293 
2295 
2296 
2298 
2300 
2300 
2300 
2302 
2302 
2302 
2303 
2303 
2303 
2303 
2304 
2304 
2304 
2306 
2306 
2308 
2309 
2309 
2310 
2311 
2312 
2312 
2317 
2320 
2321 
2321 
2324 
2325 
2327 
2328 
2329 
2329 
2329 
2330 
2330 
2332 
2334 
2336 
2336 
2337 
2337 
2338 
2338 
2339 
2340 
2341 
2341 
2342 
2343 
2343 
2344 
2349 
2350 
2351 
2351 
2351 
2354 
2354 
2356 
2356 
2357 
2357 
2357 
2359 
2360 
2361 
2362 
2363 
2364 
2364 
2365 
2365 
2367 
2367 
2368 
2368 
2368 
2369 
2369 
2369 
2370 
2372 
2372 
2374 
2375 
2375 
2376 
2376 
2378 
2379 
2379 
2379 
2380 
2380 
2382 
2382 
2383 
2384 
2384 
2385 
2385 
2386 
2386 
2387 
2387 
2388 
2388 
2389 
2390 
2392 
2392 
2393 
2393 
2394 
2401 
2403 
2404 
2405 
2405 
2406 
2406 
2407 
2411 
2412 
2413 
2414 
2414 
2414 
2414 
2417 
2417 
2418 
2420 
2420 
2420 
2422 
2425 
2425 
2425 
2425 
2427 
2430 
2430 
2433 
2434 
2435 
2435 
2437 
2439 
2439 
2439 
2442 
2443 
2443 
2446 
2446 
2448 
2449 
2449 
2449 
2452 
2452 
2452 
2452 
2453 
2453 
2454 
2456 
2457 
2458 
2458 
2459 
2460 
2461 
2461 
2464 
2464 
2464 
2466 
2466 
2466 
2466 
2467 
2467 
2469 
2470 
2472 
2475 
2475 
2476 
2477 
2477 
2478 
2479 
2479 
2479 
2480 
2482 
2483 
2483 
2486 
2487 
2488 
2488 
2489 
2489 
2490 
2491 
2492 
2493 
2493 
2495 
2495 
2495 
2501 
2501 
2501 
2504 
2504 
2504 
2504 
2504 
2504 
2505 
2506 
2507 
2507 
2507 
2508 
2508 
2515 
2515 
2517 
2517 
2518 
2519 
2520 
2521 
2522 
2523 
2525 
2526 
2526 
2527 
2529 
2529 
2530 
2530 
2530 
2531 
2531 
2534 
2534 
2535 
2535 
2536 
2536 
2538 
2538 
2539 
2541 
2544 
2544 
2545 
2548 
2550 
2552 
2552 
2553 
2555 
2556 
2556 
2558 
2558 
2559 
2559 
2562 
2563 
2563 
2564 
2566 
2567 
2567 
2568 
2570 
2571 
2571 
2571 
2573 
2574 
2576 
2576 
2577 
2578 
2580 
2580 
2582 
2585 
2585 
2586 
2588 
2589 
2591 
2591 
2592 
2593 
2594 
2594 
2595 
2595 
2596 
2597 
2599 
2600 
2601 
2602 
2602 
2604 
2604 
2605 
2605 
2607 
2607 
2608 
2610 
2610 
2611 
2613 
2615 
2615 
2615 
2615 
2617 
2617 
2618 
2619 
2620 
2621 
2623 
2625 
2626 
2627 
2627 
2628 
2629 
2630 
2630 
2630 
2631 
2634 
2635 
2635 
2635 
2640 
2640 
2641 
2641 
2642 
2643 
2644 
2647 
2647 
2647 
2650 
2650 
2650 
2652 
2652 
2654 
2655 
2655 
2655 
2656 
2656 
2656 
2657 
2659 
2659 
2659 
2659 
2660 
2660 
2660 
2661 
2662 
2663 
2664 
2666 
2667 
2667 
2667 
2668 
2669 
2670 
2671 
2671 
2672 
2672 
2673 
2674 
2674 
2675 
2675 
2676 
2679 
2680 
2680 
2680 
2680 
2681 
2682 
2683 
2683 
2683 
2685 
2685 
2686 
2688 
2689 
2689 
2689 
2691 
2691 
2692 
2694 
2694 
2699 
2699 
2700 
2703 
2704 
2704 
2704 
2705 
2706 
2706 
2706 
2706 
2706 
2706 
2707 
2709 
2709 
2715 
2715 
2716 
2718 
2718 
2719 
2720 
2720 
2721 
2721 
2722 
2722 
2722 
2723 
2724 
2725 
2726 
2728 
2729 
2729 
2730 
2731 
2733 
2733 
2734 
2737 
2737 
2738 
2738 
2741 
2741 
2742 
2742 
2743 
2743 
2743 
2745 
2748 
2748 
2748 
2750 
2752 
2753 
2755 
2755 
2758 
2761 
2761 
2763 
2764 
2764 
2764 
2764 
2765 
2767 
2768 
2769 
2769 
2770 
2770 
2771 
2771 
2772 
2773 
2774 
2778 
2779 
2780 
2780 
2780 
2780 
2781 
2782 
2782 
2782 
2784 
2784 
2785 
2786 
2786 
2787 
2788 
2788 
2790 
2792 
2792 
2793 
2796 
2796 
2797 
2798 
2798 
2799 
2801 
2801 
2802 
2803 
2804 
2804 
2806 
2810 
2811 
2812 
2813 
2814 
2814 
2816 
2818 
2818 
2819 
2819 
2820 
2822 
2822 
2828 
2830 
2830 
2832 
2832 
2833 
2833 
2833 
2834 
2835 
2836 
2836 
2838 
2838 
2839 
2839 
2840 
2843 
2843 
2845 
2845 
2846 
2846 
2848 
2849 
2849 
2849 
2849 
2849 
2850 
2852 
2852 
2852 
2853 
2853 
2855 
2856 
2857 
2860 
2862 
2862 
2863 
2863 
2864 
2864 
2865 
2866 
2866 
2866 
2866 
2868 
2868 
2869 
2869 
2869 
2870 
2871 
2871 
2873 
2875 
2876 
2876 
2878 
2879 
2879 
2879 
2882 
2885 
2886 
2888 
2891 
2892 
2892 
2893 
2893 
2893 
2894 
2895 
2895 
2895 
2900 
2900 
2902 
2903 
2904 
2907 
2908 
2908 
2908 
2910 
2911 
2911 
2911 
2912 
2913 
2913 
2914 
2916 
2918 
2919 
2919 
2923 
2924 
2926 
2928 
2928 
2928 
2929 
2930 
2930 
2931 
2933 
2934 
2935 
2936 
2938 
2940 
2940 
2942 
2943 
2943 
2943 
2945 
2947 
2947 
2948 
2949 
2949 
2950 
2950 
2951 
2952 
2953 
2955 
2956 
2956 
2956 
2957 
2958 
2959 
2960 
2960 
2960 
2962 
2965 
2966 
2966 
2967 
2968 
2968 
2969 
2970 
2972 
2972 
2975 
2975 
2976 
2976 
2976 
2976 
2981 
2983 
2983 
2985 
2986 
2991 
2996 
2996 
2997 
2998 
2999 
3000 
3001 
3002 
3002 
3005 
3006 
3007 
3009 
3010 
3011 
3011 
3014 
3015 
3020 
3020 
3022 
3022 
3023 
3023 
3024 
3025 
3026 
3027 
3027 
3028 
3028 
3029 
3029 
3030 
3030 
3032 
3034 
3036 
3037 
3037 
3037 
3038 
3039 
3039 
3039 
3041 
3042 
3042 
3042 
3042 
3042 
3044 
3048 
3048 
3048 
3049 
3050 
3051 
3051 
3053 
3059 
3060 
3061 
3063 
3066 
3066 
3066 
3067 
3067 
3069 
3070 
3070 
3070 
3071 
3074 
3074 
3075 
3075 
3075 
3076 
3076 
3076 
3076 
3078 
3078 
3079 
3080 
3084 
3085 
3085 
3089 
3091 
3094 
3095 
3095 
3096 
3097 
3098 
3098 
3099 
3099 
3099 
3100 
3101 
3102 
3104 
3104 
3107 
3108 
3108 
3109 
3109 
3109 
3110 
3111 
3112 
3112 
3112 
3113 
3115 
3116 
3118 
3118 
3118 
3119 
3122 
3122 
3122 
3123 
3123 
3129 
3129 
3130 
3130 
3130 
3131 
3132 
3134 
3135 
3137 
3137 
3139 
3139 
3139 
3139 
3140 
3141 
3142 
3142 
3142 
3143 
3143 
3143 
3144 
3144 
3145 
3145 
3147 
3148 
3149 
3149 
3150 
3152 
3152 
3153 
3153 
3154 
3155 
3155 
3155 
3155 
3156 
3157 
3158 
3158 
3161 
3161 
3163 
3164 
3164 
3166 
3167 
3167 
3167 
3168 
3172 
3172 
3173 
3175 
3176 
3178 
3178 
3179 
3182 
3184 
3184 
3184 
3185 
3185 
3191 
3192 
3192 
3193 
3194 
3195 
3195 
3196 
3196 
3197 
3198 
3199 
3201 
3203 
3203 
3205 
3205 
3205 
3207 
3207 
3208 
3209 
3210 
3210 
3212 
3213 
3213 
3214 
3215 
3216 
3217 
3219 
3219 
3221 
3221 
3222 
3223 
3224 
3225 
3225 
3226 
3230 
3231 
3232 
3233 
3235 
3236 
3237 
3237 
3237 
3237 
3238 
3238 
3238 
3240 
3241 
3242 
3243 
3244 
3246 
3248 
3248 
3249 
3249 
3250 
3251 
3251 
3252 
3253 
3253 
3254 
3254 
3258 
3258 
3260 
3261 
3261 
3262 
3262 
3269 
3270 
3270 
3272 
3272 
3273 
3274 
3274 
3275 
3275 
3276 
3278 
3280 
3284 
3285 
3285 
3286 
3288 
3288 
3291 
3292 
3294 
3296 
3296 
3296 
3297 
3297 
3299 
3300 
3302 
3302 
3302 
3303 
3303 
3304 
3305 
3305 
3306 
3307 
3308 
3308 
3309 
3309 
3311 
3312 
3312 
3313 
3314 
3314 
3314 
3315 
3316 
3319 
3319 
3320 
3321 
3322 
3324 
3326 
3327 
3327 
3327 
3330 
3331 
3332 
3333 
3335 
3336 
3336 
3336 
3337 
3338 
3339 
3339 
3340 
3341 
3342 
3342 
3342 
3344 
3345 
3346 
3346 
3346 
3347 
3347 
3349 
3352 
3354 
3355 
3356 
3356 
3359 
3360 
3363 
3367 
3367 
3368 
3369 
3371 
3371 
3372 
3374 
3374 
3378 
3380 
3381 
3382 
3382 
3382 
3383 
3387 
3387 
3388 
3388 
3390 
3392 
3392 
3392 
3393 
3393 
3397 
3400 
3401 
3403 
3404 
3405 
3407 
3408 
3408 
3408 
3409 
3411 
3413 
3413 
3415 
3415 
3415 
3416 
3418 
3418 
3418 
3419 
3419 
3421 
3422 
3422 
3423 
3423 
3424 
3426 
3426 
3428 
3428 
3429 
3431 
3431 
3432 
3433 
3433 
3434 
3434 
3436 
3436 
3438 
3439 
3441 
3442 
3443 
3443 
3445 
3446 
3447 
3447 
3449 
3449 
3451 
3451 
3453 
3453 
3455 
3455 
3456 
3458 
3460 
3461 
3462 
3462 
3462 
3463 
3463 
3464 
3468 
3468 
3468 
3469 
3469 
3470 
3471 
3472 
3472 
3473 
3476 
3476 
3476 
3476 
3477 
3477 
3478 
3479 
3482 
3483 
3483 
3484 
3485 
3486 
3487 
3488 
3488 
3488 
3489 
3489 
3490 
3490 
3491 
3492 
3492 
3493 
3494 
3494 
3495 
3496 
3498 
3500 
3501 
3502 
3503 
3503 
3504 
3504 
3505 
3506 
3506 
3506 
3507 
3508 
3509 
3510 
3511 
3511 
3513 
3514 
3515 
3516 
3516 
3517 
3518 
3519 
3520 
3522 
3522 
3522 
3523 
3523 
3524 
3525 
3525 
3525 
3526 
3527 
3527 
3531 
3533 
3534 
3535 
3536 
3537 
3538 
3539 
3540 
3540 
3541 
3544 
3544 
3545 
3546 
3547 
3547 
3548 
3549 
3552 
3553 
3554 
3554 
3557 
3557 
3558 
3559 
3561 
3562 
3563 
3563 
3564 
3564 
3564 
3565 
3565 
3567 
3567 
3569 
3569 
3569 
3572 
3572 
3572 
3573 
3573 
3573 
3576 
3577 
3577 
3580 
3580 
3581 
3581 
3582 
3583 
3583 
3584 
3584 
3586 
3586 
3587 
3587 
3588 
3593 
3594 
3596 
3597 
3598 
3598 
3600 
3602 
3605 
3606 
3607 
3609 
3609 
3611 
3612 
3613 
3615 
3615 
3617 
3618 
3622 
3623 
3624 
3625 
3626 
3627 
3627 
3628 
3628 
3628 
3629 
3631 
3631 
3633 
3633 
3634 
3636 
3636 
3638 
3639 
3640 
3640 
3640 
3642 
3643 
3645 
3646 
3646 
3647 
3647 
3649 
3650 
3650 
3654 
3655 
3656 
3657 
3657 
3657 
3658 
3658 
3658 
3659 
3659 
3659 
3659 
3660 
3661 
3662 
3662 
3663 
3665 
3668 
3669 
3670 
3672 
3673 
3674 
3675 
3676 
3677 
3677 
3677 
3678 
3680 
3681 
3681 
3682 
3682 
3685 
3686 
3687 
3687 
3689 
3690 
3693 
3696 
3696 
3698 
3699 
3700 
3700 
3702 
3702 
3703 
3704 
3705 
3705 
3705 
3707 
3708 
3708 
3708 
3708 
3710 
3710 
3711 
3712 
3714 
3715 
3717 
3717 
3718 
3719 
3723 
3726 
3728 
3728 
3729 
3730 
3730 
3731 
3731 
3732 
3732 
3733 
3733 
3736 
3736 
3736 
3738 
3741 
3742 
3743 
3746 
3747 
3747 
3748 
3750 
3751 
3751 
3751 
3752 
3754 
3756 
3756 
3756 
3757 
3757 
3758 
3760 
3760 
3762 
3762 
3765 
3765 
3765 
3766 
3768 
3770 
3770 
3771 
3775 
3776 
3777 
3777 
3777 
3778 
3779 
3779 
3781 
3782 
3782 
3783 
3783 
3783 
3783 
3784 
3785 
3789 
3789 
3789 
3791 
3791 
3793 
3794 
3794 
3795 
3795 
3796 
3797 
3799 
3799 
3800 
3800 
3801 
3802 
3802 
3803 
3803 
3804 
3805 
3806 
3807 
3809 
3810 
3810 
3811 
3812 
3814 
3815 
3815 
3817 
3817 
3818 
3818 
3819 
3819 
3820 
3820 
3821 
3822 
3823 
3823 
3823 
3823 
3824 
3825 
3827 
3828 
3828 
3828 
3828 
3829 
3829 
3830 
3830 
3830 
3831 
3831 
3831 
3831 
3832 
3832 
3832 
3835 
3836 
3839 
3847 
3850 
3853 
3853 
3854 
3856 
3857 
3858 
3858 
3861 
3863 
3864 
3865 
3866 
3867 
3868 
3871 
3871 
3873 
3873 
3874 
3874 
3876 
3876 
3876 
3877 
3878 
3883 
3885 
3885 
3886 
3886 
3890 
3890 
3891 
3893 
3894 
3894 
3895 
3895 
3896 
3898 
3901 
3906 
3908 
3908 
3908 
3909 
3910 
3911 
3911 
3914 
3915 
3915 
3916 
3917 
3917 
3918 
3918 
3918 
3919 
3919 
3921 
3922 
3922 
3923 
3924 
3927 
3927 
3928 
3929 
3930 
3930 
3931 
3931 
3932 
3933 
3933 
3934 
3935 
3935 
3935 
3936 
3936 
3938 
3938 
3938 
3940 
3941 
3942 
3943 
3944 
3944 
3946 
3946 
3947 
3950 
3950 
3951 
3951 
3952 
3953 
3954 
3954 
3955 
3955 
3956 
3958 
3960 
3961 
3962 
3963 
3964 
3965 
3967 
3967 
3968 
3968 
3969 
3969 
3970 
3970 
3970 
3971 
3971 
3972 
3972 
3973 
3974 
3974 
3974 
3975 
3976 
3977 
3978 
3979 
3980 
3980 
3981 
3982 
3982 
3984 
3985 
3985 
3986 
3986 
3988 
3989 
3990 
3991 
3993 
3993 
3994 
3995 
3997 
3998 
3999 
4000 
4001 
4005 
4006 
4006 
4006 
4007 
4007 
4010 
4011 
4011 
4011 
4011 
4011 
4012 
4014 
4014 
4015 
4015 
4019 
4020 
4022 
4023 
4023 
4026 
4026 
4026 
4027 
4028 
4029 
4033 
4035 
4036 
4036 
4037 
4037 
4038 
4040 
4041 
4042 
4043 
4044 
4044 
4047 
4048 
4049 
4050 
4051 
4055 
4055 
4055 
4057 
4058 
4058 
4059 
4061 
4062 
4064 
4064 
4068 
4068 
4073 
4073 
4073 
4074 
4075 
4076 
4077 
4079 
4079 
4079 
4080 
4081 
4081 
4084 
4086 
4088 
4088 
4089 
4090 
4090 
4091 
4092 
4094 
4094 
4094 
4096 
4097 
4097 
4098 
4099 
4101 
4102 
4103 
4103 
4104 
4105 
4106 
4106 
4108 
4109 
4109 
4109 
4110 
4111 
4112 
4112 
4113 
4115 
4116 
4117 
4119 
4124 
4126 
4126 
4127 
4127 
4128 
4128 
4130 
4130 
4131 
4133 
4133 
4133 
4134 
4141 
4142 
4142 
4143 
4143 
4144 
4145 
4146 
4146 
4147 
4148 
4149 
4149 
4149 
4150 
4150 
4151 
4153 
4153 
4153 
4153 
4154 
4155 
4156 
4158 
4158 
4159 
4162 
4162 
4162 
4162 
4164 
4164 
4165 
4168 
4170 
4171 
4172 
4173 
4173 
4173 
4174 
4175 
4179 
4180 
4180 
4181 
4182 
4183 
4184 
4185 
4186 
4186 
4187 
4188 
4189 
4189 
4193 
4194 
4198 
4199 
4201 
4201 
4202 
4202 
4206 
4212 
4212 
4212 
4213 
4213 
4213 
4214 
4220 
4222 
4224 
4224 
4225 
4226 
4227 
4227 
4228 
4230 
4232 
4233 
4233 
4234 
4235 
4235 
4238 
4238 
4238 
4240 
4240 
4242 
4242 
4242 
4244 
4245 
4245 
4248 
4248 
4248 
4248 
4248 
4248 
4250 
4252 
4252 
4253 
4253 
4254 
4254 
4255 
4256 
4257 
4259 
4260 
4262 
4263 
4264 
4266 
4267 
4268 
4268 
4269 
4271 
4272 
4274 
4275 
4276 
4278 
4282 
4282 
4284 
4284 
4285 
4285 
4287 
4287 
4287 
4288 
4288 
4289 
4291 
4292 
4292 
4293 
4293 
4293 
4294 
4294 
4294 
4295 
4296 
4296 
4297 
4298 
4298 
4299 
4302 
4302 
4302 
4302 
4302 
4303 
4303 
4304 
4306 
4308 
4310 
4310 
4310 
4311 
4314 
4316 
4316 
4316 
4316 
4317 
4317 
4319 
4319 
4319 
4324 
4324 
4325 
4325 
4326 
4327 
4327 
4328 
4330 
4330 
4331 
4333 
4333 
4333 
4337 
4341 
4344 
4344 
4344 
4345 
4348 
4349 
4350 
4350 
4351 
4351 
4353 
4358 
4358 
4360 
4361 
4362 
4362 
4362 
4364 
4365 
4365 
4366 
4366 
4368 
4369 
4373 
4374 
4375 
4376 
4376 
4376 
4377 
4379 
4380 
4381 
4383 
4383 
4385 
4385 
4386 
4387 
4388 
4392 
4392 
4393 
4396 
4397 
4397 
4399 
4399 
4405 
4407 
4408 
4408 
4408 
4409 
4409 
4409 
4409 
4412 
4412 
4413 
4413 
4413 
4413 
4414 
4415 
4415 
4417 
4418 
4418 
4418 
4419 
4419 
4419 
4421 
4421 
4422 
4423 
4423 
4425 
4427 
4430 
4431 
4433 
4433 
4433 
4435 
4436 
4437 
4437 
4438 
4439 
4440 
4443 
4445 
4447 
4447 
4447 
4449 
4449 
4450 
4453 
4454 
4455 
4456 
4456 
4457 
4457 
4458 
4458 
4461 
4463 
4465 
4465 
4467 
4468 
4468 
4468 
4469 
4470 
4471 
4472 
4473 
4474 
4476 
4476 
4477 
4478 
4478 
4478 
4479 
4481 
4481 
4483 
4484 
4484 
4484 
4487 
4487 
4488 
4488 
4489 
4491 
4492 
4493 
4493 
4495 
4498 
4501 
4503 
4504 
4506 
4506 
4507 
4508 
4510 
4510 
4510 
4514 
4514 
4515 
4515 
4517 
4518 
4518 
4518 
4519 
4519 
4521 
4522 
4524 
4525 
4526 
4526 
4528 
4528 
4528 
4530 
4532 
4535 
4535 
4536 
4537 
4537 
4539 
4539 
4540 
4541 
4542 
4542 
4543 
4544 
4546 
4546 
4548 
4549 
4550 
4551 
4553 
4554 
4555 
4555 
4556 
4557 
4558 
4558 
4558 
4559 
4563 
4563 
4564 
4566 
4567 
4571 
4573 
4575 
4575 
4575 
4576 
4576 
4578 
4578 
4579 
4581 
4581 
4581 
4583 
4586 
4587 
4588 
4589 
4589 
4589 
4589 
4589 
4591 
4591 
4592 
4592 
4593 
4593 
4595 
4595 
4596 
4597 
4603 
4604 
4605 
4607 
4609 
4611 
4612 
4614 
4617 
4617 
4618 
4618 
4620 
4622 
4623 
4624 
4624 
4627 
4627 
4628 
4629 
4629 
4629 
4631 
4632 
4632 
4632 
4634 
4635 
4636 
4636 
4637 
4637 
4637 
4638 
4638 
4640 
4641 
4642 
4642 
4644 
4644 
4644 
4645 
4645 
4649 
4649 
4649 
4649 
4650 
4651 
4651 
4651 
4653 
4656 
4656 
4657 
4658 
4659 
4659 
4659 
4660 
4660 
4660 
4662 
4662 
4662 
4663 
4664 
4664 
4664 
4665 
4666 
4667 
4669 
4671 
4672 
4673 
4674 
4675 
4676 
4678 
4678 
4679 
4680 
4681 
4681 
4682 
4682 
4683 
4683 
4684 
4685 
4685 
4685 
4686 
4688 
4691 
4691 
4691 
4691 
4691 
4692 
4696 
4697 
4698 
4701 
4701 
4701 
4701 
4702 
4703 
4705 
4706 
4706 
4708 
4708 
4712 
4712 
4714 
4714 
4714 
4715 
4717 
4719 
4719 
4720 
4720 
4722 
4724 
4724 
4725 
4727 
4728 
4729 
4729 
4730 
4731 
4734 
4735 
4735 
4737 
4738 
4739 
4739 
4739 
4742 
4743 
4743 
4744 
4745 
4745 
4746 
4748 
4749 
4749 
4751 
4752 
4752 
4752 
4753 
4753 
4754 
4754 
4754 
4755 
4756 
4756 
4756 
4757 
4757 
4758 
4758 
4759 
4760 
4761 
4761 
4761 
4761 
4762 
4762 
4763 
4764 
4766 
4766 
4766 
4769 
4774 
4775 
4778 
4779 
4780 
4780 
4781 
4783 
4783 
4784 
4784 
4785 
4785 
4785 
4786 
4787 
4790 
4791 
4792 
4794 
4795 
4798 
4800 
4800 
4802 
4802 
4803 
4804 
4810 
4810 
4810 
4811 
4811 
4812 
4812 
4813 
4814 
4814 
4815 
4816 
4816 
4819 
4819 
4819 
4823 
4824 
4824 
4825 
4826 
4826 
4829 
4830 
4833 
4833 
4835 
4837 
4837 
4842 
4843 
4843 
4845 
4846 
4846 
4847 
4847 
4848 
4849 
4849 
4850 
4850 
4851 
4851 
4852 
4853 
4853 
4854 
4854 
4854 
4857 
4857 
4857 
4859 
4860 
4861 
4863 
4863 
4864 
4865 
4865 
4866 
4870 
4870 
4872 
4876 
4876 
4878 
4878 
4879 
4882 
4883 
4885 
4885 
4885 
4887 
4887 
4887 
4887 
4888 
4890 
4890 
4890 
4892 
4892 
4893 
4893 
4894 
4894 
4895 
4895 
4895 
4897 
4898 
4899 
4900 
4900 
4900 
4901 
4901 
4902 
4903 
4904 
4905 
4906 
4906 
4908 
4909 
4909 
4909 
4913 
4914 
4919 
4921 
4925 
4926 
4927 
4929 
4929 
4929 
4932 
4933 
4933 
4934 
4935 
4936 
4937 
4939 
4939 
4942 
4942 
4943 
4943 
4945 
4946 
4947 
4948 
4949 
4950 
4951 
4952 
4956 
4958 
4959 
4960 
4960 
4960 
4961 
4964 
4965 
4966 
4966 
4966 
4967 
4967 
4969 
4970 
4971 
4972 
4974 
4974 
4976 
4976 
4977 
4979 
4981 
4981 
4982 
4983 
4984 
4985 
4986 
4986 
4986 
4988 
4988 
4989 
4989 
4991 
4993 
4993 
4994 
4995 
4997 
4998 
5002 
5005 
5006 
5006 
5006 
5010 
5010 
5011 
5011 
9996 
9995 
9992 
9991 
9986 
9986 
9982 
9982 
9982 
9982 
9980 
9979 
9978 
9977 
9977 
9976 
9974 
9973 
9971 
9969 
9969 
9968 
9967 
9967 
9966 
9966 
9965 
9965 
9962 
9961 
9959 
9958 
9953 
9950 
9950 
9950 
9948 
9946 
9946 
9941 
9941 
9941 
9940 
9938 
9938 
9938 
9936 
9935 
9934 
9930 
9942 
9930 
9926 
9924 
9922 
9918 
9917 
9916 
9907 
9907 
9953 
9906 
9905 
9904 
9904 
9898 
9888 
9883 
9883 
9882 
9880 
9879 
9878 
9877 
9875 
9872 
9870 
9868 
9866 
9865 
9865 
9865 
9865 
9863 
9858 
9857 
9853 
9850 
9845 
9844 
9843 
9836 
9832 
9823 
9995 
9819 
9818 
9818 
9816 
9813 
9812 
9812 
9808 
9807 
9807 
9806 
9802 
9800 
9796 
9795 
9793 
9792 
9791 
9791 
9789 
9788 
9786 
9786 
9784 
9783 
9783 
9780 
9776 
9766 
9765 
9764 
9761 
9760 
9759 
9759 
9757 
9753 
9749 
9748 
9747 
9742 
9741 
9739 
9738 
9737 
9736 
9735 
9733 
9731 
9727 
9726 
9726 
9722 
9721 
9720 
9718 
9714 
9886 
9708 
9707 
9704 
9772 
9703 
9940 
9702 
9700 
9699 
9698 
9697 
9696 
9694 
9694 
9691 
9689 
9688 
9687 
9684 
9755 
9682 
9681 
9680 
9678 
9678 
9678 
9676 
9673 
9666 
9664 
9663 
9663 
9663 
9662 
9661 
9658 
9656 
9656 
9654 
9653 
9653 
9649 
9647 
9644 
9643 
9748 
9641 
9641 
9639 
9638 
9637 
9634 
9632 
9630 
9630 
9627 
9620 
9620 
9618 
9614 
9614 
9610 
9608 
9606 
9606 
9605 
9604 
9604 
9601 
9599 
9598 
9707 
9597 
9596 
9595 
9595 
9594 
9593 
9592 
9591 
9590 
9588 
9586 
9584 
9584 
9582 
9582 
9581 
9580 
9579 
9576 
9574 
9573 
9570 
9568 
9562 
9561 
9560 
9557 
9553 
9553 
9550 
9550 
9549 
9548 
9548 
9547 
9544 
9543 
9535 
9530 
9529 
9528 
9528 
9528 
9525 
9524 
9523 
9515 
9514 
9514 
9512 
9511 
9511 
9509 
9507 
9506 
9506 
9505 
9503 
9915 
9502 
9960 
9496 
9493 
9492 
9490 
9487 
9486 
9486 
9486 
9485 
9484 
9480 
9477 
9476 
9475 
9473 
9471 
9465 
9464 
9463 
9461 
9457 
9457 
9454 
9453 
9452 
9448 
9447 
9446 
9443 
9441 
9439 
9437 
9436 
9435 
9628 
9434 
9432 
9431 
9431 
9429 
9426 
9424 
9423 
9419 
9418 
9417 
9415 
9414 
9414 
9413 
9412 
9411 
9409 
9409 
9408 
9406 
9405 
9403 
9403 
9403 
9401 
9401 
9399 
9602 
9394 
9390 
9387 
9384 
9384 
9384 
9380 
9377 
9374 
9373 
9371 
9369 
9369 
9367 
9366 
9363 
9363 
9361 
9360 
9359 
9358 
9357 
9356 
9351 
9476 
9349 
9349 
9347 
9347 
9344 
9344 
9342 
9341 
9340 
9338 
9335 
9334 
9804 
9331 
9328 
9324 
9324 
9322 
9320 
9319 
9316 
9313 
9310 
9308 
9307 
9304 
9303 
9730 
9303 
9318 
9303 
9936 
9301 
9301 
9301 
9299 
9299 
9297 
9295 
9295 
9295 
9294 
9292 
9291 
9290 
9289 
9286 
9285 
9285 
9284 
9280 
9279 
9270 
9259 
9256 
9256 
9254 
9252 
9246 
9378 
9245 
9245 
9238 
9238 
9338 
9232 
9232 
9231 
9229 
9228 
9227 
9223 
9222 
9213 
9205 
9205 
9204 
9196 
9194 
9949 
9193 
9193 
9875 
9191 
9191 
9189 
9189 
9187 
9177 
9176 
9176 
9174 
9173 
9171 
9169 
9168 
9167 
9165 
9589 
9165 
9163 
9160 
9159 
9156 
9153 
9626 
9152 
9151 
9149 
9148 
9147 
9147 
9147 
9146 
9145 
9145 
9723 
9628 
9144 
9144 
9143 
9143 
9143 
9224 
9142 
9142 
9140 
9137 
9896 
9137 
9135 
9133 
9131 
9129 
9127 
9127 
9127 
9126 
9124 
9867 
9124 
9124 
9121 
9120 
9118 
9117 
9112 
9111 
9107 
9106 
9104 
9103 
9102 
9100 
9096 
9088 
9085 
9084 
9083 
9082 
9166 
9078 
9077 
9077 
9081 
9076 
9076 
9073 
9071 
9067 
9067 
9065 
9064 
9063 
9060 
9650 
9059 
9381 
9059 
9058 
9057 
9054 
9052 
9050 
9050 
9049 
9045 
9039 
9039 
9038 
9038 
9038 
9035 
9518 
9035 
9031 
9031 
9031 
9716 
9751 
9895 
9277 
9029 
9028 
9025 
9021 
9020 
9019 
9139 
9019 
9019 
9014 
9012 
9011 
9010 
9007 
8997 
8994 
8991 
8988 
8987 
8986 
8984 
9069 
8981 
8981 
8980 
8980 
9981 
8979 
8976 
9907 
8974 
8973 
8973 
8969 
8969 
8968 
8968 
8966 
8966 
8966 
8964 
8964 
8962 
8961 
8961 
8961 
8958 
8956 
8956 
9446 
8954 
8952 
8951 
8951 
8951 
8950 
8948 
8948 
8947 
8946 
8945 
8944 
8942 
8939 
9790 
8938 
8933 
8927 
8925 
8924 
8921 
9514 
9699 
8920 
8918 
8916 
8916 
8915 
8915 
8914 
8913 
8912 
8912 
8911 
8907 
8904 
8903 
9143 
8903 
8902 
8901 
8900 
8899 
8899 
9686 
8894 
9862 
8893 
8891 
8889 
8889 
8888 
8885 
8884 
8879 
9052 
8876 
8875 
8874 
8998 
8873 
8872 
8871 
8870 
8869 
8868 
8868 
8864 
8863 
8863 
8862 
8862 
8861 
8859 
8858 
8852 
8851 
9788 
8849 
8849 
8846 
8846 
8845 
8845 
8838 
8836 
8835 
8835 
8835 
8835 
8831 
9166 
8829 
8827 
8826 
8824 
8823 
8821 
8821 
8821 
8819 
8819 
8818 
8815 
8815 
8815 
8814 
8811 
8810 
8809 
8807 
8807 
8806 
8804 
8801 
8799 
8791 
9007 
8791 
8787 
8778 
8778 
8775 
8900 
8774 
9783 
8774 
8772 
8767 
8767 
8766 
8764 
8763 
8753 
8753 
8751 
9671 
8750 
8750 
8747 
8744 
8743 
8741 
8736 
8736 
8733 
9636 
9471 
9003 
8732 
8732 
8728 
8728 
8728 
8727 
8725 
8722 
8719 
8719 
8717 
8716 
8714 
8712 
8712 
8711 
8705 
8702 
9400 
8695 
8693 
8692 
9694 
8691 
9467 
8690 
9899 
8682 
8679 
8674 
8673 
8670 
8668 
8665 
9919 
9072 
9207 
8662 
8656 
8656 
8654 
8652 
9781 
8648 
8646 
8645 
8643 
8638 
8638 
8638 
8637 
8636 
8636 
8634 
8634 
8631 
9643 
8624 
8622 
8621 
8621 
8621 
8620 
8612 
8639 
8611 
8610 
8608 
9292 
8607 
8604 
8602 
8598 
8598 
8597 
8595 
8594 
8593 
8589 
8589 
8589 
8588 
8585 
8584 
8583 
8582 
8576 
8576 
8574 
8574 
8574 
8571 
8571 
8570 
8570 
9211 
8569 
9914 
8569 
8569 
8567 
8562 
9041 
8561 
8561 
8559 
8559 
8556 
8551 
9305 
8538 
8537 
8529 
8528 
8527 
8526 
9904 
8526 
8524 
9624 
8520 
8520 
8514 
8514 
8513 
9250 
8512 
8510 
8508 
8506 
9118 
8505 
8499 
8497 
8496 
9131 
8493 
8804 
8784 
8493 
8493 
8492 
8486 
8481 
8481 
9065 
8478 
8477 
8476 
8475 
8474 
8473 
8472 
8470 
8470 
8469 
8467 
8466 
8461 
8461 
8938 
8458 
8456 
9846 
8455 
8454 
8451 
8451 
8450 
8447 
8444 
8443 
8441 
8440 
8436 
8436 
8434 
8433 
8432 
8428 
9926 
8426 
8424 
8422 
9349 
8421 
8418 
8417 
8416 
8415 
9205 
8415 
8414 
8414 
8406 
8404 
9419 
8404 
8403 
8402 
8400 
8399 
8397 
8395 
8395 
8391 
8390 
8389 
8383 
8378 
8377 
8375 
8985 
8468 
8373 
8372 
9512 
8943 
8371 
8369 
8368 
8368 
8404 
8365 
8363 
8357 
8356 
8354 
8350 
8349 
8348 
8347 
8347 
8346 
8344 
8342 
9876 
8330 
8329 
8328 
8327 
8327 
8326 
9604 
8322 
8320 
8319 
8318 
8318 
8316 
8314 
8311 
9058 
8309 
8306 
8306 
8303 
8638 
9554 
8303 
8826 
8302 
8300 
8298 
8297 
8296 
8293 
8293 
8288 
8286 
8282 
8281 
8870 
8280 
8280 
8279 
9618 
8279 
8274 
8272 
8271 
8270 
8745 
8270 
8269 
8264 
8263 
8259 
8258 
9431 
8256 
8253 
8252 
8249 
9698 
8249 
8244 
9926 
8243 
8241 
9835 
9173 
8240 
8498 
8752 
8239 
8237 
8236 
8232 
8231 
8230 
8229 
8227 
8225 
8225 
8223 
8223 
8222 
9323 
8342 
8222 
9148 
8221 
8220 
8217 
8217 
9002 
8211 
8873 
8207 
8207 
9428 
8203 
8202 
8202 
8201 
8263 
8199 
8198 
8280 
8197 
8197 
8197 
8196 
8631 
8196 
8195 
8192 
8189 
8189 
8185 
8184 
9068 
8184 
8183 
8180 
8179 
8177 
8176 
8174 
9772 
8172 
8171 
8824 
8863 
8171 
8170 
8169 
8167 
8167 
8166 
8437 
8165 
8165 
8164 
8495 
8159 
8159 
8158 
8156 
8155 
8153 
8151 
8148 
9682 
8141 
8141 
8140 
8140 
8138 
8913 
8137 
9064 
8134 
8133 
8132 
8129 
8128 
8259 
8127 
8124 
8309 
9748 
8123 
9638 
9315 
8122 
8116 
8115 
8112 
8111 
8110 
8110 
8107 
8107 
8360 
9784 
8106 
8106 
8106 
9592 
8105 
8228 
8105 
8104 
8103 
8102 
8100 
8098 
8093 
8093 
8089 
8088 
9526 
9373 
8086 
8084 
8084 
8083 
8083 
9061 
8082 
8082 
8078 
8549 
8078 
8077 
8077 
8073 
8071 
8066 
8063 
8061 
8061 
8060 
8657 
8059 
8057 
9299 
8057 
8057 
8056 
8055 
9203 
9453 
8050 
8049 
8049 
9716 
8045 
8043 
8042 
8377 
8041 
8037 
8034 
8448 
8032 
8030 
8029 
8029 
8026 
8024 
8020 
8018 
8017 
8016 
8016 
8015 
8015 
8015 
8014 
8014 
8014 
8014 
8013 
8012 
8011 
8008 
8945 
8003 
8003 
8001 
7999 
7999 
7997 
8251 
7991 
7991 
7990 
9326 
7987 
7985 
8011 
7982 
7979 
7979 
7975 
7972 
7972 
7969 
7968 
7962 
7960 
7959 
7958 
7956 
9718 
7950 
9101 
7950 
7947 
9995 
7944 
7940 
7938 
9965 
8195 
9677 
7936 
7934 
7929 
7928 
7927 
7926 
7926 
7917 
7915 
7913 
8499 
7912 
7910 
7909 
8282 
7909 
8298 
7909 
7909 
7907 
7907 
7905 
9477 
9146 
7905 
7902 
9998 
7901 
7901 
7899 
9855 
8666 
7899 
7897 
7894 
7892 
7891 
9952 
7890 
7888 
7887 
7886 
7885 
7881 
7877 
7876 
7876 
8341 
7874 
7874 
7873 
7871 
7870 
7869 
8312 
7869 
7868 
7868 
7866 
7866 
7864 
7864 
8680 
7861 
7857 
7855 
9975 
7854 
7853 
7851 
7849 
7848 
9248 
7848 
7846 
7846 
7845 
9223 
7843 
7842 
7840 
9320 
7840 
7840 
7839 
7834 
7996 
7832 
9299 
7829 
7829 
7829 
7828 
7828 
7828 
7827 
7827 
7826 
7826 
7823 
7823 
7820 
7819 
7818 
7818 
7818 
7812 
7810 
7807 
8345 
7806 
7806 
7805 
7800 
7798 
7795 
9920 
7795 
7792 
9908 
7828 
7791 
9943 
7790 
8051 
7789 
7788 
7786 
7783 
7783 
7782 
7782 
7780 
7780 
7779 
7779 
7778 
7778 
8423 
7775 
7774 
9383 
7773 
7773 
7770 
7769 
8938 
7769 
7765 
7765 
7764 
7764 
8798 
9700 
7759 
8763 
7759 
7759 
9939 
7757 
7756 
9710 
7755 
7754 
9188 
7753 
7752 
7751 
8537 
7751 
7749 
7748 
8485 
7744 
9101 
7743 
7742 
9523 
7742 
7737 
7737 
7736 
7734 
7734 
7727 
7726 
7725 
7725 
7724 
7722 
7722 
7841 
7715 
7715 
7713 
9106 
7712 
7712 
7708 
7707 
9189 
9750 
8101 
9733 
7707 
9323 
7705 
7704 
7703 
7702 
7701 
7695 
7695 
7692 
7688 
7688 
7687 
9725 
8101 
7687 
7685 
7683 
8557 
9135 
7682 
7682 
9872 
8177 
7678 
8888 
7678 
7675 
7673 
7671 
7671 
9448 
9841 
7671 
9809 
9825 
7665 
7664 
7664 
9033 
7663 
7662 
8834 
8513 
7662 
7659 
9630 
9909 
7658 
7657 
8937 
7656 
7652 
7651 
7648 
7647 
7647 
7642 
7641 
7638 
7637 
7636 
7631 
7628 
7626 
7626 
7626 
8092 
9085 
8408 
7623 
9384 
9058 
7619 
7618 
7618 
7618 
9457 
7616 
7616 
7613 
8571 
7613 
7612 
7611 
7611 
7921 
8689 
9161 
7605 
7604 
7604 
7603 
9457 
7599 
8412 
7595 
7594 
8545 
7621 
7594 
7593 
7592 
7590 
7588 
8515 
7588 
7587 
7992 
9757 
7586 
7583 
7582 
7581 
7581 
7580 
7580 
7580 
7580 
7579 
8392 
7577 
7984 
9940 
7573 
7572 
7570 
7569 
8785 
7568 
7568 
7566 
7566 
7565 
7564 
9688 
7606 
7562 
7556 
7555 
7554 
7552 
7551 
7551 
7550 
7550 
8612 
9313 
7549 
7642 
7549 
7548 
8412 
7543 
7542 
7542 
7535 
9118 
9372 
7530 
9367 
7528 
7528 
8904 
7527 
7526 
7525 
7525 
7524 
7519 
7516 
7516 
7513 
7509 
7506 
7503 
7602 
7502 
7502 
7501 
7498 
7498 
7495 
7495 
7493 
9195 
7492 
7492 
7491 
8807 
7825 
9824 
9488 
8520 
7490 
7488 
7488 
7485 
7484 
7484 
9188 
7484 
7483 
7480 
7471 
7469 
7468 
7993 
7465 
7463 
7463 
7463 
9822 
7460 
7460 
7459 
7459 
7458 
7456 
7456 
7452 
7452 
7451 
7451 
7450 
7449 
7448 
8608 
7447 
7447 
8860 
7447 
7454 
7446 
8496 
7443 
7441 
7439 
7439 
9060 
7475 
7435 
7432 
7447 
8731 
7430 
7429 
9557 
7428 
7428 
7425 
9186 
7424 
7421 
7421 
9678 
7420 
9207 
7418 
7418 
7418 
9236 
7415 
7411 
8197 
7410 
7410 
8406 
7410 
7410 
7403 
7398 
7396 
7395 
9203 
7393 
7393 
7391 
7390 
7390 
7390 
7389 
7672 
7389 
9739 
7388 
7387 
7385 
9076 
7383 
8129 
7381 
7374 
7373 
7373 
7371 
7369 
7365 
7364 
7361 
8909 
7361 
8098 
7359 
7357 
7354 
7354 
7353 
7347 
7347 
7347 
8624 
7345 
7342 
8693 
7341 
7476 
7340 
7338 
7337 
7337 
7334 
9735 
7333 
7635 
9538 
9888 
7333 
7332 
7331 
8335 
8130 
7324 
7322 
7318 
7318 
7313 
7308 
7307 
7303 
7303 
7303 
9654 
7301 
7301 
7428 
9123 
7300 
7297 
7297 
9842 
7294 
9076 
7294 
7293 
8726 
7292 
8713 
7287 
7286 
9676 
7285 
7751 
7284 
9903 
7282 
9937 
7281 
8456 
7892 
7280 
7280 
8753 
7274 
7273 
7287 
9435 
7267 
7266 
7265 
7263 
7260 
7260 
7260 
7258 
7258 
7257 
7256 
7255 
9349 
9639 
7253 
9047 
7248 
8859 
7247 
7245 
8902 
7245 
8998 
7381 
7244 
8107 
9972 
7242 
7241 
7239 
7239 
7237 
7236 
7235 
7821 
7232 
7232 
7230 
7230 
8625 
7228 
7228 
7227 
7225 
9897 
9220 
7224 
8677 
7224 
7224 
7224 
7224 
8810 
7220 
7217 
7216 
9884 
9163 
8227 
7213 
7213 
7213 
7212 
7902 
7211 
7210 
7210 
7210 
7206 
7206 
7206 
7650 
7204 
7448 
7204 
7201 
7201 
8176 
7201 
7647 
7200 
7199 
7199 
7198 
7197 
7196 
7195 
7195 
7194 
7191 
7191 
7190 
7187 
7186 
7184 
7183 
7183 
7180 
7921 
8822 
7180 
7177 
7176 
7171 
7946 
7445 
7169 
8848 
7169 
7169 
7168 
7166 
7165 
7435 
7163 
8136 
7161 
7161 
8543 
7160 
7159 
8325 
7154 
7153 
8627 
7153 
7152 
7152 
9981 
7152 
7151 
7150 
7149 
7149 
7148 
7596 
7909 
7145 
7143 
7142 
7142 
7141 
7140 
7140 
7137 
7937 
7131 
7131 
7131 
7130 
7129 
7129 
7128 
9735 
9436 
7127 
7125 
7125 
7119 
7119 
7118 
9007 
8121 
7118 
7114 
7114 
7112 
7288 
9805 
9347 
7112 
7111 
7105 
7102 
7119 
7098 
7096 
7094 
9924 
7139 
7094 
7091 
7085 
7084 
7082 
7078 
8603 
8125 
7078 
7078 
7071 
7068 
7065 
7062 
7058 
9548 
7058 
7057 
7056 
9196 
7055 
7055 
7053 
7051 
7051 
7050 
7050 
7045 
7044 
8186 
7044 
7042 
7041 
8436 
7039 
7036 
9895 
7036 
9574 
7036 
8484 
8219 
7561 
7981 
7035 
8567 
7035 
7034 
7033 
7032 
7032 
7032 
7031 
9519 
7028 
9184 
7219 
8638 
7027 
7068 
7026 
7025 
7880 
7024 
7023 
7333 
7017 
7643 
7016 
7015 
7012 
7006 
7003 
7192 
7003 
6999 
6999 
6999 
6998 
6997 
6997 
6996 
6995 
9272 
7298 
6995 
6995 
7765 
6994 
6993 
6991 
6989 
8994 
6988 
6986 
6985 
7496 
6985 
7381 
6984 
6981 
6980 
6979 
6976 
6976 
8090 
6974 
6973 
6972 
6971 
6971 
6966 
6965 
6962 
6962 
6962 
7660 
7198 
9114 
6961 
6959 
7543 
6958 
9481 
6994 
6953 
6952 
6949 
8259 
6947 
6947 
8235 
6946 
8226 
6943 
6943 
6942 
6942 
8518 
6940 
8012 
6938 
7423 
6938 
6938 
6936 
6935 
6934 
6933 
7994 
6931 
6930 
8080 
6929 
6929 
6928 
7631 
9810 
9334 
9868 
9403 
6928 
6927 
6926 
6925 
7692 
6925 
6924 
8684 
6924 
6922 
6919 
6919 
6918 
6918 
6917 
6916 
6916 
6915 
6912 
6912 
6907 
6902 
6901 
8537 
9192 
8129 
6897 
6897 
6896 
6895 
6894 
6892 
7426 
6892 
8339 
6891 
6890 
6887 
6886 
6885 
6884 
9839 
6882 
6882 
6881 
6876 
7630 
6876 
7197 
6875 
6874 
6875 
7897 
6873 
6873 
6868 
6867 
6866 
6865 
6858 
6857 
6856 
6855 
8180 
6851 
6850 
6846 
6842 
7615 
7294 
6841 
9146 
6839 
6838 
6836 
9066 
8184 
6836 
6836 
6835 
6831 
9155 
8726 
7708 
8763 
9124 
6827 
6825 
8850 
6822 
6821 
6876 
6818 
6818 
6815 
7913 
6815 
6814 
9450 
6813 
6809 
6808 
6807 
7190 
9730 
8986 
8039 
6805 
6805 
6804 
6804 
6803 
6801 
8281 
8021 
6801 
7730 
7022 
6800 
6797 
6889 
6794 
9900 
7649 
6794 
6792 
6789 
8536 
6789 
6789 
6787 
6785 
6783 
6783 
9073 
6783 
9371 
6781 
6778 
8237 
8007 
7112 
8092 
6775 
6773 
9682 
6770 
6770 
6769 
6768 
9257 
6768 
7547 
6767 
6764 
9547 
6764 
8650 
6759 
6758 
6756 
6851 
8889 
6755 
6755 
7588 
6755 
6753 
6751 
6750 
6749 
7652 
6742 
6742 
6741 
6741 
6740 
6739 
6739 
6778 
6737 
7405 
8655 
6737 
9616 
6737 
6736 
7983 
6735 
6734 
6734 
6733 
6733 
6733 
6733 
6729 
8655 
7911 
8056 
6729 
7378 
9505 
6728 
6727 
7371 
6727 
6724 
8299 
6724 
9537 
6721 
6718 
6718 
6718 
6717 
6717 
9806 
9038 
6716 
6715 
6714 
8836 
8954 
6713 
6756 
6711 
6708 
7789 
6706 
6705 
6703 
6702 
6702 
6702 
6701 
6700 
6700 
8554 
7977 
6699 
7618 
6699 
9517 
6698 
8520 
6695 
6693 
6689 
6688 
6688 
6686 
6686 
9110 
6685 
6684 
9572 
6683 
6681 
8459 
6680 
9492 
6679 
6678 
6677 
7557 
6676 
6676 
6674 
6670 
6669 
6668 
6668 
6661 
6661 
6657 
7302 
6655 
6654 
6653 
6652 
6648 
9600 
6648 
6648 
6647 
6647 
6646 
6643 
8205 
7270 
8685 
6641 
6639 
6634 
9135 
6632 
6631 
6630 
8128 
8096 
6630 
6630 
6629 
8212 
6629 
6628 
6628 
6627 
6624 
6623 
6622 
6805 
6620 
6620 
6619 
6617 
9998 
9961 
6616 
6614 
8322 
6614 
6612 
6610 
6609 
6609 
6609 
7767 
6609 
6608 
6605 
6604 
6604 
7894 
6603 
7379 
7074 
9358 
6601 
8029 
6601 
6601 
6599 
6599 
6594 
6592 
6698 
6589 
6589 
6963 
8586 
6588 
6588 
7694 
6580 
6579 
7940 
9420 
6579 
6576 
6575 
9079 
7500 
6575 
6574 
6573 
8620 
6573 
6573 
6572 
6861 
6569 
6889 
6567 
6566 
6566 
6564 
6563 
6560 
6557 
9794 
6555 
8815 
6555 
6554 
6553 
6551 
6550 
8760 
6549 
6549 
6549 
6936 
6546 
7024 
6546 
7040 
7180 
6545 
6544 
6543 
6538 
6584 
6534 
6533 
6532 
8096 
6529 
6529 
6528 
8575 
9015 
6527 
6879 
6526 
6526 
7825 
7210 
6525 
6698 
6525 
7362 
6524 
6524 
6523 
6523 
6522 
6600 
9141 
6521 
9826 
6520 
6519 
6911 
6511 
6511 
6511 
7782 
9118 
6509 
7839 
6506 
6506 
6504 
6501 
6854 
6501 
6501 
6500 
8855 
6497 
6496 
6496 
6495 
6494 
6492 
7515 
8181 
6490 
8068 
6487 
6487 
6485 
6484 
6482 
6843 
6482 
6482 
7347 
7472 
6480 
6480 
6480 
9326 
6479 
6479 
6514 
6478 
6475 
6471 
6465 
7176 
8526 
9601 
9973 
7956 
8779 
6464 
8865 
6463 
9786 
7086 
8431 
6458 
7328 
7025 
6458 
6455 
6453 
6452 
6448 
6448 
6446 
6446 
8348 
6445 
6822 
8231 
6445 
6443 
6720 
8021 
6443 
6442 
6442 
6441 
6439 
6439 
6437 
6435 
6435 
6434 
6434 
7386 
6432 
6430 
6430 
6430 
6428 
6427 
6862 
8975 
6426 
6426 
7146 
7073 
6426 
8923 
6422 
6419 
6418 
6418 
6916 
8678 
6417 
6415 
6410 
6410 
6409 
6409 
6458 
6629 
6408 
6408 
6405 
7556 
6403 
8177 
6402 
6402 
6401 
6401 
6400 
6399 
6397 
9706 
6397 
7446 
6394 
8148 
6393 
6392 
8462 
6387 
9418 
9336 
6386 
6383 
6382 
6604 
6382 
6380 
8359 
9435 
6380 
9570 
6379 
6379 
7770 
6379 
6377 
8280 
6377 
6374 
6372 
6371 
6370 
7470 
8625 
6935 
8075 
6370 
6367 
6367 
9644 
9759 
6600 
8753 
6365 
6362 
7157 
6442 
6359 
6359 
6356 
6725 
7699 
6355 
6354 
6354 
6353 
6353 
6352 
6349 
6345 
6345 
6344 
8153 
6341 
6341 
9710 
6340 
6338 
8841 
6338 
7133 
6336 
9348 
6336 
9151 
6336 
9431 
6334 
8481 
6333 
7950 
6330 
6329 
6329 
9914 
8151 
6328 
6328 
6327 
6326 
6325 
6325 
8410 
6324 
6323 
6321 
6321 
6320 
6319 
6512 
6317 
7591 
6313 
6872 
6312 
6311 
9547 
6311 
6310 
6310 
8673 
6306 
6306 
6769 
6304 
8658 
6303 
6302 
9558 
6301 
6301 
6301 
6300 
6300 
6298 
6743 
6298 
7139 
8574 
6297 
7569 
8002 
6297 
8140 
8497 
6297 
8335 
6301 
9940 
6290 
6287 
8207 
6285 
6282 
7425 
6279 
7771 
8122 
9936 
7432 
7971 
6279 
6277 
6275 
6275 
7866 
9404 
7242 
6274 
8656 
6274 
6270 
6270 
6269 
6268 
6267 
6264 
7052 
6263 
6261 
6261 
6261 
6257 
9619 
9360 
6396 
6254 
6253 
6253 
9022 
6252 
7647 
8691 
6570 
8546 
6250 
6250 
6249 
6249 
9868 
6249 
9247 
6248 
8430 
6248 
6246 
6246 
6245 
7292 
7001 
8880 
6245 
6244 
9688 
8163 
6243 
9399 
6242 
6241 
6240 
8915 
6239 
9799 
9026 
6236 
6236 
7585 
6384 
9711 
6235 
6235 
9442 
7142 
6234 
6233 
6230 
6229 
7499 
6227 
6226 
6222 
6218 
6217 
6214 
6212 
9750 
6210 
7749 
6208 
6207 
6206 
6205 
9645 
6792 
6204 
6751 
6204 
8642 
8625 
6203 
6203 
6200 
6199 
9409 
6198 
6198 
6455 
6195 
6193 
8427 
6191 
6187 
6185 
7419 
6182 
6181 
7058 
7270 
6179 
6179 
6179 
6177 
6172 
8745 
6172 
6170 
6168 
7252 
6165 
6154 
6987 
6153 
8625 
7230 
6153 
9394 
8367 
9479 
6364 
6152 
8013 
9754 
7144 
6836 
6151 
6150 
6150 
6149 
6149 
6149 
8990 
7179 
6148 
6147 
6146 
7793 
6146 
6975 
6145 
6142 
6141 
6610 
6140 
6140 
6139 
6986 
6138 
6135 
6134 
6133 
6133 
6132 
6131 
7995 
7742 
6131 
6511 
6130 
6127 
6127 
6156 
6127 
6127 
6865 
6126 
6126 
6125 
6124 
6123 
6118 
6117 
7120 
6116 
7381 
6115 
7629 
6114 
6113 
8341 
6113 
9092 
6111 
8689 
6111 
6109 
6477 
7991 
6107 
6105 
8563 
6102 
6102 
6704 
6101 
6101 
8477 
7824 
6100 
7097 
9304 
6100 
8989 
9499 
6099 
6097 
6096 
6093 
6092 
7504 
6092 
6091 
7493 
8082 
6091 
6089 
7878 
6089 
7718 
6086 
9375 
6085 
8745 
6081 
7718 
6081 
6081 
6080 
6078 
8437 
9012 
7587 
8193 
6077 
8355 
6077 
7706 
6075 
6073 
8334 
7101 
8567 
6072 
6069 
6726 
6065 
6065 
6062 
6061 
6061 
9026 
6058 
6589 
6056 
6053 
7829 
9835 
7260 
6052 
6051 
6051 
6049 
6773 
6045 
9722 
6045 
7865 
6043 
6041 
6041 
9112 
8148 
6039 
6217 
6038 
7379 
8800 
9241 
8814 
6036 
9944 
6034 
6033 
6027 
9437 
6027 
9382 
6099 
9683 
6488 
6026 
6026 
6864 
6970 
6370 
6024 
6024 
6020 
6852 
6019 
8240 
9701 
9965 
6019 
6018 
8214 
9196 
6014 
6014 
6013 
6010 
9753 
6010 
6172 
6008 
7531 
6007 
6007 
6120 
6005 
6005 
8488 
6003 
8280 
7031 
6002 
7853 
9556 
9109 
6000 
5999 
9410 
5998 
5993 
9160 
5993 
5992 
5992 
5990 
6877 
8493 
7789 
7378 
8098 
5988 
5983 
6068 
5983 
5982 
5981 
6397 
9159 
5980 
5980 
5978 
6518 
8635 
5976 
5973 
6302 
5972 
8861 
5970 
5969 
5968 
6220 
6710 
5967 
5966 
7405 
9535 
6036 
9260 
6076 
8581 
6308 
7446 
5963 
5962 
5961 
8967 
7070 
6983 
5961 
5960 
5960 
5960 
9295 
7083 
5959 
5958 
7346 
5953 
5952 
7376 
5952 
5951 
5951 
5951 
5950 
9487 
5950 
5947 
5946 
7325 
5945 
5945 
5945 
7611 
5941 
5938 
5935 
8391 
7679 
5935 
8341 
5934 
7109 
5933 
8795 
5933 
5928 
5928 
5926 
5925 
5923 
8762 
9269 
7360 
7443 
5921 
5921 
7892 
6637 
5920 
5919 
6791 
5917 
7369 
5916 
5916 
9378 
5915 
9867 
8308 
5914 
5914 
5913 
6807 
5911 
5911 
6707 
5911 
8544 
6588 
5910 
5908 
9770 
5908 
5907 
5907 
9051 
5903 
5903 
5902 
5901 
5900 
5900 
5899 
7556 
5897 
5891 
9066 
5887 
5886 
7406 
5886 
5885 
5883 
7029 
5882 
5881 
7242 
5881 
9956 
5881 
5880 
5880 
5877 
9960 
5876 
8462 
7312 
7585 
5876 
5875 
5875 
5874 
5872 
7266 
5871 
5870 
5868 
5868 
5867 
5861 
5859 
5859 
9753 
5859 
5857 
9936 
5853 
5850 
5850 
5849 
7413 
5848 
5846 
5845 
5844 
5838 
8912 
7401 
5836 
5836 
9335 
5831 
9745 
9191 
7817 
9555 
6496 
6792 
7242 
5829 
5957 
5828 
5828 
7849 
6931 
5827 
9273 
5827 
5826 
5825 
5825 
5823 
8415 
5822 
9410 
9223 
9435 
5820 
6495 
5819 
8843 
5819 
5818 
7736 
5818 
5815 
9696 
8339 
5808 
6221 
7292 
5808 
5894 
9352 
9564 
8942 
5807 
6506 
6661 
9895 
5806 
7836 
6375 
5805 
6431 
8430 
5804 
5804 
5803 
8810 
5803 
9576 
5802 
9737 
5801 
5800 
5798 
5797 
5797 
5796 
7526 
5795 
5791 
5791 
5790 
7136 
5789 
5809 
7486 
7738 
5789 
9467 
7780 
5788 
5786 
8790 
5786 
5786 
5783 
8443 
5782 
6145 
5782 
6801 
6615 
5782 
5780 
5780 
5779 
9736 
5778 
9802 
9906 
5774 
9992 
5772 
5771 
8484 
5771 
6044 
5770 
6462 
6315 
5770 
5769 
5767 
5764 
7656 
5761 
5760 
7304 
5759 
5759 
5759 
5757 
5757 
7164 
8891 
5755 
9550 
8733 
5755 
5755 
8603 
9870 
5754 
5754 
8407 
6089 
9631 
9878 
5753 
5753 
5751 
5750 
5749 
5851 
5745 
5745 
5745 
6156 
5745 
7117 
7787 
5744 
8492 
5744 
8885 
5744 
5743 
6748 
6039 
5740 
5739 
5738 
7916 
5738 
5738 
5737 
5737 
7242 
5736 
5736 
5736 
5890 
5736 
5733 
6290 
6528 
5733 
9428 
8527 
5732 
5730 
5729 
5728 
8913 
5728 
5728 
5728 
5726 
8360 
8182 
6150 
9738 
5726 
5726 
5724 
5723 
5723 
5720 
5718 
5716 
5716 
5716 
5715 
9954 
5715 
5715 
5714 
5713 
6704 
5713 
8988 
6002 
5713 
5712 
8098 
5712 
7586 
7166 
5712 
6010 
9536 
5712 
5708 
5708 
5707 
7912 
5703 
5702 
8285 
5701 
7073 
5700 
7601 
7089 
8730 
5697 
5696 
5694 
5693 
9816 
5693 
5692 
7094 
5692 
5691 
5691 
5688 
5688 
8735 
5688 
9268 
5688 
5686 
8465 
8171 
5685 
7014 
5683 
5683 
5681 
6376 
8272 
5681 
8200 
5676 
5674 
5673 
5671 
9749 
7374 
5671 
5670 
5670 
5670 
8365 
5669 
5669 
9798 
5669 
5668 
7934 
5660 
5659 
5657 
6015 
5656 
5654 
9593 
5653 
5653 
5653 
5650 
5678 
5650 
8397 
5649 
5649 
5649 
7651 
7742 
5648 
9591 
5648 
5647 
5647 
6656 
5647 
7334 
5644 
7303 
5641 
5641 
5640 
7054 
5640 
7458 
9927 
5640 
7368 
5640 
8109 
6704 
7449 
5639 
6765 
5636 
7298 
5635 
5634 
7453 
5633 
5934 
8243 
5633 
5631 
7988 
5630 
5628 
5627 
7939 
5624 
7929 
9511 
5624 
5623 
5622 
9970 
9567 
7295 
5622 
8521 
5622 
9917 
5621 
9673 
5620 
6604 
5955 
5620 
5620 
7080 
5619 
8800 
5619 
5619 
5617 
5616 
5614 
5613 
5612 
6350 
6121 
8339 
7689 
9574 
7965 
8665 
5610 
5608 
5607 
5604 
5604 
9728 
5600 
5599 
6588 
8018 
6866 
6597 
5599 
8010 
5599 
5598 
5593 
5592 
5589 
9473 
8996 
5586 
5584 
5582 
5582 
7004 
5582 
5581 
8216 
5579 
8800 
9377 
6129 
7523 
5631 
5576 
5576 
5721 
5575 
5575 
5575 
7415 
5573 
8755 
5572 
5569 
5568 
5568 
5568 
5568 
5754 
6719 
5567 
5924 
5566 
8730 
9693 
8310 
6758 
8779 
5564 
5563 
5712 
5563 
5562 
5562 
7762 
5944 
5561 
7963 
5559 
7392 
8298 
5557 
5794 
8815 
8411 
9211 
5557 
5557 
5556 
8240 
9784 
5556 
9681 
7547 
6796 
5556 
7165 
5555 
6084 
5555 
5555 
8809 
8314 
6174 
7119 
5553 
8159 
5551 
9308 
5713 
6046 
8728 
5550 
5550 
5550 
9782 
5549 
6071 
5549 
7141 
5548 
9000 
5547 
5544 
8578 
8852 
6562 
5544 
5543 
9695 
8212 
9338 
9164 
5543 
7003 
5542 
7942 
8671 
5540 
8777 
5771 
9474 
5540 
5540 
5539 
5538 
5538 
9508 
5538 
5537 
5589 
5537 
5536 
6601 
5535 
5534 
5534 
5533 
5533 
5531 
5697 
5530 
5529 
7481 
5528 
5528 
6925 
5528 
5527 
5765 
6371 
5525 
8071 
7714 
6392 
7910 
7118 
9177 
8717 
5525 
5524 
8859 
7974 
5524 
9418 
6878 
6730 
7800 
9039 
9300 
5524 
5524 
6686 
9714 
5519 
7945 
5519 
9540 
5519 
8044 
7079 
5518 
9455 
5518 
5516 
6974 
9336 
8777 
5514 
8591 
6311 
5514 
6414 
5513 
6002 
9383 
6692 
8767 
6628 
8638 
5777 
5511 
5508 
5508 
5507 
5507 
5506 
5505 
5503 
7342 
6916 
5503 
5502 
9145 
8560 
5803 
5501 
8256 
5500 
5500 
5500 
5498 
5498 
5497 
5496 
8851 
5495 
5494 
7065 
8885 
5492 
7818 
5490 
9862 
5490 
9595 
6073 
5490 
7817 
5487 
5696 
5880 
5486 
5485 
5485 
5485 
5484 
8085 
8919 
5484 
5483 
5474 
5474 
6868 
7209 
7681 
5473 
5472 
5471 
7176 
6384 
5917 
9799 
5470 
5469 
5469 
5468 
6677 
5788 
9666 
6960 
8163 
5467 
8377 
9305 
5467 
5566 
5466 
7176 
5465 
6190 
5463 
5600 
5463 
5462 
5462 
6368 
8017 
5462 
5460 
5456 
5455 
5453 
7883 
5453 
7341 
5453 
6501 
5656 
5450 
5450 
5449 
7730 
5449 
5448 
6010 
5447 
5477 
5446 
6834 
5446 
5445 
5443 
5440 
7582 
5440 
5438 
8960 
6158 
7966 
5437 
7504 
5436 
5435 
9527 
5434 
5889 
5434 
5433 
9381 
7131 
5433 
9381 
5432 
5809 
5430 
9657 
5428 
5427 
5427 
8321 
8086 
5425 
6431 
8501 
9047 
8033 
5935 
5424 
5423 
6330 
9287 
5423 
5422 
5994 
5420 
5419 
5418 
6815 
5418 
8664 
5418 
5416 
6593 
9603 
5416 
5415 
5415 
6345 
5415 
6087 
5415 
9423 
9531 
7480 
8837 
9185 
5642 
5415 
5896 
5413 
5412 
5412 
5411 
5410 
6556 
6515 
5409 
5409 
5408 
5407 
5407 
5406 
5405 
8796 
5405 
7760 
7370 
7180 
5405 
5667 
9094 
7086 
5404 
8437 
8594 
5404 
8109 
9015 
6278 
6061 
5402 
7488 
5402 
5402 
5401 
9282 
5401 
7273 
5831 
5400 
5400 
9891 
8937 
5399 
8245 
7168 
5397 
5394 
5394 
8770 
5393 
8378 
8757 
5393 
5393 
5391 
5389 
9315 
5792 
5388 
8159 
5387 
9525 
5387 
5387 
8349 
5387 
7376 
8279 
5385 
5385 
5381 
9917 
6750 
5711 
5381 
5381 
5381 
5380 
6144 
5378 
8415 
5375 
5372 
6484 
6002 
9651 
5370 
5368 
5367 
6231 
6321 
5365 
5364 
5364 
8124 
5728 
5362 
5357 
5354 
5353 
7718 
5353 
5352 
9633 
5350 
5349 
5347 
8672 
5343 
5342 
5341 
5339 
6691 
5338 
6658 
6638 
7852 
5811 
9528 
8412 
5335 
8129 
7860 
5335 
7262 
7083 
5335 
5333 
6722 
9490 
5774 
5333 
5331 
5327 
6703 
5326 
5587 
5324 
5323 
5323 
5320 
5918 
8213 
5315 
8172 
9103 
5313 
5311 
5311 
5311 
7555 
5310 
5310 
8057 
5309 
7714 
8941 
5309 
9888 
7147 
6615 
5308 
9657 
5306 
5305 
5304 
9807 
5300 
5665 
5300 
5299 
5299 
9668 
5297 
5297 
9657 
5296 
8519 
6860 
7245 
5294 
5294 
7848 
8897 
5294 
5293 
5538 
6562 
7410 
9552 
5293 
5341 
8619 
5292 
5292 
5600 
5290 
5289 
9514 
9760 
5280 
9744 
8649 
7968 
5861 
5280 
6379 
8545 
8530 
9959 
9332 
5279 
5278 
6920 
9993 
5278 
5277 
9237 
9875 
9859 
9765 
5277 
5276 
6926 
5276 
8724 
5275 
5275 
6380 
8476 
8226 
9082 
5274 
5274 
8498 
5272 
8331 
5271 
9433 
8784 
5270 
5268 
6490 
8549 
5267 
9874 
5267 
6923 
5266 
6337 
9487 
5266 
5265 
9918 
5265 
5264 
5648 
5264 
5263 
5263 
5263 
5262 
5848 
6378 
5261 
5261 
5256 
7843 
9956 
8543 
7985 
6825 
5255 
8681 
5254 
5253 
7197 
5773 
5252 
5501 
9207 
5250 
5248 
5247 
5245 
9696 
6386 
9312 
6864 
5244 
9993 
5244 
6544 
5242 
5643 
7190 
5241 
5920 
7216 
9595 
6680 
5240 
5240 
8242 
6536 
9544 
5239 
5238 
8380 
5238 
5236 
7217 
5235 
5235 
7871 
6590 
5233 
5232 
5231 
5228 
6554 
5226 
5225 
5224 
5224 
5223 
5223 
8122 
5223 
8193 
6023 
5222 
9268 
9634 
6814 
6281 
5221 
9871 
6209 
5217 
7392 
6961 
6436 
6046 
9757 
5215 
5215 
8353 
9823 
5859 
5214 
5214 
5213 
9681 
6629 
5213 
5212 
9871 
5210 
8261 
8859 
5210 
5210 
5860 
5208 
5207 
6023 
9042 
7620 
6722 
5206 
6666 
5204 
7303 
7382 
5202 
9538 
6106 
5202 
9852 
7607 
7114 
5199 
5199 
9065 
5199 
9091 
5197 
5866 
5196 
8585 
5196 
5877 
5194 
5193 
5193 
7323 
5192 
5191 
5188 
5188 
5188 
5509 
5185 
5184 
5183 
5180 
9362 
6311 
5180 
5422 
5180 
9387 
8136 
7804 
5179 
8217 
5178 
8739 
5588 
5176 
5176 
6013 
9228 
5175 
7580 
9733 
5174 
5171 
5171 
5171 
5169 
9030 
5169 
5165 
9074 
5164 
5162 
5162 
9292 
5162 
7801 
9066 
9116 
8338 
5161 
7449 
6242 
5161 
6366 
5159 
5159 
7676 
5880 
6013 
5159 
8064 
5158 
8411 
8033 
5156 
5155 
6810 
5154 
5154 
9083 
5152 
5150 
5149 
5147 
5147 
5146 
5146 
5145 
7449 
5144 
5142 
5412 
5141 
5140 
5138 
5138 
6183 
5138 
7847 
9873 
5137 
8957 
5136 
6583 
9219 
7702 
7592 
6515 
9168 
5135 
5135 
5131 
6763 
7041 
7107 
8186 
5129 
5128 
5127 
5127 
5283 
5126 
5125 
6210 
5124 
5123 
5122 
8085 
9997 
5121 
5121 
8373 
5118 
6175 
5117 
7274 
5115 
5260 
5113 
5112 
8892 
6562 
8992 
5111 
6747 
5110 
5755 
5110 
5110 
6177 
6051 
5109 
5109 
8400 
5106 
8757 
8675 
5106 
5892 
5104 
5104 
8749 
5829 
8415 
5986 
5648 
6982 
6565 
5104 
5104 
9862 
5405 
7221 
9974 
5101 
6670 
5100 
5100 
5099 
9988 
5098 
5095 
5093 
5093 
5092 
5091 
5090 
6790 
6791 
6276 
5090 
7653 
5151 
8646 
5089 
5088 
6370 
7893 
5088 
5088 
9703 
6087 
5086 
6258 
9059 
9762 
9531 
6615 
9688 
9218 
5329 
5085 
5084 
5084 
8270 
8123 
7269 
5084 
5084 
5082 
9516 
5082 
5080 
9167 
5179 
6586 
7865 
5326 
9447 
5078 
5566 
6034 
5078 
5078 
5077 
5077 
5075 
7559 
5075 
5075 
5073 
7074 
5073 
5076 
5072 
8423 
8844 
9810 
9079 
5070 
7206 
5069 
5435 
9724 
5069 
7983 
5068 
9233 
9381 
7414 
8072 
7249 
5067 
5456 
5066 
5065 
5063 
6228 
5063 
8440 
6608 
5062 
8417 
9979 
6740 
9127 
7797 
7328 
8756 
6087 
5959 
5061 
6164 
9793 
7576 
6962 
5061 
5059 
5057 
5055 
5055 
6853 
5055 
5052 
7216 
5052 
5052 
5051 
7387 
9703 
5050 
5049 
5046 
5045 
5044 
5044 
5041 
7792 
5041 
9647 
9053 
5041 
5040 
5037 
5031 
5031 
8916 
7958 
5029 
5028 
5027 
5026 
5026 
5025 
5021 
6872 
5019 
5019 
5018 
5018 
8804 
5018 
7572 
5017 
5016 
9219 
7379 
5014 
5014 
5068 
5013 
7341 
5012 
