15000
3449 
590 
4602 
802 
4468 
4185 
6377 
5517 
6863 
9541 
4426 
133 
3809 
1944 
3719 
1204 
7312 
590 
1141 
5159 
4023 
9127 
921 
5238 
6202 
141 
5560 
7756 
1060 
454 
4847 
8854 
7874 
1550 
506 
5118 
8033 
8971 
8038 
3445 
7351 
6269 
4941 
7400 
6904 
3989 
4050 
3714 
5787 
2022 
7821 
7062 
5373 
3364 
9361 
8934 
6616 
1463 
442 
8941 
3820 
5267 
7302 
3443 
3421 
323 
4376 
3024 
4688 
266 
4113 
7757 
6717 
2388 
7374 
9062 
3359 
4318 
2094 
2167 
5847 
4544 
1258 
1643 
2264 
5080 
8605 
2605 
3195 
1744 
5403 
7214 
4860 
4093 
7826 
3600 
7861 
3691 
1853 
7357 
497 
1751 
6081 
2125 
6684 
5615 
2571 
6179 
1073 
4721 
511 
8480 
9228 
1683 
4806 
8423 
6172 
398 
6859 
7966 
9854 
8658 
2629 
8577 
8114 
5219 
2461 
7540 
7970 
6739 
2782 
9131 
9691 
8647 
7426 
6793 
7702 
5936 
5067 
6008 
5479 
6575 
4397 
2469 
1160 
1796 
5260 
6955 
3043 
5211 
905 
866 
2276 
1839 
3655 
7345 
1204 
1186 
7544 
9681 
7712 
80 
7436 
1025 
7751 
6483 
5703 
8609 
5576 
9525 
4604 
7568 
2034 
7706 
5997 
3617 
6844 
4455 
2983 
7591 
9306 
4405 
2449 
9466 
4527 
2362 
982 
8179 
2530 
5502 
3549 
5293 
3236 
3433 
2840 
7870 
7303 
5974 
8155 
442 
9468 
6544 
2391 
836 
3597 
7515 
3928 
135 
2799 
4007 
6625 
7052 
5329 
3973 
8036 
685 
8216 
7297 
4417 
2395 
5814 
5337 
3192 
7623 
9191 
4093 
7666 
7683 
8935 
9513 
7976 
672 
656 
5574 
6725 
1348 
7283 
8818 
7946 
3342 
8740 
1433 
7135 
6853 
7594 
4015 
1653 
4447 
8136 
2409 
8728 
1811 
2193 
1916 
9988 
4882 
7631 
5150 
2650 
5467 
8677 
4129 
6771 
6802 
8699 
7661 
4408 
2734 
9874 
5472 
5284 
6159 
1992 
1654 
7938 
733 
2890 
1959 
833 
2992 
4706 
7040 
5914 
7431 
896 
2760 
227 
6579 
7463 
699 
2297 
6300 
4074 
8784 
7176 
8027 
4059 
1525 
5037 
2872 
4970 
4970 
6345 
2998 
5945 
9471 
7970 
4485 
1483 
8078 
7415 
8273 
2744 
5261 
6474 
6934 
5495 
5875 
725 
3559 
2686 
8572 
5260 
7184 
8024 
4215 
2561 
1750 
2691 
5894 
6246 
203 
3341 
515 
4348 
3381 
377 
6334 
8004 
7804 
4395 
8730 
8131 
3167 
2050 
761 
6653 
5826 
4653 
7420 
1041 
1807 
9522 
643 
8369 
8022 
759 
4679 
4845 
7124 
8134 
1178 
6506 
4434 
2394 
7178 
3428 
4910 
4241 
8404 
4337 
4222 
9546 
31 
1160 
5147 
6824 
9201 
1622 
8470 
6159 
2816 
3943 
2972 
1879 
5323 
6908 
1976 
5753 
8343 
6864 
3193 
8812 
9879 
3478 
1596 
9805 
1496 
3891 
7831 
6135 
6714 
40 
1220 
6901 
6645 
6167 
3323 
7427 
8543 
5973 
3352 
1299 
2100 
5905 
3722 
2505 
4108 
9824 
1294 
1902 
4435 
3545 
6830 
5954 
7721 
288 
2382 
8873 
9761 
343 
6776 
3025 
6849 
9255 
3358 
5039 
2180 
309 
2932 
542 
2560 
6923 
5771 
9909 
3970 
719 
3765 
3549 
5320 
3537 
2737 
4497 
6583 
8128 
805 
5857 
7286 
4672 
3632 
2617 
322 
5043 
8417 
2099 
6151 
90 
8239 
6964 
3198 
6593 
5472 
7867 
1653 
907 
8879 
943 
319 
2420 
6660 
738 
9524 
5481 
3870 
3706 
8969 
9808 
9903 
975 
706 
8894 
2872 
5981 
6445 
5900 
358 
2386 
7517 
9345 
5206 
525 
3930 
5675 
2338 
6819 
4918 
9438 
6254 
3988 
303 
2920 
8223 
180 
1710 
7644 
9542 
6982 
2345 
5069 
1146 
2337 
5984 
1890 
1620 
385 
1047 
236 
4449 
2435 
4600 
8298 
763 
3013 
6030 
72 
4305 
3683 
7194 
3169 
1952 
3889 
3953 
900 
9011 
7036 
415 
4213 
2933 
3149 
5598 
6917 
4028 
1931 
1696 
5056 
7079 
4073 
1983 
7751 
2547 
9623 
8320 
8938 
6544 
5188 
2745 
8901 
5260 
5694 
7803 
7646 
7065 
1920 
5472 
9003 
3353 
15 
6480 
5480 
7989 
6447 
2708 
7531 
2580 
8838 
802 
6687 
8548 
5676 
923 
3925 
2789 
3041 
2497 
6276 
1210 
8581 
7352 
1860 
4496 
3817 
7516 
5229 
3094 
2096 
7072 
5899 
8220 
5302 
197 
1440 
7452 
5247 
8188 
2182 
3494 
1910 
8306 
839 
8010 
5064 
7321 
5425 
50 
5690 
4527 
5907 
1287 
6788 
3970 
1433 
1793 
8199 
2480 
9890 
1784 
765 
8399 
4962 
7976 
9780 
3053 
2534 
905 
8500 
2535 
9412 
6104 
7349 
7851 
223 
3159 
9102 
2284 
5967 
9761 
2483 
9960 
2196 
3336 
6224 
4596 
5894 
8111 
5531 
4604 
164 
4900 
3007 
6121 
1215 
4439 
2876 
2599 
1732 
9740 
5182 
858 
6078 
8128 
5007 
1187 
865 
8642 
6787 
5436 
5815 
9076 
2024 
7174 
8266 
4551 
8653 
2612 
1844 
4334 
7879 
3566 
1783 
6591 
7499 
370 
9952 
203 
3066 
6983 
4377 
6533 
2701 
3167 
9915 
1792 
7684 
1504 
7868 
1111 
4163 
250 
4717 
7573 
346 
3141 
9815 
9559 
359 
744 
4318 
4013 
7278 
6990 
9787 
4294 
9446 
8164 
5832 
2442 
384 
5275 
7040 
4524 
5910 
5316 
9048 
927 
6129 
861 
8050 
3870 
3873 
5372 
3978 
8685 
3719 
6731 
493 
8066 
8956 
8979 
6219 
6913 
591 
1407 
5056 
4139 
1067 
1768 
5449 
7602 
6260 
6920 
3926 
3830 
9111 
8348 
7428 
6112 
7423 
7806 
2373 
2932 
4215 
1533 
9303 
3423 
8152 
2996 
314 
7638 
4889 
5717 
6071 
4434 
3658 
478 
8724 
7975 
2337 
9989 
8792 
8590 
2590 
9783 
887 
2868 
7928 
8115 
4377 
6099 
3319 
7877 
2360 
5776 
9504 
9851 
3193 
4179 
9362 
749 
8809 
4846 
6730 
9820 
2864 
7523 
2626 
4379 
1075 
7128 
130 
3402 
6255 
3284 
4523 
8218 
9250 
3663 
7325 
1998 
2326 
1453 
8770 
653 
5208 
8061 
6274 
7881 
6167 
7539 
6896 
4728 
8285 
4238 
7722 
3358 
4507 
1575 
8160 
1854 
198 
4326 
2898 
6826 
2792 
6534 
351 
7102 
8106 
7553 
5988 
2122 
7520 
6234 
1369 
9177 
2063 
4066 
1720 
6555 
2029 
3417 
5317 
3148 
8800 
1078 
9431 
235 
2743 
2033 
7669 
9105 
1605 
1631 
806 
3487 
2320 
9507 
4549 
4760 
5659 
3631 
6324 
2515 
3407 
3838 
8459 
2606 
485 
7930 
9361 
8152 
4499 
3659 
9809 
9698 
2842 
21 
2901 
2258 
6050 
7379 
4425 
6412 
1491 
768 
1974 
3168 
8601 
284 
6295 
4638 
1391 
988 
4328 
1452 
5821 
8817 
9668 
21 
4398 
3297 
8959 
1481 
6809 
9814 
7630 
104 
2995 
7322 
949 
6645 
9109 
7857 
2501 
7215 
2033 
1339 
5954 
7074 
9963 
3619 
5064 
9269 
552 
5465 
9806 
4876 
184 
3421 
4274 
433 
9918 
4932 
2870 
6738 
103 
1537 
2641 
8866 
5434 
170 
2590 
5762 
2202 
7553 
3230 
5477 
9610 
941 
2432 
9484 
6989 
3476 
6510 
4686 
2452 
3494 
2525 
2444 
7349 
2926 
3992 
1058 
9501 
170 
1756 
3448 
4817 
3410 
146 
7537 
8146 
7886 
6186 
7025 
6740 
3286 
5820 
6134 
1641 
5409 
6268 
5439 
8014 
3181 
2239 
4957 
8685 
322 
8556 
9715 
2597 
5183 
9355 
2134 
983 
2242 
7363 
4323 
1406 
8158 
6414 
1246 
3775 
5963 
28 
5163 
7302 
8795 
3989 
4832 
703 
4796 
3856 
4589 
9555 
3551 
614 
2198 
7170 
4470 
6178 
3425 
4453 
2735 
6146 
9602 
9761 
9703 
3933 
1103 
4285 
5157 
5061 
252 
4078 
4386 
1184 
7550 
5072 
900 
6273 
6986 
3284 
4464 
2625 
868 
9943 
7080 
5759 
9473 
9662 
9176 
3913 
3608 
770 
5842 
8596 
1897 
3484 
7740 
9236 
3326 
7684 
6878 
2214 
9079 
4698 
472 
9591 
7334 
9066 
3147 
7475 
803 
929 
1961 
2651 
1838 
2468 
7138 
1646 
6170 
4097 
1681 
6485 
6452 
7471 
1200 
2724 
9267 
3733 
5911 
6481 
7182 
5172 
9004 
3386 
3288 
342 
7831 
5769 
192 
3393 
8528 
7452 
3103 
871 
7933 
9930 
1502 
7244 
1744 
8992 
8574 
8189 
7085 
4341 
2317 
7735 
8864 
7309 
3723 
2803 
7389 
798 
8007 
3023 
5648 
9553 
525 
8000 
328 
1107 
9293 
5971 
9584 
5946 
9909 
2185 
6489 
3098 
9426 
435 
6654 
769 
2936 
750 
2807 
4547 
9896 
8037 
4625 
4001 
5505 
6316 
8233 
1585 
3467 
9818 
6111 
9834 
4836 
4772 
6385 
6009 
8794 
7736 
4332 
968 
7422 
4974 
391 
3926 
2201 
879 
9620 
3349 
4102 
3329 
6145 
3231 
4394 
3217 
2123 
517 
1318 
1566 
7544 
8037 
565 
4943 
2471 
5746 
3944 
9569 
6970 
4477 
5269 
5586 
9406 
6997 
8429 
7773 
6794 
7608 
7570 
4022 
5263 
6444 
1661 
4474 
5278 
364 
4980 
9458 
301 
5384 
8551 
7987 
4532 
2063 
4920 
3083 
435 
1527 
2625 
3124 
5937 
6051 
7186 
4606 
1186 
8918 
7991 
3668 
1228 
1579 
729 
8304 
1631 
3827 
6873 
703 
82 
6970 
5356 
9862 
6176 
9428 
1299 
4741 
7255 
6383 
7997 
9314 
4852 
3825 
1072 
9647 
3160 
4731 
3023 
8735 
2003 
2467 
8526 
4328 
2270 
4192 
1706 
6545 
5440 
2618 
9220 
3550 
3706 
8182 
6148 
5557 
4828 
3712 
343 
1393 
7327 
5198 
2472 
7040 
4860 
4968 
228 
7319 
8739 
3379 
2691 
7916 
3391 
8934 
2919 
9475 
7157 
8394 
2336 
347 
4846 
8079 
3654 
6663 
5583 
7950 
2531 
9083 
8337 
3971 
4138 
6183 
9721 
2098 
2550 
1292 
4939 
7798 
1818 
8804 
2261 
3418 
3534 
9185 
5245 
6996 
8723 
372 
4052 
6434 
7668 
3903 
7162 
4882 
2618 
9445 
6304 
80 
7714 
8657 
5533 
3933 
2495 
8925 
4237 
7342 
3093 
154 
9627 
3949 
2185 
5175 
5138 
832 
172 
8288 
6908 
8281 
7250 
9641 
8590 
6504 
2652 
5808 
1888 
4896 
4106 
2468 
2577 
7113 
1776 
6552 
7947 
893 
2466 
7824 
4001 
8946 
5546 
3731 
4959 
4177 
6268 
9870 
5340 
5831 
6238 
6529 
3284 
1079 
2798 
8242 
1243 
8711 
404 
4770 
770 
4863 
3875 
5392 
1607 
1653 
5878 
7892 
9391 
9303 
3871 
1658 
3022 
8241 
3824 
3240 
28 
6954 
1951 
7452 
2892 
3047 
1607 
5892 
567 
1259 
7078 
564 
6094 
5242 
8538 
5590 
1639 
5303 
5654 
1212 
2995 
6792 
1392 
2414 
7182 
8625 
7462 
5047 
8644 
2574 
2110 
2310 
4326 
1567 
7380 
3910 
1674 
7606 
4619 
9116 
4863 
6949 
4318 
7818 
2166 
6468 
3840 
712 
2147 
8944 
7971 
371 
9790 
5129 
2723 
2136 
7592 
540 
1108 
8314 
7336 
2848 
115 
4457 
3078 
3423 
2202 
9262 
9008 
6777 
3704 
7361 
8353 
7424 
7740 
2765 
1334 
4667 
4316 
6673 
2781 
7211 
3684 
1239 
6597 
17 
7836 
6865 
4723 
120 
1894 
9278 
9287 
6400 
3086 
6677 
6155 
6473 
1511 
7519 
7560 
5786 
6716 
7907 
9632 
8669 
4134 
5687 
9137 
6208 
5268 
6979 
5389 
2595 
4833 
650 
9226 
8564 
2916 
6965 
209 
7204 
8433 
9677 
8965 
5477 
7758 
4961 
8455 
4016 
7422 
5206 
1230 
991 
8901 
5980 
8336 
3711 
797 
5532 
8058 
9484 
133 
6953 
879 
8560 
1895 
3076 
3179 
2582 
2640 
6157 
3744 
7805 
6761 
9666 
4299 
6537 
5150 
3992 
4256 
5947 
5007 
9384 
1731 
6711 
1971 
561 
6869 
665 
7719 
5183 
6339 
2381 
3194 
1978 
1481 
2942 
6661 
9591 
1800 
2118 
1510 
8760 
9370 
8880 
4869 
7622 
5262 
8495 
98 
4035 
1675 
4783 
8947 
143 
7708 
3902 
7740 
5680 
8787 
1012 
2840 
5237 
4016 
689 
1594 
4737 
5326 
4115 
2843 
740 
4896 
1702 
6800 
7263 
1863 
4527 
7537 
5061 
4178 
2291 
2703 
9967 
7449 
1133 
3139 
2242 
894 
9461 
7200 
5532 
9474 
1387 
902 
9362 
3318 
5455 
959 
6540 
5093 
8056 
1724 
1603 
7825 
5147 
3537 
6199 
2513 
3212 
2310 
9330 
2971 
5869 
4402 
5129 
4103 
9289 
8061 
5886 
7363 
4470 
3799 
7706 
6932 
5360 
5245 
2226 
9667 
2631 
4898 
2836 
5300 
54 
6062 
481 
8422 
1298 
7132 
3478 
2978 
1653 
6236 
1094 
5198 
9133 
1387 
4101 
2742 
5043 
4416 
5996 
4179 
7232 
2976 
122 
4066 
2801 
7161 
5269 
1726 
7949 
243 
4313 
2080 
4757 
649 
4741 
2697 
604 
4675 
6732 
6468 
8349 
4752 
1623 
8310 
1585 
3476 
9742 
8515 
9658 
6030 
7094 
8173 
8910 
8976 
3361 
8364 
9422 
4900 
8739 
3669 
8637 
4804 
614 
9916 
4860 
5262 
5780 
1274 
7826 
5329 
7249 
8543 
9864 
3586 
8842 
3025 
8850 
417 
8706 
1576 
8262 
1153 
3042 
153 
7645 
7458 
3848 
6519 
1511 
7191 
9002 
4915 
7792 
9632 
1539 
3469 
5755 
3291 
4771 
8557 
8799 
1050 
4587 
4666 
9147 
9580 
1134 
7456 
7958 
6383 
6149 
1182 
2280 
9426 
3725 
2842 
6985 
234 
30 
7238 
4082 
8276 
4504 
2050 
8858 
890 
8488 
1118 
797 
7757 
3536 
9533 
8394 
6092 
5804 
2474 
553 
5381 
3536 
5411 
5501 
7466 
8429 
4907 
3934 
8248 
2773 
3838 
4632 
6889 
1722 
8316 
3199 
9768 
1045 
3511 
7242 
708 
7283 
2960 
436 
8084 
9034 
7555 
3044 
1221 
3070 
5026 
6729 
5834 
4663 
404 
8695 
6811 
4004 
2773 
3405 
7274 
1283 
3541 
7870 
4474 
6816 
7696 
1084 
6137 
2973 
745 
3524 
3829 
7065 
492 
4559 
15 
9449 
4639 
3951 
3119 
6222 
1141 
5441 
3846 
7427 
1162 
9350 
5639 
7725 
72 
2157 
2199 
1527 
9179 
538 
4006 
4362 
2563 
1608 
2989 
4582 
7725 
1474 
5578 
7602 
225 
5140 
2526 
7487 
9407 
8524 
7613 
9230 
6921 
9869 
6716 
6613 
2515 
1638 
6648 
9601 
1260 
8287 
5376 
9606 
951 
1686 
1001 
3005 
1461 
51 
8504 
4774 
8833 
7726 
3643 
6129 
7437 
5927 
141 
6747 
9239 
3529 
3416 
87 
1538 
1245 
3892 
5997 
6584 
3066 
5455 
8593 
5094 
873 
4791 
4200 
8953 
2532 
3507 
4667 
6972 
7285 
817 
5561 
9760 
6256 
7684 
918 
2223 
9265 
9913 
8637 
1740 
8859 
6564 
480 
9007 
9178 
6366 
8296 
3440 
6173 
707 
1059 
8099 
5873 
865 
1151 
9531 
8869 
9229 
962 
6810 
7980 
3884 
3188 
7199 
9558 
6072 
8610 
7216 
9158 
2536 
1096 
5732 
5577 
9842 
3404 
3034 
4122 
6785 
7662 
4608 
1314 
7723 
536 
8240 
6142 
6103 
6811 
3927 
903 
9415 
4796 
3560 
2785 
5381 
3757 
6340 
2440 
1558 
4872 
5249 
3862 
3994 
8655 
8414 
6337 
702 
4299 
5163 
1915 
5668 
3179 
6706 
8286 
4494 
8690 
7659 
5872 
9339 
1520 
1106 
4351 
4935 
3062 
489 
3957 
8835 
7367 
7255 
2802 
8948 
498 
8024 
462 
8166 
7190 
6817 
9596 
6032 
9810 
3816 
144 
1179 
7746 
4357 
8225 
7964 
3822 
5768 
2053 
4036 
2569 
3552 
8286 
6596 
7210 
8441 
6619 
239 
3386 
8562 
4778 
5122 
4936 
3567 
3416 
8175 
4146 
9710 
4819 
652 
1681 
2324 
8957 
1518 
3393 
9861 
3332 
4389 
298 
6885 
1196 
5288 
6271 
9777 
8936 
3770 
1766 
8028 
5877 
9855 
2767 
5831 
2533 
950 
7346 
8455 
6870 
5467 
9615 
5743 
669 
615 
4501 
489 
2406 
2574 
5282 
2474 
1619 
3573 
9859 
3345 
4827 
9434 
9891 
9651 
3091 
6751 
6405 
508 
1343 
3113 
1862 
4500 
9974 
2640 
240 
7840 
5836 
5199 
6800 
4885 
9196 
4193 
5260 
5811 
7109 
4559 
1880 
711 
7303 
3874 
4844 
4506 
5734 
7973 
4146 
5244 
3011 
8317 
3329 
7641 
8085 
691 
83 
7720 
7685 
8749 
8938 
7776 
8106 
6167 
8215 
3008 
8155 
9113 
8398 
8273 
6384 
417 
600 
8991 
320 
9093 
9689 
2331 
3699 
9986 
4412 
6381 
3412 
4648 
699 
6354 
5176 
8404 
4320 
8507 
9650 
7227 
6783 
7164 
7970 
9615 
6528 
4030 
966 
9241 
6338 
7273 
7066 
921 
940 
3667 
9684 
7228 
6291 
6584 
7424 
9768 
7691 
4382 
9370 
9034 
8791 
7787 
7725 
7824 
8840 
8824 
9968 
4805 
4312 
1427 
66 
9683 
7163 
5803 
260 
456 
7990 
3393 
9154 
6704 
5687 
9951 
3084 
4046 
6434 
4941 
9350 
5298 
6043 
7246 
3920 
6629 
350 
2403 
9158 
2579 
8202 
9850 
7423 
2492 
3120 
8862 
634 
4656 
3706 
7733 
9408 
6159 
7943 
5639 
4455 
8556 
3336 
1538 
8410 
4315 
3901 
6093 
6405 
7863 
1466 
8985 
6621 
2139 
2715 
6564 
5953 
7628 
7545 
5522 
850 
8675 
7021 
9946 
4676 
162 
3357 
1704 
6347 
9332 
1443 
8117 
9815 
5247 
1980 
5888 
5577 
936 
2607 
3865 
6531 
4241 
7928 
1944 
80 
8937 
5717 
5150 
6796 
7876 
406 
8557 
7542 
254 
6248 
6895 
7480 
7911 
3814 
1621 
760 
5502 
8793 
8271 
8885 
2560 
6977 
7678 
6534 
5004 
6852 
8934 
5539 
795 
9012 
6498 
5843 
7632 
4119 
1364 
7081 
5878 
988 
8247 
1965 
9353 
9515 
8235 
2393 
4275 
3824 
9383 
4742 
887 
1502 
3304 
6788 
7089 
8790 
4201 
1705 
3105 
1416 
5810 
4472 
5267 
9839 
1264 
9961 
1585 
513 
7450 
2519 
2255 
4589 
6589 
9649 
988 
6984 
1516 
589 
2309 
6960 
1968 
9575 
34 
1064 
2390 
8244 
849 
4046 
7900 
1417 
9561 
5534 
9965 
1918 
5876 
655 
3465 
6010 
1947 
8251 
4730 
2789 
7481 
1981 
5215 
2932 
7653 
1076 
4555 
4246 
7115 
7562 
5249 
8534 
7469 
8907 
4353 
2946 
1927 
145 
9782 
763 
3106 
3235 
431 
1140 
6565 
2982 
7188 
9774 
2741 
4426 
5118 
6927 
6658 
4049 
2819 
3270 
6383 
901 
4456 
165 
5952 
4703 
1908 
8409 
4234 
202 
3792 
3226 
928 
69 
1355 
101 
4842 
9712 
8286 
8025 
6466 
773 
2901 
9971 
6373 
3721 
7992 
5288 
4797 
6596 
4176 
4698 
8270 
1491 
1199 
1322 
9246 
1633 
3305 
8668 
6870 
9316 
5924 
7377 
9978 
1577 
7162 
4336 
7779 
6361 
8748 
6909 
9498 
3658 
3730 
9715 
404 
7007 
5624 
4214 
4629 
8722 
5300 
8610 
144 
6801 
8179 
8256 
7740 
3306 
7945 
113 
6003 
8406 
2934 
2134 
161 
1828 
3448 
5166 
4983 
1756 
5476 
587 
8710 
7082 
3671 
2506 
6618 
1177 
9591 
6981 
2535 
9030 
1958 
9866 
4544 
1895 
7253 
3303 
4904 
4804 
4179 
1064 
8679 
5832 
7638 
5502 
1113 
4534 
5852 
5359 
5242 
2588 
5355 
841 
3931 
8153 
1917 
1369 
6449 
9696 
7303 
6335 
5605 
7199 
411 
9492 
9275 
8683 
6478 
9310 
9442 
5073 
3329 
2869 
1662 
1372 
5127 
577 
4766 
8946 
2161 
8315 
7773 
1191 
1780 
7459 
1320 
4194 
216 
3937 
3477 
2989 
3169 
950 
6019 
3142 
3066 
1331 
3956 
3084 
6272 
7365 
6730 
145 
5069 
8228 
4023 
3579 
6005 
5163 
5285 
7094 
2677 
8735 
8250 
4209 
5441 
7598 
875 
7751 
6540 
3929 
9060 
788 
6225 
292 
820 
4501 
5887 
2953 
2035 
6872 
5940 
169 
7593 
829 
2064 
8684 
6789 
6500 
2053 
4529 
9120 
7995 
6496 
4075 
9198 
8871 
4878 
1615 
4490 
7025 
9250 
6977 
7224 
8232 
7888 
9074 
3104 
2867 
8929 
1956 
5851 
9856 
8476 
5673 
174 
8410 
2952 
853 
8409 
9932 
3553 
3080 
3196 
6030 
4980 
2881 
747 
2042 
8275 
9798 
5802 
9228 
9366 
7352 
3110 
6695 
7603 
6241 
9281 
4271 
8276 
7944 
1911 
2928 
2146 
2249 
2226 
1868 
480 
5822 
3618 
9940 
4673 
3701 
4782 
6589 
3293 
3592 
1445 
295 
5166 
1214 
6674 
2754 
4642 
9725 
2539 
4712 
8621 
9580 
8992 
8149 
3237 
7968 
6813 
119 
3905 
2185 
8373 
1766 
7854 
1660 
7748 
6032 
3006 
4524 
1690 
9609 
8569 
5124 
5455 
3186 
9514 
1389 
3604 
7071 
8807 
2452 
1297 
696 
4223 
3218 
3136 
2077 
2153 
8754 
632 
9520 
9053 
4767 
4628 
6864 
1787 
9371 
1773 
4482 
7138 
5113 
9281 
8939 
3241 
4018 
8408 
9784 
6894 
7781 
2735 
4449 
4114 
4820 
6664 
5389 
6507 
1397 
7836 
8811 
1988 
5499 
1372 
8518 
8151 
1722 
5775 
5074 
3982 
213 
5112 
222 
801 
9066 
3933 
8997 
8666 
540 
4636 
7099 
2964 
2695 
4100 
1435 
3040 
3598 
3141 
1610 
465 
1780 
8517 
5974 
5380 
8448 
2745 
2151 
331 
2647 
5768 
4644 
4130 
464 
3199 
8163 
9325 
3130 
3210 
2135 
5823 
9187 
2218 
7123 
6969 
7535 
866 
3792 
8579 
535 
682 
1782 
8623 
4830 
6651 
2672 
4033 
1846 
7139 
5498 
3545 
1322 
2851 
9669 
6779 
364 
7365 
5196 
2036 
3192 
314 
7253 
8105 
4395 
1935 
9459 
9877 
8379 
7878 
7398 
1015 
3920 
8648 
1176 
4602 
8205 
3678 
4139 
9954 
9684 
3799 
9473 
2065 
914 
7095 
4531 
3738 
3311 
3138 
8007 
2162 
7351 
5747 
4640 
1182 
4097 
4057 
1089 
6095 
5871 
5452 
1586 
7580 
1382 
1106 
7954 
400 
6304 
4827 
6989 
8512 
750 
3471 
2859 
4792 
6954 
5812 
3353 
8706 
5705 
9151 
9901 
5877 
8978 
9831 
4769 
4013 
4073 
3739 
9693 
9058 
6216 
9574 
4122 
9242 
7078 
8454 
1417 
3179 
7460 
253 
978 
4682 
1237 
9254 
2021 
1030 
99 
6203 
2341 
490 
5038 
7137 
193 
5541 
4854 
507 
6559 
5389 
7694 
2514 
9222 
775 
2327 
5049 
8644 
3555 
6783 
2903 
5638 
7551 
7793 
9381 
4489 
8028 
7219 
4631 
6248 
5711 
245 
6392 
5612 
5460 
6164 
6611 
8883 
7630 
3824 
8314 
745 
1313 
7252 
981 
8374 
4372 
1339 
8622 
396 
7381 
5839 
8944 
1775 
9988 
3360 
508 
2392 
1160 
5320 
8537 
7389 
8117 
5722 
6931 
1977 
5948 
1714 
6995 
7364 
7658 
6725 
8560 
3688 
6101 
6094 
338 
3181 
6547 
1659 
3598 
7781 
1883 
5691 
453 
6029 
9780 
2782 
8703 
9977 
1652 
4570 
7946 
5358 
4770 
9414 
211 
3736 
2373 
7376 
7318 
8622 
240 
4717 
7627 
277 
8866 
5920 
8359 
9475 
1161 
816 
4487 
7383 
4323 
1793 
4048 
3800 
2953 
7390 
2236 
1020 
2467 
875 
1155 
6777 
7075 
9715 
4646 
2758 
5706 
8501 
4966 
1251 
1966 
5799 
2057 
4440 
1177 
7825 
4352 
7253 
7420 
8873 
3032 
316 
5740 
9579 
3071 
5578 
4445 
1500 
4777 
7546 
747 
2455 
813 
8517 
482 
3548 
7585 
3498 
2659 
1187 
8585 
9451 
4726 
9960 
3558 
8075 
3257 
2040 
7062 
9624 
778 
3627 
2108 
3242 
8255 
1835 
6165 
3851 
9785 
7869 
9949 
162 
7798 
1126 
4224 
9393 
6095 
1785 
7675 
4343 
8266 
7606 
8360 
9521 
8254 
9393 
1520 
4852 
8808 
7519 
5543 
6704 
1548 
6086 
4745 
9936 
2058 
3773 
7889 
5983 
1234 
1272 
5660 
1311 
6661 
2245 
869 
3778 
8226 
6160 
6330 
899 
1094 
4298 
5902 
5511 
3782 
4235 
2653 
7665 
5516 
2713 
2866 
427 
1882 
143 
5933 
854 
7949 
5410 
6944 
6994 
9613 
7061 
9507 
3958 
9313 
4823 
8914 
1896 
2580 
5170 
2877 
5097 
7574 
3973 
8255 
9705 
7696 
2404 
7283 
5193 
3281 
2749 
8151 
7448 
1199 
9066 
7500 
7093 
5464 
7186 
271 
536 
1054 
8875 
1628 
4427 
8892 
2181 
1035 
9426 
9019 
1618 
6928 
2036 
9528 
6338 
9137 
717 
8760 
3187 
3544 
3778 
4868 
8339 
2095 
5923 
5319 
9065 
6713 
1576 
957 
3200 
2640 
3448 
9020 
3220 
8544 
3029 
560 
3995 
6057 
9414 
2845 
8647 
3566 
5317 
6125 
88 
9368 
4760 
5724 
8581 
6147 
8295 
6981 
6955 
876 
4745 
2350 
1345 
275 
7408 
2663 
8679 
9427 
3978 
1172 
7447 
4417 
1147 
2723 
7034 
5316 
2052 
2827 
4224 
6839 
9739 
5844 
94 
8727 
7562 
1975 
6037 
7818 
8686 
233 
7043 
6192 
3672 
257 
4082 
5323 
2055 
2573 
592 
6217 
4685 
6751 
6310 
5657 
9473 
6143 
6615 
3173 
7563 
6759 
5684 
5370 
9579 
3451 
6753 
626 
396 
9527 
8765 
1815 
3052 
5193 
174 
9822 
8435 
1496 
9820 
1406 
5613 
5055 
9569 
6458 
6602 
5955 
3212 
6400 
7627 
1632 
9256 
2831 
343 
9385 
7107 
5885 
7755 
3346 
1306 
5116 
6413 
4040 
4965 
8289 
7884 
9602 
3933 
7899 
1101 
5023 
3296 
6206 
807 
2600 
1851 
3379 
7806 
5440 
7873 
8321 
7953 
7342 
970 
1623 
156 
1193 
9592 
1130 
7220 
6038 
7831 
9176 
3744 
8315 
2708 
6698 
2309 
5960 
7765 
9179 
5627 
2062 
8006 
1815 
3541 
615 
7942 
1608 
4948 
5153 
891 
7772 
3290 
3133 
3287 
395 
2671 
5608 
3147 
9669 
1570 
2435 
9492 
3365 
3447 
8291 
9859 
6620 
8582 
3910 
7788 
5619 
3184 
9439 
3362 
7528 
989 
841 
635 
1364 
8232 
5431 
2662 
7661 
6123 
9593 
9231 
9072 
2567 
7466 
2975 
8820 
3773 
9193 
5710 
420 
2682 
6043 
8683 
8986 
7629 
8638 
5324 
3370 
1247 
3266 
4559 
9261 
9092 
1619 
1890 
1973 
3053 
6639 
1250 
6642 
8946 
6246 
6958 
583 
4622 
3710 
301 
8281 
5460 
3117 
5333 
3139 
7502 
3167 
5046 
5660 
4862 
1946 
6842 
5651 
6724 
6695 
203 
2193 
981 
369 
6873 
8006 
8468 
1896 
5356 
9850 
5704 
3590 
2737 
9335 
8700 
1520 
7708 
852 
7086 
3838 
8747 
8801 
6646 
8604 
7982 
5832 
5562 
9784 
2190 
5299 
4372 
2455 
7192 
2893 
1931 
4217 
1972 
3866 
8424 
495 
9300 
9621 
574 
8342 
5867 
8309 
1769 
1395 
8017 
3629 
1202 
2314 
9320 
6023 
6929 
1333 
4676 
4784 
3469 
2202 
4043 
4422 
2973 
7249 
2007 
8179 
4210 
8078 
6342 
9648 
2340 
5098 
3148 
7481 
7327 
3511 
4519 
6622 
5674 
5819 
8497 
9525 
4803 
8453 
9370 
3314 
6424 
2752 
4995 
5493 
3574 
2829 
9537 
4882 
836 
8401 
6391 
4350 
8260 
2719 
8481 
2 
5652 
4482 
31 
4079 
8324 
535 
3354 
2404 
531 
3261 
320 
3573 
6664 
4775 
2470 
7540 
3387 
6634 
6214 
9956 
4998 
1232 
6240 
1750 
360 
9592 
4484 
9664 
2814 
5503 
3981 
2074 
7183 
5542 
3325 
5504 
6288 
3937 
5637 
1082 
6149 
2646 
4095 
1706 
5453 
3219 
1106 
6236 
4732 
5293 
7905 
589 
2913 
3278 
9698 
6680 
5445 
8069 
5610 
787 
9022 
5582 
4604 
2959 
5795 
6733 
1711 
9436 
7909 
8122 
6333 
1967 
8376 
2027 
2975 
5463 
1824 
1650 
9347 
7751 
9698 
868 
8098 
3014 
4658 
8680 
217 
3229 
6054 
1037 
9910 
2250 
9230 
4483 
3319 
2172 
6966 
2590 
3374 
8317 
584 
4120 
5777 
1064 
8441 
1111 
4187 
7513 
6406 
7701 
3591 
3960 
9991 
6611 
1285 
2468 
2811 
4900 
8173 
5681 
4119 
8818 
7631 
1494 
7835 
7035 
2273 
9051 
7370 
2933 
4137 
6196 
8403 
7735 
6744 
1598 
276 
4736 
5326 
8211 
8906 
8554 
1791 
1034 
4243 
3078 
7169 
6111 
8578 
278 
4208 
4578 
2349 
5214 
4176 
5505 
3835 
1243 
5549 
6950 
7277 
9410 
369 
7921 
3697 
7499 
6204 
3514 
9029 
8642 
7576 
806 
852 
9100 
7663 
3932 
9164 
3673 
314 
1066 
9203 
6317 
2341 
7887 
9581 
4670 
9051 
2727 
2844 
7643 
3487 
2834 
317 
5759 
2212 
4835 
2723 
1825 
702 
5789 
641 
1948 
5095 
1794 
4138 
7004 
2706 
7020 
1538 
3397 
734 
7947 
2499 
5444 
6677 
5709 
5720 
1196 
810 
3661 
9927 
1298 
9835 
1464 
2266 
2086 
7110 
3456 
4515 
9308 
4773 
7118 
8062 
728 
5485 
8265 
7235 
4338 
4879 
2781 
5162 
1529 
9361 
6289 
2343 
7059 
7457 
260 
697 
4321 
6827 
8601 
9271 
2249 
1204 
6673 
3437 
3726 
7348 
5501 
5849 
3984 
3627 
8062 
7957 
6744 
2256 
8353 
3246 
2954 
9792 
141 
9856 
6476 
5257 
8495 
7671 
3695 
2447 
9016 
107 
8398 
4759 
790 
351 
3537 
7838 
1745 
631 
6382 
3205 
6347 
107 
70 
5921 
8838 
6797 
9419 
495 
9767 
933 
140 
8271 
3890 
5770 
9912 
704 
4268 
8761 
738 
2527 
7280 
5665 
9217 
3907 
3819 
7591 
584 
1863 
5174 
6252 
360 
409 
3998 
2281 
9451 
1702 
4964 
5192 
6042 
2976 
8068 
3867 
4889 
828 
3528 
2437 
8400 
900 
1756 
4699 
4828 
2676 
5786 
973 
9954 
9979 
9566 
6527 
8781 
4717 
7911 
8990 
4705 
6523 
6014 
5177 
2865 
5048 
3169 
3605 
1108 
986 
2553 
1800 
457 
3025 
2827 
319 
2832 
7026 
281 
4319 
7915 
1695 
7243 
212 
4017 
9791 
8962 
7069 
9050 
6178 
669 
4756 
7804 
9635 
8089 
5630 
3079 
318 
4818 
4945 
6054 
8366 
2488 
3374 
6408 
5134 
3664 
2164 
7266 
110 
6851 
11 
4498 
1556 
7774 
154 
5880 
4168 
6177 
5292 
4601 
7709 
1170 
8077 
3303 
2452 
9772 
4269 
1353 
5923 
6308 
77 
8066 
4373 
2555 
2344 
4734 
7112 
6636 
2479 
8975 
3370 
6526 
3641 
5021 
8039 
185 
5079 
8993 
9108 
7999 
2503 
6387 
9543 
9493 
6602 
1061 
812 
8478 
7190 
5472 
4801 
4856 
7024 
7023 
2328 
6599 
2352 
9434 
6916 
4086 
2928 
6297 
4462 
2364 
2747 
6613 
1259 
814 
9940 
3518 
34 
9206 
5477 
5702 
2739 
9932 
5183 
7002 
6431 
4862 
6213 
8347 
258 
7675 
949 
7654 
9388 
2 
7493 
9875 
5945 
6949 
492 
1986 
1178 
6465 
5685 
4064 
2453 
9451 
5469 
6083 
8515 
7538 
7004 
8390 
461 
4181 
3232 
1750 
4968 
2779 
5564 
8852 
2638 
4131 
4305 
2475 
5734 
4704 
3977 
8170 
5381 
5676 
9475 
2683 
9166 
7869 
9705 
8189 
5769 
7491 
2537 
757 
6955 
7183 
4948 
9583 
3589 
9758 
1609 
9130 
10 
9219 
1577 
2212 
4109 
7756 
8185 
1465 
8928 
8391 
2812 
9536 
6718 
9258 
4765 
2312 
6867 
7121 
9815 
765 
128 
3341 
3795 
1093 
6854 
9238 
1314 
1511 
1537 
2877 
8162 
1867 
3937 
9871 
9100 
4179 
6020 
8777 
7871 
5736 
7331 
6398 
5212 
4978 
4461 
2597 
4381 
3281 
871 
4461 
1942 
3685 
8793 
141 
7095 
4722 
6856 
2255 
837 
1565 
5936 
6863 
7476 
8965 
3949 
9154 
370 
9465 
538 
3412 
7068 
8977 
3214 
9404 
7159 
9156 
6480 
8305 
2500 
1253 
3480 
6206 
9548 
2237 
4389 
2550 
7502 
9061 
3058 
434 
4398 
8357 
3100 
2922 
6999 
1929 
7590 
9136 
9940 
4738 
5829 
2034 
2870 
1924 
6093 
4792 
8099 
2179 
5048 
8553 
9004 
5283 
3889 
9507 
7811 
7847 
9668 
8010 
5039 
7006 
196 
4824 
8088 
3401 
3369 
7986 
2436 
4125 
4861 
7745 
6041 
9178 
5037 
7226 
5169 
3813 
288 
8062 
5928 
2265 
6176 
8041 
4208 
5943 
2163 
45 
5571 
3356 
1494 
9318 
9903 
317 
2081 
7116 
386 
5616 
2140 
8688 
8803 
5881 
8127 
997 
1198 
7112 
5354 
3344 
6307 
1655 
943 
546 
6736 
7880 
9989 
4362 
2725 
4839 
2330 
8540 
3927 
502 
9968 
4412 
1718 
5084 
7571 
1519 
2157 
3842 
7564 
5336 
8338 
3753 
1271 
6432 
6837 
5404 
9322 
8823 
2438 
3032 
8464 
4503 
5785 
3672 
7226 
5962 
4393 
5763 
5853 
6215 
5776 
7044 
2472 
9364 
8971 
9693 
449 
1451 
5114 
1305 
4079 
2847 
4980 
1580 
4388 
9442 
9118 
2376 
2958 
1630 
4824 
1290 
3648 
2188 
8689 
7765 
5353 
4172 
174 
3074 
9974 
7193 
9348 
5825 
4105 
7004 
9865 
4257 
5816 
6986 
3214 
9894 
9644 
8481 
1084 
4235 
3630 
7014 
9813 
2743 
9100 
2145 
2084 
548 
3080 
8937 
8611 
2425 
2843 
8501 
7308 
7463 
207 
5299 
4889 
7826 
5625 
6434 
220 
9029 
3000 
3099 
5945 
3371 
3914 
6341 
1995 
9780 
6857 
7556 
7431 
8321 
952 
9588 
9567 
7645 
5346 
4442 
7492 
7933 
9528 
2502 
181 
4293 
6971 
9518 
3328 
9673 
9245 
9157 
6663 
9080 
48 
5069 
3271 
3858 
1580 
4436 
7797 
8328 
6492 
3331 
6851 
4987 
2253 
923 
4136 
4260 
9367 
182 
7211 
7195 
3247 
5780 
4340 
1090 
2364 
6267 
5907 
5526 
5306 
3169 
6627 
4231 
7652 
2228 
2265 
1850 
3433 
9047 
416 
8920 
128 
7103 
5806 
2414 
3621 
9357 
3660 
4629 
7560 
8509 
470 
1126 
2771 
6921 
5850 
6075 
813 
6315 
7639 
877 
3772 
2029 
677 
9163 
5290 
2502 
8409 
6536 
3503 
4055 
6912 
1675 
3619 
9403 
2292 
1119 
1232 
343 
4381 
4311 
5523 
172 
6044 
3144 
4457 
8827 
8662 
420 
7360 
4809 
1777 
7259 
5093 
5399 
2289 
5988 
2584 
7418 
3927 
4563 
5759 
7326 
735 
1297 
2538 
8987 
9979 
7755 
1035 
4914 
3037 
1063 
2102 
522 
6204 
3551 
9782 
9722 
8015 
2600 
7889 
598 
1374 
7101 
2967 
5104 
2924 
3273 
1035 
5728 
9088 
2412 
4703 
5017 
3575 
3086 
5863 
2594 
6599 
1701 
4280 
3962 
7831 
3897 
2673 
5093 
8561 
505 
1193 
9039 
3133 
5232 
874 
3360 
4264 
5596 
3727 
869 
3952 
8248 
4999 
5501 
1293 
6033 
7648 
3122 
9468 
4037 
4139 
1600 
6817 
3011 
869 
8455 
7126 
6302 
4018 
362 
5330 
3946 
6677 
6414 
9100 
1729 
1103 
7611 
6076 
401 
9234 
5889 
345 
6877 
2077 
3358 
7028 
1990 
9102 
5694 
2394 
4936 
2417 
797 
3389 
6065 
8659 
3971 
4514 
5349 
1216 
5710 
3863 
620 
3248 
8559 
5709 
408 
4000 
3691 
5929 
2943 
4184 
6867 
8034 
3071 
5511 
4618 
1574 
9633 
5330 
7205 
2017 
2612 
2877 
1328 
8445 
3828 
1610 
8252 
1022 
5090 
6214 
1651 
7003 
7362 
2990 
5340 
2164 
1513 
1618 
7919 
49 
1376 
3939 
9379 
925 
709 
8870 
9361 
9830 
6958 
8289 
264 
5187 
759 
5859 
6356 
4924 
707 
5121 
276 
6054 
6357 
5334 
3526 
358 
4686 
4365 
2381 
5299 
1412 
9486 
9778 
6674 
7177 
8430 
3591 
6836 
3060 
3573 
2570 
4321 
9631 
8358 
5205 
8590 
618 
5322 
4554 
5559 
5552 
588 
1638 
648 
4427 
3584 
8090 
5138 
3047 
6687 
9829 
4892 
3123 
9033 
2798 
5403 
8413 
5901 
8049 
7141 
6914 
2896 
6269 
3015 
8522 
1600 
7846 
3401 
9705 
4228 
5911 
3577 
4164 
3898 
2317 
3404 
5313 
6927 
1579 
3016 
2542 
5993 
2469 
8035 
3601 
2616 
2590 
6614 
8322 
3894 
6013 
4789 
7505 
9610 
9963 
4958 
9787 
5068 
4177 
176 
3877 
925 
8921 
7441 
504 
6316 
5388 
974 
9987 
2338 
2724 
6669 
6523 
2258 
234 
2165 
436 
2659 
805 
1287 
7720 
255 
2843 
8867 
3134 
1350 
7530 
6001 
775 
3304 
3518 
4930 
4725 
546 
4708 
2440 
13 
1797 
437 
8648 
7317 
7388 
3503 
2512 
2761 
742 
2116 
189 
3581 
8937 
7006 
6328 
7009 
9398 
6068 
9350 
4360 
9705 
5282 
9417 
9618 
6946 
5381 
3449 
4944 
439 
8415 
1310 
496 
6787 
5697 
5113 
4465 
2394 
2023 
5098 
8019 
1807 
8575 
8062 
6694 
4338 
7415 
1597 
8291 
8393 
9962 
2539 
9814 
9983 
7364 
1417 
8554 
7530 
9068 
3262 
1694 
3774 
9121 
7111 
8464 
8425 
398 
8662 
2173 
3645 
3914 
6212 
1832 
4770 
4397 
8452 
8347 
3339 
6702 
6498 
41 
7585 
6592 
1677 
9266 
8147 
2513 
4826 
9374 
6588 
5592 
8298 
2769 
2238 
2235 
8013 
8107 
2250 
241 
6472 
9802 
7394 
8271 
4709 
4756 
9676 
5910 
4008 
9017 
2495 
1502 
4569 
8084 
9469 
2261 
5405 
6178 
7055 
8738 
6486 
9695 
8872 
1778 
849 
4347 
9656 
9845 
9964 
5133 
2647 
4732 
9573 
6782 
1582 
6763 
4831 
5158 
6413 
6675 
9429 
2514 
5081 
2729 
6645 
3297 
4373 
9618 
7119 
8670 
2408 
8374 
8909 
6756 
42 
1588 
379 
376 
4516 
135 
5839 
570 
1164 
4369 
7121 
5834 
3197 
4076 
4329 
7086 
45 
2687 
5357 
228 
7593 
7332 
2185 
4867 
2530 
9724 
1461 
8568 
5399 
3963 
3584 
3036 
8431 
9663 
6003 
8577 
3965 
7134 
8503 
5575 
512 
2216 
8737 
9005 
9991 
2194 
2441 
5184 
8876 
6159 
4834 
4154 
1943 
6244 
2101 
809 
9893 
9983 
939 
2171 
6125 
8665 
9103 
2786 
4151 
7277 
4198 
9307 
457 
2201 
1052 
2213 
9548 
5810 
3052 
6830 
5792 
7989 
1455 
7913 
2708 
9794 
5692 
6633 
8460 
3154 
4400 
9614 
6400 
1895 
3570 
4906 
4604 
1388 
1642 
325 
6078 
873 
2541 
931 
4196 
1538 
2883 
5033 
709 
8467 
5090 
6859 
8127 
9519 
3884 
3627 
9205 
2762 
3593 
2384 
9323 
2110 
5078 
9934 
7985 
244 
791 
4509 
7084 
701 
1075 
7487 
761 
5496 
6254 
5118 
7573 
2374 
3324 
6327 
8193 
3862 
6722 
1151 
9846 
3207 
7962 
4504 
2928 
9555 
5688 
1179 
2353 
1854 
4798 
2399 
8070 
5730 
8174 
7946 
6984 
3150 
1115 
7274 
6634 
4243 
9427 
216 
4234 
4339 
8090 
9736 
4686 
5808 
4166 
420 
5752 
8164 
2509 
5771 
5994 
1053 
661 
6653 
4697 
3221 
1965 
1204 
1199 
2644 
6183 
8307 
1061 
3867 
527 
9729 
515 
4800 
7684 
2335 
330 
1469 
1290 
7869 
4080 
5780 
804 
2814 
1728 
7418 
7519 
1032 
3226 
1265 
5147 
2451 
3849 
5723 
6503 
8038 
8221 
2265 
4943 
313 
4290 
7089 
1310 
2478 
9811 
4056 
5646 
8670 
7285 
811 
2504 
803 
5468 
3135 
2185 
1254 
226 
8366 
1345 
4888 
3219 
1657 
1480 
7009 
2886 
89 
5715 
2168 
1408 
4894 
8388 
2787 
6931 
9923 
6811 
7645 
9735 
5624 
1865 
6740 
4019 
9697 
600 
4900 
9919 
289 
6762 
797 
7026 
2960 
4399 
7564 
9006 
992 
5954 
4745 
461 
8991 
90 
9850 
3810 
5993 
8494 
7535 
4523 
9406 
5490 
1465 
7452 
9123 
4614 
7869 
969 
7861 
2241 
5935 
639 
1553 
4206 
363 
7623 
5203 
9373 
3744 
5444 
3325 
1493 
3710 
1866 
2015 
231 
7617 
566 
4486 
9212 
6507 
991 
8951 
7454 
1046 
43 
1064 
6379 
6860 
563 
3616 
224 
8339 
9915 
1419 
458 
1669 
3732 
1504 
2733 
1005 
6338 
2670 
2308 
1781 
507 
2817 
1913 
5940 
9593 
4010 
4223 
527 
2584 
237 
6280 
9599 
6335 
7576 
1741 
6276 
3841 
2430 
1830 
6848 
1521 
8624 
3562 
893 
6627 
4223 
3418 
684 
841 
9879 
6130 
5109 
4006 
2874 
7714 
7247 
9340 
4605 
2146 
3462 
4220 
7842 
3624 
6864 
4475 
532 
2351 
8826 
7178 
5757 
217 
5601 
2167 
1325 
4247 
6755 
826 
8925 
9317 
731 
503 
7160 
6445 
9466 
5584 
7829 
2925 
8153 
1919 
2417 
720 
5200 
8415 
9530 
7462 
6402 
5116 
6731 
4879 
9709 
6222 
9393 
5279 
6810 
2447 
8031 
9014 
7679 
2449 
3841 
5103 
4624 
7932 
6190 
7826 
4857 
6133 
7862 
3484 
6554 
5749 
1588 
8775 
8393 
2418 
1556 
8957 
6260 
7243 
9826 
6800 
1073 
7651 
8950 
4110 
8056 
8651 
4538 
289 
1880 
993 
5334 
2878 
3647 
2303 
7728 
7566 
6480 
2433 
2279 
4668 
5503 
9499 
8483 
6503 
4697 
8387 
4163 
5075 
5233 
8618 
9790 
3545 
8598 
8021 
163 
3471 
4147 
8689 
372 
382 
1013 
9831 
9289 
1957 
6288 
7685 
6860 
813 
7199 
8755 
7312 
1243 
6594 
5755 
8038 
2950 
1876 
7947 
3020 
8811 
2360 
7183 
6192 
8412 
8498 
5425 
1078 
3942 
527 
2438 
2106 
9960 
3763 
189 
4495 
7665 
4668 
5084 
9527 
8060 
2317 
9514 
1135 
4974 
9111 
548 
4000 
7388 
5150 
592 
9944 
7175 
2867 
5280 
8818 
7528 
5908 
8576 
4483 
5092 
9482 
3466 
15 
4110 
7561 
2480 
3456 
2999 
4544 
2440 
5063 
3876 
2991 
6125 
3919 
7276 
4041 
8129 
5710 
5 
7025 
177 
9081 
4772 
3784 
3853 
5659 
9023 
8942 
8167 
9361 
5230 
6761 
2725 
5920 
9803 
8708 
3745 
704 
7489 
9932 
7005 
3047 
2021 
8497 
2893 
9410 
6935 
7749 
2164 
8658 
9459 
6127 
1365 
7340 
4775 
2579 
7721 
2728 
9798 
5503 
1052 
3850 
4652 
7049 
8210 
2030 
8254 
2723 
7249 
3207 
1210 
1510 
6124 
7659 
7847 
1363 
7707 
5526 
8472 
6413 
6438 
946 
6838 
6703 
6029 
7901 
1149 
9982 
4432 
5844 
2531 
7152 
353 
6084 
2897 
7819 
6410 
8128 
6757 
5348 
3059 
3757 
2283 
1311 
2167 
2411 
7606 
2578 
7880 
5625 
2067 
2302 
1187 
4186 
5841 
383 
4736 
2300 
4968 
4598 
2800 
2788 
2951 
1694 
4723 
9016 
9201 
1928 
4094 
2176 
6118 
5184 
3954 
5367 
8548 
9871 
1572 
8992 
944 
8545 
2906 
4101 
2062 
2640 
5532 
9302 
5364 
7221 
3973 
5289 
9702 
6001 
7379 
4134 
6151 
3859 
2841 
9098 
4630 
5575 
8586 
5428 
1132 
1306 
8130 
6180 
7754 
8798 
3060 
3213 
2054 
8099 
21 
8517 
4066 
674 
9536 
2593 
8984 
5764 
1686 
7791 
6487 
8209 
8208 
3636 
6456 
7411 
7853 
2353 
6290 
7915 
2375 
1169 
5057 
8918 
8604 
8334 
591 
4279 
6116 
6415 
7068 
184 
6731 
8301 
3456 
9340 
372 
9086 
7773 
897 
6228 
9857 
8586 
5891 
5658 
3310 
3357 
1984 
893 
3753 
7973 
1119 
6696 
102 
6893 
10 
6884 
228 
4668 
4284 
105 
792 
849 
359 
4788 
2784 
7214 
9560 
3688 
6558 
7434 
8716 
8841 
7845 
4337 
6472 
5487 
8448 
5158 
8204 
3814 
3208 
561 
4552 
7406 
5674 
6917 
2328 
1186 
6772 
559 
675 
6101 
3750 
8240 
5804 
44 
1404 
4499 
4447 
1101 
6758 
8028 
5063 
3527 
904 
7587 
8118 
7265 
9144 
3579 
4779 
1602 
3304 
6193 
1905 
3152 
6504 
3805 
6504 
9809 
7950 
8119 
8634 
9359 
5442 
3157 
7410 
4974 
7393 
9955 
4268 
6890 
5 
1623 
8135 
1862 
2113 
8098 
3838 
2534 
2502 
3312 
8293 
5738 
4079 
1829 
2524 
4676 
6294 
2923 
6870 
8385 
4100 
5963 
9047 
5895 
6018 
8278 
3106 
9218 
4614 
4280 
1001 
52 
6340 
6914 
7234 
1315 
7674 
5615 
9035 
3674 
4476 
7665 
2125 
8272 
8982 
5736 
7752 
4050 
3486 
6295 
6870 
8032 
4218 
7183 
4552 
4884 
1511 
3322 
1668 
9533 
1846 
8860 
2958 
6724 
3562 
4641 
2227 
9407 
9539 
6754 
711 
7843 
4647 
6291 
929 
5575 
2168 
3664 
1897 
6392 
4559 
845 
6735 
7418 
4187 
2732 
992 
5152 
46 
9314 
165 
9825 
947 
8891 
4497 
7227 
7391 
9206 
9419 
2349 
7804 
1861 
7810 
7731 
643 
3772 
8921 
1897 
3931 
6104 
4376 
7711 
3431 
6927 
938 
7635 
4008 
6193 
1584 
3504 
106 
2550 
9525 
3487 
8584 
3317 
7713 
4481 
4994 
1526 
3659 
9485 
2121 
2801 
657 
9276 
8851 
9948 
3913 
6303 
4027 
5128 
1475 
9589 
7328 
2261 
7528 
4013 
7413 
6125 
332 
6084 
6972 
5428 
7836 
4570 
5608 
2617 
5187 
8618 
6932 
1515 
4956 
6942 
7009 
6519 
4941 
4076 
3481 
4896 
2355 
1758 
2107 
3395 
786 
3630 
559 
1876 
4308 
4982 
6824 
5127 
2836 
4623 
2961 
8324 
7620 
8687 
2871 
2173 
2232 
8383 
3138 
2329 
1412 
6229 
9349 
6919 
3407 
5040 
5671 
3602 
9820 
9142 
329 
1731 
2026 
4458 
4003 
3055 
3076 
853 
5752 
8191 
1714 
2186 
1582 
8551 
1699 
9664 
7718 
4560 
4187 
782 
108 
1623 
7706 
7852 
5550 
9917 
3103 
5510 
6893 
9749 
4140 
5494 
7184 
618 
9714 
6284 
9719 
6744 
2938 
5066 
495 
2422 
8459 
8296 
8174 
4395 
7836 
6381 
5477 
5584 
1938 
1780 
473 
7772 
2651 
4404 
8748 
5649 
2931 
4761 
6639 
2618 
4933 
688 
6961 
239 
2044 
1696 
7245 
6798 
4789 
6483 
1925 
1445 
3718 
2261 
6856 
7420 
7197 
5084 
4706 
945 
1478 
2445 
8015 
9747 
9397 
9221 
2470 
1743 
6146 
2853 
4000 
7429 
8424 
7514 
7545 
7429 
3547 
9420 
3063 
8751 
6868 
5529 
1075 
1723 
159 
2540 
9134 
4599 
7423 
8357 
4065 
3538 
3591 
2460 
7160 
1534 
8218 
8341 
2450 
3605 
9788 
5097 
3797 
9548 
17 
8916 
4271 
4931 
6467 
6559 
5127 
8530 
4173 
8267 
1572 
2970 
4264 
3647 
7158 
5378 
5022 
2327 
628 
2832 
6524 
639 
8060 
747 
6672 
4362 
9392 
3616 
1225 
2461 
779 
2433 
5034 
433 
2530 
2052 
9521 
6767 
2853 
7810 
232 
5620 
2460 
8073 
6914 
3356 
4624 
685 
82 
9506 
5052 
1002 
1900 
8853 
7462 
5612 
8122 
5786 
9828 
7321 
5787 
5443 
2015 
3501 
4390 
2851 
9078 
1114 
1584 
9455 
5830 
7200 
2764 
9028 
104 
3833 
6170 
7965 
8948 
1907 
8927 
2706 
8109 
9545 
3946 
3248 
2547 
5468 
9850 
9683 
6795 
5614 
6845 
7984 
6216 
1155 
2956 
7034 
6053 
3743 
2358 
5203 
6002 
2581 
7663 
2196 
3485 
6845 
8910 
8401 
4588 
1901 
7425 
1905 
3646 
1546 
4731 
1250 
1607 
7688 
8902 
5320 
8667 
6538 
8068 
7201 
1565 
26 
2141 
9864 
7376 
8697 
3089 
4605 
2316 
779 
5613 
2713 
1834 
8609 
5248 
6772 
4112 
3786 
8622 
190 
8534 
4721 
4872 
8598 
7930 
3640 
9947 
5465 
5665 
1939 
8474 
5089 
2472 
5770 
8173 
5391 
8357 
7181 
3899 
7883 
5445 
4830 
4096 
313 
18 
889 
2266 
8496 
5370 
247 
3076 
7222 
3105 
6273 
6761 
4907 
3543 
5458 
4673 
267 
49 
4352 
5890 
3162 
1501 
6975 
6042 
5625 
318 
698 
428 
1686 
3491 
3600 
6241 
9741 
9806 
6441 
2342 
1068 
8192 
8095 
3696 
7071 
770 
4186 
7478 
414 
468 
7018 
1460 
2751 
5642 
62 
7892 
4963 
3240 
8591 
7145 
4415 
3095 
8756 
9048 
4766 
2500 
7647 
86 
2968 
7101 
2559 
3980 
2431 
8975 
8156 
3354 
8063 
8948 
479 
5856 
6986 
5416 
6600 
4487 
3150 
1297 
6091 
7721 
3400 
5477 
1368 
3531 
5791 
7234 
534 
9724 
2710 
4948 
9 
2803 
5750 
7466 
5649 
5876 
8085 
2191 
9233 
104 
109 
1662 
6655 
6815 
6612 
3459 
1082 
3503 
2006 
7247 
7625 
8808 
2985 
5288 
6938 
31 
8558 
4500 
853 
7599 
1913 
5213 
1392 
4645 
6028 
8132 
2797 
2575 
1260 
8380 
4834 
5026 
4711 
880 
2803 
9970 
702 
3123 
7914 
7509 
5304 
8985 
841 
2371 
1786 
5243 
6551 
6542 
2063 
8712 
5543 
7071 
7989 
3201 
397 
4959 
9980 
1438 
3813 
9543 
432 
6707 
4148 
7514 
8599 
7768 
3823 
3068 
4549 
7665 
9806 
5061 
9202 
8035 
3844 
3094 
7027 
6707 
9570 
581 
9566 
3417 
5672 
2650 
572 
4653 
3946 
1307 
7540 
567 
2987 
6947 
2371 
9139 
4718 
8281 
6497 
7411 
389 
9612 
765 
9576 
5411 
5414 
5753 
1567 
9645 
3090 
790 
2480 
9686 
617 
3851 
1458 
1717 
4101 
4355 
430 
4603 
4862 
2286 
67 
1981 
5421 
9160 
6274 
872 
166 
803 
496 
6693 
4744 
8454 
810 
2761 
8272 
2546 
6451 
528 
7445 
4906 
5717 
487 
9712 
6827 
7806 
8244 
6934 
1495 
5278 
1656 
1963 
2922 
4492 
4043 
5790 
9707 
6690 
7519 
248 
3666 
4730 
9602 
926 
2447 
4816 
3301 
4922 
3800 
6277 
7957 
2418 
6220 
1913 
7648 
8456 
3245 
6010 
3846 
1971 
1042 
7691 
9453 
7083 
8471 
3206 
9768 
9492 
397 
4154 
5281 
3772 
7460 
7497 
2013 
4623 
3075 
3896 
4158 
6604 
7447 
9989 
6277 
1727 
6357 
9214 
8098 
2206 
236 
8656 
1980 
8381 
786 
455 
761 
5500 
2126 
1976 
7360 
4555 
5089 
7506 
1120 
3066 
9083 
9759 
1698 
9500 
520 
591 
7813 
2830 
5852 
8904 
9890 
7604 
8517 
5519 
9831 
4524 
8658 
3180 
635 
6156 
1946 
4642 
4884 
2180 
4110 
4986 
7905 
828 
1200 
7197 
7000 
608 
6658 
6346 
7543 
9395 
7156 
6358 
6210 
1622 
7460 
1931 
69 
9245 
9672 
7210 
8573 
2953 
2289 
9513 
5564 
9795 
1105 
5551 
9938 
6033 
1850 
5814 
2080 
8352 
6075 
9707 
6822 
6802 
3766 
8440 
6791 
8289 
3320 
8331 
7114 
97 
679 
7570 
9603 
865 
1120 
2019 
8350 
6716 
7441 
4410 
7386 
9658 
9355 
8826 
4270 
9634 
1368 
7561 
7533 
8025 
3547 
2339 
9373 
1887 
3159 
5094 
9063 
8818 
7025 
9533 
8790 
8868 
4498 
3 
1675 
7133 
8826 
8190 
5689 
9915 
6148 
5360 
8124 
3719 
6024 
4508 
961 
1603 
2705 
4870 
2825 
5361 
7058 
9690 
2439 
6419 
9804 
6041 
7090 
3590 
2648 
3441 
4495 
2263 
3322 
625 
2237 
1121 
9958 
2560 
2111 
1051 
4479 
490 
43 
1775 
8054 
4991 
196 
894 
6108 
7442 
4860 
5902 
3332 
3392 
3110 
9428 
9042 
2894 
2768 
8075 
9764 
4752 
3892 
8856 
3790 
4287 
3425 
9753 
6639 
7922 
5257 
2590 
9967 
4033 
7143 
5238 
4023 
2884 
7507 
6669 
4867 
3759 
4895 
3425 
927 
4031 
2922 
4322 
1983 
1508 
8767 
3618 
5987 
1302 
2745 
4758 
1660 
1972 
6697 
5992 
7905 
860 
2845 
6275 
9063 
2140 
2072 
4368 
7985 
2145 
8692 
8164 
9628 
6215 
8946 
5299 
5953 
6032 
7873 
1584 
4788 
1298 
2169 
3442 
2610 
162 
4324 
3186 
5025 
1507 
4595 
6480 
3786 
4841 
589 
9845 
9514 
8013 
3369 
9400 
5929 
7943 
7774 
291 
4453 
5520 
9540 
8792 
4847 
9743 
7182 
9864 
866 
3713 
6209 
5542 
3911 
5378 
7742 
6394 
7248 
3420 
9382 
6824 
5977 
7813 
8364 
8457 
7781 
3236 
6643 
2910 
2793 
1010 
2099 
3742 
9361 
4699 
1332 
8155 
1733 
7465 
5067 
7563 
7612 
1871 
1671 
2186 
8300 
3614 
9219 
1794 
7783 
1118 
9923 
3664 
468 
1331 
1848 
5774 
5787 
4795 
4938 
3682 
6755 
3135 
772 
2389 
7072 
7486 
8021 
4352 
8810 
8843 
5484 
5015 
2397 
1276 
3872 
7581 
1202 
2008 
4358 
73 
8353 
3978 
8706 
2505 
1509 
1301 
2234 
5973 
156 
4090 
1062 
611 
6583 
799 
2970 
1269 
6177 
5236 
9427 
798 
4703 
5734 
7922 
7915 
3554 
3161 
2518 
9231 
9441 
3502 
1844 
1245 
7419 
8449 
6108 
5166 
9984 
4751 
2440 
2104 
5516 
5065 
207 
8381 
154 
1150 
3976 
8991 
4899 
3326 
6693 
5366 
6211 
5636 
4419 
4850 
5197 
8631 
2674 
4493 
1548 
6918 
8649 
4017 
3999 
6964 
7346 
1078 
8975 
9876 
8676 
8406 
8299 
4303 
664 
9261 
6164 
1704 
10 
2509 
1080 
3685 
7405 
3349 
5773 
3510 
9882 
7644 
4701 
7998 
1859 
9130 
9506 
8948 
9646 
9266 
6801 
9375 
306 
4210 
1792 
4612 
7273 
5928 
6102 
4685 
1144 
1606 
3932 
3625 
420 
4423 
9036 
2445 
1344 
8047 
5112 
7807 
2143 
5364 
2665 
5527 
3558 
2279 
6301 
9810 
1512 
3925 
4424 
2024 
7605 
5490 
237 
9892 
1984 
3578 
1085 
9847 
4076 
3778 
7647 
4500 
236 
742 
2032 
6075 
5038 
7413 
1668 
5080 
3380 
71 
4406 
7921 
7969 
7581 
4949 
3731 
8573 
4242 
1362 
4157 
7025 
5461 
6823 
3331 
8597 
272 
2833 
2892 
8625 
4171 
9306 
9396 
9667 
8510 
2986 
8521 
3605 
8062 
966 
5281 
9348 
1648 
300 
8342 
705 
8668 
5852 
7503 
617 
2277 
986 
5130 
7937 
7931 
8190 
2503 
9380 
2798 
7732 
7915 
4176 
6670 
2913 
7303 
2368 
7581 
6709 
4183 
5615 
277 
2369 
5818 
37 
520 
2446 
3298 
7574 
2717 
6335 
6461 
9191 
9963 
8415 
7121 
8343 
6326 
3415 
4120 
232 
3529 
8741 
3445 
5355 
2292 
1858 
3038 
8618 
3276 
895 
9792 
5396 
715 
188 
3335 
31 
4298 
4029 
1111 
2463 
5310 
172 
1865 
8805 
8452 
2025 
9531 
7687 
9674 
7294 
5739 
5398 
1118 
4945 
5227 
4266 
6816 
1531 
2226 
7662 
8216 
5189 
4435 
8250 
6593 
1112 
9373 
5212 
3977 
487 
7578 
7525 
5021 
6693 
9571 
4727 
6322 
6782 
3436 
5314 
2687 
4337 
7090 
7501 
1085 
5808 
8911 
75 
8968 
4301 
5837 
9570 
9314 
3027 
9851 
1839 
7903 
9834 
6583 
3257 
9997 
9940 
7603 
2540 
541 
9764 
6376 
5455 
5313 
9540 
2265 
3782 
5531 
4317 
9475 
1642 
7242 
2999 
2650 
7644 
2796 
3859 
3910 
3095 
4204 
9825 
909 
3842 
202 
8757 
62 
1136 
3478 
728 
6279 
5910 
3686 
4578 
4424 
6086 
4491 
5867 
4802 
4076 
3122 
4631 
1344 
5463 
5174 
3479 
2729 
6861 
4754 
1293 
7614 
8240 
3870 
2885 
4427 
2585 
9359 
7658 
2906 
8323 
1916 
4122 
5628 
2304 
3164 
8057 
1493 
687 
3751 
3021 
7156 
2870 
484 
3464 
7585 
9053 
7513 
9591 
2895 
8934 
232 
8476 
4868 
5657 
2929 
4106 
2690 
3573 
4012 
5692 
8532 
3608 
7098 
5726 
6488 
8132 
814 
5951 
6093 
1538 
7488 
3111 
7651 
6708 
7017 
3050 
7014 
8357 
5014 
8872 
4977 
7362 
9144 
7108 
7312 
7177 
9971 
6929 
6846 
1647 
425 
3524 
9509 
6557 
9661 
7161 
1316 
2550 
261 
1430 
8168 
3829 
125 
9360 
8280 
9882 
5990 
8111 
118 
8457 
3198 
8422 
6232 
4662 
8099 
6452 
4996 
3897 
9806 
2828 
2014 
610 
3005 
4454 
4863 
2691 
1290 
3160 
1942 
8500 
2870 
3199 
5108 
6946 
2561 
3796 
8290 
4826 
157 
5072 
9487 
27 
9976 
6680 
8706 
1237 
9151 
2206 
2163 
9340 
9024 
7058 
5714 
5371 
1536 
2612 
3441 
9330 
8888 
7030 
3482 
622 
5754 
8916 
7229 
5809 
4237 
9933 
8774 
3190 
7576 
104 
3296 
6641 
9065 
6632 
5025 
8621 
8787 
6341 
3445 
2381 
8899 
871 
8822 
8561 
5526 
1261 
7951 
8723 
8123 
1730 
3295 
5358 
7640 
2760 
8296 
5610 
5996 
7831 
5113 
8001 
7666 
4256 
6941 
3934 
8455 
5421 
2419 
4252 
8037 
3598 
1621 
6197 
2045 
520 
7015 
7688 
4412 
6615 
2079 
9056 
5041 
4997 
6661 
6969 
5933 
5484 
8413 
457 
9829 
5305 
9361 
8915 
6206 
943 
8487 
7099 
2642 
4556 
4866 
7291 
1742 
9526 
3422 
2028 
8906 
3263 
1621 
2671 
6893 
8967 
3599 
1167 
3486 
8946 
6305 
609 
4405 
4056 
1483 
5837 
1817 
859 
1002 
5872 
3148 
9513 
1806 
9757 
8711 
1088 
5848 
4260 
1817 
6161 
2220 
8063 
4936 
1020 
766 
759 
9031 
4178 
3881 
4080 
2660 
524 
1535 
8256 
8746 
7414 
9403 
1438 
7118 
6385 
1190 
3954 
1792 
3599 
9032 
9226 
173 
4703 
3825 
1592 
3095 
4728 
3245 
4274 
5218 
3675 
7344 
9967 
4815 
9903 
8286 
4003 
9654 
639 
6681 
1721 
1022 
538 
8749 
4397 
9140 
2312 
2813 
1816 
8498 
6352 
9135 
7714 
1732 
5935 
6560 
7524 
6301 
2923 
7807 
3099 
3803 
1792 
9309 
5622 
6341 
9845 
2740 
3731 
4581 
2440 
894 
6194 
2917 
7594 
1553 
9816 
9114 
9643 
2925 
9345 
1230 
8748 
5204 
5763 
3384 
8269 
4299 
2665 
4082 
4588 
5059 
960 
8764 
1813 
5038 
3142 
3411 
5604 
7429 
4812 
1630 
9794 
784 
1757 
2559 
7034 
514 
3623 
5892 
1664 
8027 
3535 
9715 
5136 
5427 
282 
6596 
8267 
8285 
7662 
8931 
2736 
5777 
4023 
6052 
8761 
9655 
6731 
4017 
5722 
7909 
8755 
2885 
1913 
7547 
9689 
5002 
755 
7779 
9883 
4476 
3580 
8557 
6741 
1975 
5061 
1540 
6399 
4327 
5172 
3992 
8628 
4913 
3639 
4876 
9176 
4984 
5981 
955 
8945 
3245 
6150 
6667 
626 
5518 
2976 
7787 
3597 
3268 
6196 
3736 
7893 
7086 
9617 
206 
2726 
2585 
1217 
4901 
7125 
804 
9876 
5008 
115 
9273 
5978 
4060 
7106 
5845 
9306 
2514 
657 
8474 
5396 
4829 
1667 
7216 
5850 
2290 
1640 
9605 
7564 
4264 
8570 
7268 
1348 
8679 
8268 
3688 
9043 
114 
2131 
3991 
1390 
9220 
4599 
2117 
9657 
1552 
8032 
1118 
7875 
3152 
9321 
7782 
929 
7885 
5874 
9639 
9500 
5227 
8182 
314 
2124 
671 
3268 
6060 
339 
4120 
6967 
4123 
4553 
8535 
2426 
7282 
6513 
8707 
6283 
5639 
939 
757 
6827 
4468 
7401 
2671 
8809 
6845 
212 
7317 
2270 
26 
1640 
3841 
2748 
6864 
1213 
4312 
5270 
5956 
6033 
5339 
7082 
8900 
8822 
4566 
6343 
6771 
6737 
6753 
6241 
5634 
1633 
956 
8289 
692 
8216 
6658 
2007 
1516 
425 
8030 
3348 
2506 
2261 
7811 
2111 
6377 
8399 
3666 
3397 
6489 
1629 
7807 
3393 
2122 
1383 
6830 
5101 
7339 
719 
4917 
5240 
9830 
9487 
4861 
8840 
3005 
7392 
1617 
2687 
2885 
5781 
3752 
4915 
8404 
5989 
7545 
787 
4353 
7235 
9666 
3346 
7089 
3509 
7392 
8839 
9760 
4116 
9920 
2573 
1795 
8605 
3260 
2977 
5528 
1218 
895 
5876 
8913 
6542 
116 
8909 
3552 
357 
1962 
8103 
6367 
306 
794 
9526 
6974 
6500 
5452 
2656 
1280 
2899 
7460 
754 
3320 
2970 
6074 
9916 
3317 
5820 
5043 
2491 
2260 
114 
984 
9119 
8062 
1741 
9017 
4771 
4091 
4319 
5055 
3231 
1197 
4566 
1009 
4056 
4960 
9766 
9518 
8552 
6517 
3527 
8227 
4874 
47 
8462 
8940 
8388 
5 
3903 
8335 
6603 
7934 
9136 
127 
2166 
7394 
7453 
1777 
1163 
590 
453 
9584 
7438 
82 
136 
5067 
2825 
53 
7363 
4069 
157 
4054 
3879 
5228 
4365 
7725 
1320 
8104 
5766 
9545 
907 
6515 
5201 
9403 
8651 
9029 
6571 
600 
2802 
8995 
2981 
3248 
5965 
5433 
3809 
2966 
856 
6454 
3694 
9332 
2636 
9653 
2838 
1991 
5649 
9459 
8330 
1123 
5723 
4542 
796 
9884 
5534 
2433 
8240 
1445 
7 
5106 
7109 
9160 
9195 
8414 
2824 
6089 
8544 
133 
6337 
4969 
3003 
1441 
4730 
1179 
7899 
1398 
9018 
1469 
1264 
6973 
8316 
2868 
6448 
5943 
5612 
5965 
4101 
3949 
7864 
553 
571 
5616 
7115 
7586 
7898 
8356 
6660 
7247 
760 
6061 
2466 
5360 
6407 
9146 
2476 
3134 
8885 
5822 
8818 
9887 
8349 
9994 
8296 
9871 
1277 
4069 
6142 
7709 
4166 
8233 
1329 
6150 
746 
2713 
8863 
6130 
5131 
8645 
9521 
1756 
8162 
9395 
7000 
4555 
7539 
2789 
3369 
8565 
5672 
990 
1953 
1672 
5480 
9613 
8575 
4190 
3887 
6801 
9155 
7868 
107 
4236 
2488 
1034 
6353 
5136 
9441 
2913 
6349 
1791 
2137 
7565 
3228 
613 
3545 
4236 
1665 
3686 
1903 
4646 
9911 
766 
1833 
9333 
8006 
5093 
1728 
7645 
443 
6732 
5386 
2256 
7079 
3784 
7479 
939 
6491 
7860 
6473 
3686 
5204 
1239 
8358 
3155 
982 
7000 
2480 
2601 
7522 
6928 
5124 
1497 
8619 
1923 
7823 
2172 
8453 
2629 
7592 
8779 
7456 
4593 
9339 
7521 
3561 
5175 
4790 
1302 
3069 
5102 
3690 
6123 
4204 
3133 
607 
6383 
1471 
7986 
2570 
60 
8727 
7573 
2894 
5196 
771 
9772 
3895 
1989 
3252 
9283 
6151 
2533 
4775 
2102 
3156 
3057 
2951 
5656 
4648 
6537 
1045 
4324 
4051 
5879 
3267 
622 
5519 
8625 
560 
2793 
8845 
4771 
3510 
7435 
2598 
1738 
8598 
5642 
8821 
5050 
5490 
7749 
3296 
2362 
1317 
5795 
7366 
8959 
2142 
2449 
4531 
6016 
7077 
1828 
5614 
6993 
4857 
4230 
3195 
2682 
5441 
341 
8091 
8677 
3085 
2027 
2261 
602 
2939 
9977 
6638 
922 
2032 
8293 
8272 
2909 
4530 
6604 
4166 
6492 
8101 
5393 
2153 
7192 
6951 
2431 
4455 
6182 
8299 
7371 
6715 
8700 
9749 
5275 
808 
9025 
1744 
9928 
4926 
6078 
5157 
6594 
6022 
2464 
172 
2452 
6127 
7369 
3677 
5466 
6196 
139 
3909 
5677 
9132 
4152 
566 
600 
8600 
1541 
9010 
7485 
2808 
1975 
2835 
9329 
2823 
3972 
4109 
6116 
96 
127 
4616 
5296 
2199 
5199 
5318 
7322 
3400 
3186 
6183 
4679 
938 
2636 
9241 
348 
8409 
9061 
7023 
2572 
2105 
4876 
5907 
9854 
780 
416 
151 
7409 
7181 
2742 
2159 
2918 
7869 
6612 
4624 
5783 
463 
107 
1564 
404 
5154 
4502 
8998 
9266 
2363 
1434 
7743 
475 
5043 
8945 
3646 
854 
4162 
6399 
5651 
999 
8205 
6746 
8 
7208 
5762 
9840 
6688 
2417 
4719 
621 
3552 
7882 
9220 
9536 
8490 
8625 
1697 
8059 
2068 
5332 
7268 
5838 
8994 
4673 
5101 
855 
8884 
8862 
6014 
5740 
6971 
6052 
5393 
2410 
4576 
9630 
5653 
963 
6560 
7864 
8978 
5985 
5293 
3133 
3157 
4561 
7977 
127 
8473 
4777 
1534 
6859 
1897 
6496 
1621 
167 
3803 
1385 
6494 
5780 
1072 
3755 
886 
3248 
6332 
3431 
6872 
174 
3444 
2734 
8134 
5531 
5062 
8899 
9578 
9134 
4170 
8209 
5846 
4328 
1591 
8209 
6429 
3322 
8515 
7926 
141 
2584 
8477 
937 
6529 
7367 
9038 
9354 
1183 
7121 
5524 
7836 
6904 
4400 
8726 
2397 
5829 
5233 
627 
6396 
125 
9790 
6038 
2745 
7344 
5597 
1458 
6246 
6860 
5002 
7133 
495 
9665 
3491 
7457 
6636 
9780 
3675 
3058 
7720 
1298 
6642 
8503 
2178 
7905 
5403 
9838 
7857 
5891 
7212 
6857 
3841 
8233 
7548 
4059 
582 
2009 
748 
775 
1374 
7672 
9879 
6373 
148 
9147 
5176 
2647 
138 
8549 
1055 
9454 
984 
3754 
9026 
4310 
3722 
838 
3480 
5638 
17 
1343 
416 
891 
1023 
2968 
155 
5569 
6768 
9727 
5871 
3811 
6049 
2426 
7875 
3687 
1170 
2478 
6114 
1188 
7997 
2910 
3330 
5978 
295 
3849 
2558 
8801 
3242 
2101 
8692 
901 
491 
7750 
437 
2541 
2828 
5163 
8139 
6567 
8365 
3319 
9183 
8906 
9625 
1858 
4995 
8046 
195 
3553 
7649 
8648 
3064 
7951 
8626 
6838 
7456 
8111 
257 
7530 
5553 
6078 
2060 
5033 
2433 
3856 
5559 
7208 
2916 
9162 
3248 
5113 
5795 
2137 
5315 
7854 
287 
6137 
3616 
6956 
4738 
2293 
7771 
9670 
4073 
8959 
3432 
2118 
7580 
6780 
3411 
371 
6432 
4871 
8176 
6744 
1781 
3389 
1744 
6161 
9796 
4738 
2294 
1153 
8534 
3542 
809 
8261 
4552 
4021 
2348 
7430 
4139 
9133 
2356 
9764 
8763 
4860 
7463 
7128 
2706 
1744 
3653 
7282 
2274 
7185 
2328 
3439 
6028 
752 
1845 
4546 
3413 
1922 
541 
4910 
1412 
456 
3566 
8095 
2532 
4542 
2986 
5970 
8694 
1676 
6731 
160 
5327 
7870 
4886 
2621 
182 
7317 
4886 
8241 
2273 
6945 
5250 
8824 
9554 
3080 
9997 
2136 
6327 
6058 
4493 
330 
2482 
593 
4767 
2729 
5763 
1619 
8745 
7367 
4881 
6574 
9916 
4598 
6098 
7439 
319 
8623 
5972 
6464 
7193 
7114 
2181 
961 
3361 
8280 
5456 
5849 
7726 
8294 
8328 
5083 
8267 
7679 
7182 
8681 
3368 
477 
3460 
7425 
6465 
2692 
1507 
2746 
9491 
7295 
202 
7669 
5803 
6887 
1431 
2879 
1273 
37 
4426 
2272 
1540 
9375 
4025 
3894 
1290 
8582 
9718 
3310 
1239 
8696 
1833 
8886 
704 
6502 
63 
1899 
7537 
278 
5279 
1512 
3238 
526 
2510 
5962 
9027 
5598 
8266 
4729 
6305 
7618 
1597 
5657 
5735 
3830 
7876 
7319 
4531 
4829 
9146 
1030 
8163 
6657 
3089 
8356 
2564 
689 
7194 
6683 
1923 
3055 
9734 
8367 
7886 
7572 
1098 
8338 
276 
1721 
7250 
7493 
6044 
641 
5942 
4393 
8509 
9388 
967 
2852 
3003 
2545 
7734 
9030 
2084 
9462 
1297 
238 
2139 
6943 
7662 
6501 
9358 
8934 
6727 
8097 
657 
5698 
2969 
7063 
99 
8365 
6502 
8438 
7597 
3813 
8053 
9331 
2127 
3439 
5213 
7820 
1124 
2987 
3384 
661 
6127 
5721 
2397 
5251 
4154 
1421 
7572 
4170 
7312 
8752 
2799 
7943 
6386 
7328 
5316 
8168 
96 
7764 
4875 
9388 
2175 
631 
5128 
3524 
2239 
4958 
5052 
2766 
9652 
4032 
6061 
55 
8178 
1993 
3568 
7573 
3927 
6933 
1520 
6103 
4937 
3437 
4948 
5037 
4271 
610 
6222 
7445 
2276 
1787 
124 
7684 
9023 
7379 
4567 
8157 
7672 
8955 
2016 
411 
7844 
4680 
9564 
4791 
7926 
9948 
1056 
2582 
1036 
9431 
5110 
6804 
8664 
9216 
2205 
7313 
2971 
6249 
1200 
5857 
634 
4078 
2627 
8527 
584 
204 
9112 
4706 
4509 
5508 
4125 
3761 
1127 
1976 
8995 
6724 
785 
7586 
150 
5806 
5113 
5883 
4926 
8464 
3285 
9096 
555 
1051 
4733 
825 
3443 
5748 
387 
1844 
6425 
1780 
4026 
7202 
8832 
7495 
7828 
8275 
5503 
2076 
425 
709 
5004 
9279 
154 
9131 
5422 
323 
8156 
8545 
2334 
1004 
4181 
8180 
2871 
8927 
3384 
4207 
7047 
1205 
8519 
9150 
4434 
161 
4847 
9338 
7302 
1918 
4322 
146 
4077 
3763 
5332 
4788 
9611 
9325 
6996 
6844 
3482 
5514 
6958 
3075 
1651 
894 
911 
5790 
5910 
1422 
7718 
329 
1608 
4920 
2052 
2331 
8500 
2725 
6840 
4188 
6648 
5833 
8978 
4821 
4340 
2473 
5523 
6995 
6808 
5961 
702 
3494 
6216 
9818 
5729 
7482 
9715 
8887 
566 
6220 
4757 
9768 
9100 
4189 
5078 
9261 
3578 
5129 
9557 
3305 
8993 
1876 
1997 
5457 
1673 
7639 
8468 
4253 
8177 
4629 
4084 
8512 
7967 
3744 
7731 
9486 
9239 
4906 
9141 
2758 
9286 
817 
255 
9632 
9758 
2107 
3543 
4655 
9594 
5593 
2776 
8516 
4036 
3625 
7524 
2637 
6675 
9807 
3407 
8203 
4172 
4005 
6586 
5332 
5501 
6510 
3819 
1612 
7659 
3714 
2294 
6458 
4914 
7387 
9566 
2532 
7804 
1512 
2922 
864 
6706 
5018 
8587 
8491 
4711 
7552 
227 
5102 
218 
240 
5603 
7449 
9000 
9561 
304 
7445 
8888 
8095 
6682 
4617 
288 
3960 
508 
9363 
7221 
1733 
9887 
4211 
2862 
9837 
4208 
6119 
5852 
5652 
4522 
6075 
5129 
3570 
7756 
6411 
1503 
2664 
6568 
6540 
2116 
815 
7210 
6974 
1157 
1440 
7778 
2757 
1141 
5602 
7010 
3161 
1649 
15 
9348 
2191 
3015 
4515 
8941 
6409 
6619 
3503 
3239 
9718 
7726 
3731 
5053 
2642 
4518 
4012 
6264 
8130 
981 
8422 
8350 
7802 
7667 
808 
2302 
7575 
2531 
4051 
5592 
2944 
1153 
3458 
6757 
1482 
5744 
6070 
9243 
5973 
2313 
5627 
3802 
9557 
5501 
4732 
1814 
675 
3556 
2791 
339 
9187 
3151 
3109 
903 
729 
6437 
8494 
6397 
4961 
6615 
3251 
5819 
4369 
8284 
7416 
3010 
7255 
5105 
4239 
7752 
441 
9212 
4880 
1683 
4102 
733 
146 
8505 
2132 
6836 
8601 
5750 
2340 
3709 
7499 
5887 
2228 
964 
2671 
4034 
6375 
4245 
4134 
7231 
5460 
6317 
6656 
8079 
4494 
3739 
7365 
2242 
7692 
8700 
1453 
3320 
6575 
9733 
7937 
2648 
1 
623 
176 
699 
1804 
316 
7722 
7164 
2134 
4673 
8688 
2595 
5574 
2774 
2672 
4245 
4298 
4129 
5216 
55 
5183 
9450 
9786 
1182 
995 
1353 
4734 
6320 
5975 
1119 
4144 
8657 
3748 
5142 
1124 
2593 
9314 
4255 
5469 
771 
4653 
499 
649 
1372 
5715 
6519 
1188 
8619 
8725 
9949 
9703 
4401 
9444 
9068 
8202 
4934 
6189 
4655 
3783 
3003 
6701 
8376 
7461 
1718 
4569 
7591 
117 
5842 
5412 
3603 
2336 
5805 
6291 
8170 
987 
4690 
6693 
7425 
5666 
5042 
5992 
6816 
3401 
5564 
8619 
6894 
2241 
9929 
1879 
2828 
3742 
6798 
8472 
503 
3125 
9790 
9941 
2700 
7383 
5003 
3648 
9664 
9283 
2984 
4331 
8976 
5336 
902 
2537 
7182 
4077 
9220 
2020 
9546 
9779 
1820 
8502 
9627 
6760 
9756 
9046 
9432 
6680 
805 
3419 
1284 
3396 
5196 
5123 
5128 
5328 
3564 
888 
5132 
3180 
4556 
4201 
3837 
5607 
714 
5443 
727 
118 
7900 
2496 
2635 
415 
1654 
7287 
5727 
9428 
9862 
8118 
307 
2892 
3864 
6744 
9409 
8486 
1144 
1408 
5255 
1224 
7677 
6937 
1613 
9283 
8431 
6103 
5355 
2280 
1568 
3032 
7563 
5400 
9570 
4740 
1966 
1323 
3628 
1933 
1181 
3785 
3172 
9694 
8547 
4549 
571 
9624 
9822 
7807 
9125 
89 
7404 
6921 
5313 
5998 
4998 
9141 
1973 
3854 
7590 
6097 
5001 
6107 
7186 
3344 
8333 
7109 
6844 
6680 
7913 
4372 
6356 
4760 
657 
1117 
9021 
8738 
9848 
7253 
1556 
9734 
96 
9893 
8568 
7032 
2133 
7769 
2981 
5096 
3217 
3641 
2995 
7842 
4101 
2876 
248 
2829 
7106 
1071 
2950 
283 
1645 
1440 
4633 
7785 
5533 
8186 
775 
1630 
9055 
7550 
5850 
3593 
9195 
9615 
2736 
2761 
9195 
6984 
2073 
2518 
8720 
3609 
5048 
7870 
7462 
6715 
3149 
7729 
8986 
2283 
4389 
1160 
5101 
9117 
4133 
8663 
388 
2002 
2508 
1352 
3898 
3077 
5058 
4915 
9350 
2332 
1445 
8507 
3337 
2228 
2460 
5069 
5196 
1093 
6153 
173 
5338 
5802 
8556 
6488 
9816 
8767 
9850 
7752 
1612 
6056 
3740 
2010 
9283 
6041 
5452 
1239 
4601 
8327 
2507 
2777 
3963 
8065 
3941 
3007 
2761 
7838 
9098 
2562 
6894 
8955 
5384 
2913 
7110 
6645 
8418 
1950 
8301 
288 
2133 
1162 
7922 
9983 
2201 
99 
5566 
6236 
7346 
2731 
3374 
7404 
6814 
2446 
3425 
1614 
2177 
3220 
9551 
8450 
1072 
1355 
81 
2112 
6877 
9582 
687 
3955 
3545 
2473 
6817 
6202 
7891 
1891 
9223 
9366 
7362 
3082 
7883 
1872 
9319 
7711 
9540 
3526 
7630 
3929 
4713 
927 
3134 
442 
8307 
9272 
943 
4078 
2673 
8506 
5536 
5467 
3512 
4088 
559 
1036 
7050 
1015 
8672 
8789 
9636 
5343 
400 
6817 
9217 
8239 
2493 
4389 
7244 
8436 
9112 
201 
3060 
326 
8250 
3582 
9274 
2949 
5841 
5852 
5890 
1862 
2023 
3747 
9490 
90 
5011 
1626 
5347 
8120 
650 
3051 
3963 
2861 
6146 
1573 
5399 
2104 
4351 
5473 
7219 
3700 
1953 
1292 
5549 
9460 
9906 
618 
3394 
7814 
6572 
8418 
8830 
2216 
2277 
3519 
1274 
4534 
4264 
930 
1881 
1942 
2377 
4933 
5877 
8608 
7253 
9660 
5337 
2366 
2528 
3283 
3001 
9020 
8387 
3847 
1603 
2067 
9193 
1826 
2066 
5322 
2797 
8293 
5617 
6593 
6062 
9932 
9978 
2508 
1457 
2402 
2475 
3293 
4454 
1751 
2268 
2455 
6041 
8927 
5398 
3105 
445 
2008 
4254 
8816 
5763 
2052 
5955 
3481 
2551 
704 
7702 
3642 
2467 
441 
4026 
6548 
6445 
11 
2480 
1345 
2450 
5789 
9102 
6620 
4613 
4709 
8358 
8755 
1885 
8224 
7726 
9497 
7217 
6797 
5004 
6860 
3682 
4011 
3728 
2200 
580 
3435 
8327 
6449 
4167 
1917 
6063 
1430 
7170 
5146 
1429 
7311 
5447 
8077 
8701 
9318 
2893 
2510 
3605 
1829 
8072 
1168 
3493 
775 
1135 
5190 
2692 
4213 
7436 
4864 
989 
197 
5601 
8924 
2877 
366 
8891 
3951 
1326 
4111 
8930 
6247 
6990 
3241 
5256 
1379 
3760 
3637 
3958 
9730 
1494 
6358 
3653 
339 
3213 
7263 
4086 
3334 
2415 
183 
8519 
674 
481 
6798 
48 
595 
6351 
5034 
2575 
5152 
2030 
7581 
2416 
7073 
5048 
47 
7405 
4353 
809 
5244 
3338 
1333 
9185 
2323 
3453 
1057 
7694 
6588 
5370 
7302 
5870 
8322 
255 
2352 
1902 
8990 
5224 
8694 
7934 
636 
2262 
8130 
5092 
2833 
8129 
8993 
7831 
2036 
1017 
9496 
502 
3395 
5526 
9286 
5745 
351 
6196 
79 
4587 
5818 
324 
809 
5575 
8363 
1875 
9151 
1128 
9357 
5074 
45 
4762 
3976 
1835 
1030 
1987 
9004 
5847 
2439 
9571 
2224 
8503 
8755 
5005 
3029 
3950 
2198 
5813 
4494 
2615 
3004 
2253 
2868 
7139 
2764 
4163 
5101 
7686 
6683 
7905 
5466 
7474 
912 
1891 
2108 
1278 
1709 
6092 
7276 
8307 
2205 
7677 
787 
6961 
7021 
5487 
3815 
5189 
8743 
5885 
7033 
2512 
6391 
2956 
2991 
7967 
422 
2170 
4076 
2182 
412 
874 
4590 
7048 
5451 
9746 
7543 
5775 
3357 
4370 
1145 
294 
652 
9708 
5543 
309 
3813 
9168 
1001 
4076 
3652 
8051 
7747 
1893 
9503 
4745 
3317 
3341 
5881 
3798 
3385 
1115 
7052 
4210 
6065 
5440 
6981 
5590 
6118 
6370 
2000 
8390 
35 
2200 
5251 
4753 
920 
473 
6451 
6181 
5113 
5163 
8455 
6724 
6274 
3099 
834 
875 
391 
4508 
4079 
5083 
4144 
6424 
4036 
3549 
4145 
1483 
733 
6403 
401 
2420 
1882 
7814 
1322 
8607 
5908 
7169 
928 
9603 
6315 
4650 
7873 
7263 
1558 
2251 
4044 
4232 
9926 
7141 
3040 
3304 
6762 
807 
4893 
8579 
2254 
646 
2361 
7223 
6765 
3283 
4587 
5716 
6381 
8634 
3429 
7937 
5194 
4742 
4811 
6962 
1910 
4353 
4701 
8712 
253 
4863 
4017 
2908 
8180 
1633 
2275 
9421 
4115 
3303 
1566 
9218 
7027 
2309 
9031 
8248 
1172 
169 
8436 
9149 
2746 
3436 
8556 
6 
4415 
8763 
8838 
6222 
1526 
2043 
9336 
409 
8607 
5901 
7927 
1712 
1579 
8626 
6036 
8196 
6260 
9222 
7227 
4093 
9150 
2742 
978 
7807 
3261 
4083 
3893 
8636 
571 
9378 
4053 
7047 
4225 
3414 
1050 
8473 
8263 
7693 
3188 
5067 
7090 
9467 
2326 
2175 
3304 
6731 
9743 
2703 
4202 
7476 
7330 
4270 
1286 
9434 
5338 
7924 
8962 
4206 
7034 
1942 
5632 
5063 
1637 
971 
5851 
3896 
7937 
2591 
531 
4144 
8384 
2821 
5390 
1336 
7241 
7700 
1151 
8935 
7631 
4714 
7145 
4627 
5547 
5746 
8766 
4923 
8 
599 
203 
7371 
1379 
6547 
7165 
3068 
1758 
8961 
6598 
2262 
8301 
3686 
3874 
6055 
2704 
2977 
2558 
6553 
2030 
7942 
3547 
170 
9340 
4209 
580 
4456 
9922 
3037 
9954 
5046 
3478 
1982 
6474 
6946 
344 
7166 
8005 
8926 
7894 
1862 
2925 
645 
5781 
3836 
5843 
6359 
6647 
9233 
4253 
6584 
2156 
4689 
1841 
922 
9324 
5889 
8708 
5088 
9742 
4198 
8141 
2685 
6878 
2474 
9886 
7251 
7953 
6474 
63 
2181 
7874 
9153 
3382 
6841 
3101 
1764 
7660 
6647 
6908 
8004 
9023 
9046 
6238 
7716 
6290 
9509 
320 
3480 
9641 
6601 
3142 
2188 
4829 
8779 
1604 
3821 
9378 
5599 
5446 
2461 
6030 
5696 
8919 
4925 
4351 
8406 
5197 
6437 
2821 
3691 
6226 
9889 
9597 
6556 
5453 
4778 
3063 
190 
4357 
916 
6210 
9438 
2341 
3676 
464 
6515 
8048 
9634 
5123 
1942 
6168 
330 
7309 
8605 
8412 
5813 
9669 
6328 
1567 
4663 
2462 
4070 
8821 
4755 
7948 
6803 
8184 
6056 
9948 
2370 
5799 
3094 
3625 
5908 
878 
5146 
8035 
9866 
6641 
8853 
6670 
9510 
8047 
3533 
2606 
8426 
5526 
2134 
4285 
7474 
8138 
112 
4837 
867 
5149 
7808 
3279 
2636 
4614 
1312 
1160 
3774 
9042 
2617 
9432 
9861 
345 
7142 
8256 
4638 
3883 
4154 
2987 
4853 
8233 
9393 
9553 
9315 
9226 
1448 
3352 
4896 
8703 
9811 
2130 
9772 
1769 
8148 
2635 
6341 
8125 
6904 
6460 
7368 
7399 
5660 
265 
4237 
9853 
5641 
5477 
5612 
9416 
3087 
2110 
8298 
9244 
5577 
9871 
7486 
9552 
9074 
2925 
5478 
9287 
6750 
131 
4850 
2007 
9552 
8806 
4074 
4019 
8254 
372 
5727 
782 
2823 
2389 
8475 
8484 
5556 
7377 
9052 
2377 
3662 
7018 
9855 
9144 
7636 
103 
4261 
6976 
6267 
6259 
5176 
51 
9728 
8383 
3079 
9192 
4518 
4657 
2793 
8162 
9878 
279 
4070 
7099 
8438 
850 
676 
821 
6261 
868 
7463 
8913 
949 
9847 
5127 
3421 
8644 
8899 
7547 
6131 
7987 
8533 
1813 
6892 
5941 
2051 
8369 
8110 
563 
4248 
8649 
3466 
7564 
9822 
5548 
2583 
4978 
3592 
3929 
1203 
6828 
826 
801 
9374 
2162 
5233 
6322 
7752 
7171 
5572 
5667 
9229 
983 
1583 
1675 
7341 
6102 
4729 
989 
6638 
2253 
598 
2811 
7919 
3183 
3453 
5841 
8913 
2388 
5231 
4945 
2142 
6363 
9653 
5998 
3022 
8755 
7619 
1677 
9107 
8597 
6031 
5391 
9814 
9720 
623 
944 
3272 
7693 
8165 
4133 
6092 
5880 
5853 
1707 
4970 
6940 
2064 
1284 
3403 
4620 
6524 
659 
4194 
5761 
6729 
2994 
4586 
786 
6384 
2394 
3124 
6181 
5386 
1895 
4939 
1654 
2842 
7996 
8028 
6892 
1249 
2956 
3678 
3623 
2892 
8255 
9287 
7973 
1420 
428 
3077 
8578 
9648 
2913 
4615 
989 
5412 
5525 
9205 
6423 
3503 
5382 
9458 
9843 
2968 
1180 
8511 
5269 
2425 
1257 
1752 
1798 
3948 
7161 
1221 
3836 
9866 
3604 
4177 
6275 
9294 
6741 
1362 
5104 
8726 
9125 
8941 
4204 
8119 
3426 
3621 
7921 
237 
4360 
6031 
8696 
9146 
1953 
7014 
3491 
3130 
3353 
6532 
1768 
1772 
4149 
2542 
219 
996 
4704 
7973 
2895 
4886 
1132 
705 
8645 
9204 
9042 
8818 
7000 
8556 
7141 
5269 
9363 
3865 
1575 
2567 
8765 
6911 
680 
6083 
5468 
584 
9197 
8252 
4898 
5711 
5169 
3984 
5385 
8014 
3996 
8486 
4582 
9889 
311 
2974 
6639 
8007 
6984 
5377 
8798 
3766 
4902 
9591 
3774 
760 
5186 
3711 
1641 
5529 
5811 
1638 
2575 
5991 
4992 
1980 
8890 
7876 
7215 
8531 
5703 
1151 
711 
2999 
3173 
7811 
1966 
7251 
5490 
8581 
9140 
1584 
1560 
5264 
5205 
9600 
9041 
7690 
6816 
7643 
6938 
3248 
6110 
2617 
2158 
118 
2641 
4303 
8093 
9130 
9115 
9621 
6295 
2204 
8494 
934 
892 
4963 
5952 
34 
9332 
7510 
6414 
1498 
4854 
741 
6288 
6346 
4756 
1158 
7850 
5257 
8742 
4239 
2934 
9167 
7383 
7107 
8968 
286 
8301 
4992 
8114 
3680 
5758 
589 
3189 
924 
3405 
7699 
1126 
8686 
1978 
4203 
1372 
6456 
5328 
9377 
8302 
147 
7603 
8553 
4678 
6114 
8024 
1771 
4530 
1726 
9191 
2638 
6818 
6827 
4372 
6678 
462 
9579 
8492 
283 
892 
9392 
2264 
4753 
1176 
5537 
462 
2654 
9772 
7855 
5150 
3045 
8542 
1200 
5538 
7257 
2722 
3811 
231 
5026 
8619 
8953 
6987 
9139 
4379 
4793 
8450 
7814 
9615 
691 
8291 
4066 
5617 
9095 
5187 
8696 
297 
6744 
976 
1457 
9714 
4595 
1632 
2759 
457 
8490 
1773 
8427 
3142 
1453 
5743 
9467 
1332 
629 
1736 
2412 
2822 
1274 
4034 
5670 
8942 
3864 
8031 
9044 
2323 
1032 
4747 
7991 
8974 
6099 
4613 
2375 
3247 
8986 
8024 
2227 
8422 
2641 
9303 
3259 
9678 
6116 
9641 
1540 
5949 
7207 
9541 
8660 
4984 
6074 
6184 
4757 
8798 
5346 
9108 
3072 
716 
6827 
4604 
3802 
4847 
5934 
4812 
3711 
6742 
9976 
1530 
1756 
9879 
3750 
8957 
9089 
4677 
22 
5065 
6870 
2714 
3470 
5355 
3549 
5787 
4449 
8527 
3726 
2138 
3458 
593 
1629 
7033 
5711 
9223 
5060 
7094 
4220 
4991 
8399 
2126 
4651 
5031 
2095 
2769 
5350 
2840 
2680 
2733 
6442 
573 
8754 
9415 
3211 
5816 
7039 
2617 
6247 
438 
5394 
2663 
9773 
7020 
1345 
3297 
6118 
4470 
6656 
9817 
106 
7126 
2825 
4798 
6504 
357 
2079 
2518 
7252 
4894 
5701 
4278 
6117 
6330 
2307 
1530 
9159 
8027 
3508 
3461 
9608 
8117 
4037 
1549 
5438 
4120 
7322 
7820 
9593 
3321 
2078 
5071 
3573 
1405 
1177 
4972 
1813 
2100 
4169 
1047 
4080 
6063 
9632 
878 
2720 
7066 
1485 
8976 
6803 
6235 
6667 
1305 
9925 
1129 
428 
5657 
391 
5704 
5615 
4625 
4768 
5521 
7123 
3467 
1203 
3303 
2060 
2868 
8786 
9964 
6982 
6321 
5966 
1861 
3389 
2467 
6880 
2486 
2862 
3723 
8962 
3190 
316 
8329 
383 
6004 
4163 
1958 
5833 
1869 
9058 
2772 
1569 
3310 
9542 
4818 
4003 
9778 
945 
2119 
5355 
9897 
5782 
9032 
9190 
7181 
3712 
1204 
7803 
3508 
1509 
585 
391 
5063 
2705 
9096 
8733 
5886 
7154 
2403 
5587 
8245 
7110 
9713 
8353 
7803 
4105 
8803 
690 
2665 
4076 
9644 
8477 
6951 
9157 
6553 
3575 
3636 
4503 
9660 
877 
4624 
1830 
9711 
5295 
5816 
3041 
9334 
3946 
8622 
7955 
3632 
3105 
3553 
5165 
4939 
6720 
203 
9403 
1134 
1080 
4314 
6325 
7709 
8378 
4049 
6671 
2251 
8196 
4388 
3279 
9698 
4708 
3421 
8401 
8717 
2094 
3413 
9371 
3724 
2429 
2224 
271 
3807 
1027 
7839 
1829 
649 
8862 
6915 
1143 
2023 
6256 
9433 
5194 
289 
4769 
1049 
6423 
4332 
1539 
2081 
1182 
690 
7135 
6681 
7558 
2898 
8913 
1517 
2896 
1352 
5909 
3993 
3650 
8881 
7219 
9411 
4633 
3043 
4321 
9188 
6962 
9812 
6414 
4620 
6825 
1535 
8258 
7304 
3857 
5763 
7647 
187 
3015 
3484 
7374 
4986 
6563 
7296 
7394 
250 
3172 
2245 
473 
1002 
9532 
8631 
8855 
9147 
5804 
1519 
9361 
6709 
6063 
135 
2110 
8547 
2265 
2043 
6537 
5713 
899 
3589 
9954 
8908 
1936 
2878 
1747 
7636 
3445 
3980 
2853 
2099 
9346 
8937 
1110 
4501 
5975 
9571 
7369 
9810 
2279 
1817 
4839 
5465 
7221 
4687 
6998 
692 
157 
1299 
5825 
1028 
1907 
2967 
3724 
7328 
5105 
892 
685 
4937 
2724 
6473 
3419 
2720 
2224 
2068 
7447 
3689 
1451 
8472 
5297 
6129 
316 
3225 
3230 
7413 
6518 
9226 
4911 
739 
2372 
987 
5126 
3260 
8461 
7869 
7073 
1140 
4612 
541 
4839 
4704 
4639 
8290 
4917 
1937 
2060 
2100 
1836 
8622 
415 
3596 
6738 
6041 
8480 
8096 
8161 
8780 
6262 
1348 
2362 
5656 
4955 
5761 
3870 
7582 
2080 
238 
1380 
613 
1484 
1480 
2927 
6037 
2513 
3586 
8175 
7846 
507 
6111 
4521 
8635 
7889 
4255 
7136 
3504 
4408 
1837 
1204 
6819 
1054 
3118 
5322 
4077 
8504 
4406 
4597 
535 
471 
5534 
3068 
7727 
3287 
4256 
8938 
8858 
3156 
8467 
8713 
3844 
869 
2977 
4290 
7733 
6344 
4918 
5166 
5474 
9417 
2380 
2082 
2646 
2805 
3628 
1045 
7360 
9904 
8695 
6592 
3922 
3097 
1931 
4407 
1342 
6510 
5656 
949 
5111 
6953 
8557 
240 
7977 
4428 
1374 
9189 
4744 
8653 
9023 
6437 
7229 
540 
8230 
935 
8362 
8789 
8410 
9493 
3952 
9658 
4725 
1677 
4480 
2747 
9370 
7323 
8189 
7547 
9348 
3982 
4349 
7915 
1846 
4664 
4366 
8442 
7376 
3602 
785 
7139 
777 
4339 
383 
7708 
9589 
5228 
8618 
6849 
6277 
5155 
1037 
897 
1719 
560 
5646 
2594 
9612 
6345 
1578 
9632 
5816 
6488 
5981 
2097 
5754 
5716 
2225 
4529 
249 
8147 
3811 
7999 
4867 
3705 
7583 
197 
5451 
2797 
2954 
6597 
562 
8466 
4237 
6325 
190 
9929 
789 
1750 
4830 
7454 
9509 
8016 
3561 
1723 
8504 
5170 
7598 
8403 
9805 
8544 
2023 
8889 
2849 
5148 
8335 
6784 
566 
9964 
2048 
1429 
2312 
8042 
1265 
9518 
3656 
8745 
7044 
5943 
8861 
3952 
5255 
7733 
5598 
8613 
4211 
4624 
2712 
9284 
1707 
1653 
5283 
6355 
3753 
1606 
5971 
1410 
1415 
381 
7471 
6607 
3195 
1132 
5147 
6924 
7353 
2990 
9043 
7905 
2868 
8322 
9052 
7711 
4619 
5839 
6047 
766 
3566 
9484 
5744 
9471 
4022 
8481 
8624 
4089 
7812 
7019 
8968 
2356 
1495 
6709 
6155 
5481 
9566 
4120 
3295 
8716 
2641 
3843 
9757 
2636 
2934 
1721 
8300 
7399 
8758 
5940 
5209 
8985 
4612 
8171 
7102 
5027 
9155 
9758 
9160 
7961 
5144 
7891 
2993 
8431 
2133 
6635 
6158 
6091 
8627 
7746 
5750 
8189 
4115 
9858 
9284 
3661 
1028 
8167 
9111 
4962 
9840 
9750 
4552 
1432 
9568 
9950 
7919 
1581 
1970 
4746 
4627 
7834 
1046 
6971 
2638 
1171 
640 
2301 
7793 
1203 
534 
3618 
854 
1311 
3664 
8741 
319 
7607 
6616 
1884 
8642 
483 
6348 
2813 
9454 
9190 
1487 
9933 
9937 
6348 
8160 
6571 
5290 
1363 
6343 
3473 
1024 
2836 
6592 
4384 
689 
3400 
8301 
392 
3904 
680 
7710 
3951 
8004 
9064 
448 
7052 
3713 
9047 
7095 
3426 
4678 
3517 
6849 
9466 
5377 
986 
1076 
3675 
1987 
7471 
1505 
1685 
3856 
8564 
203 
8474 
4335 
9261 
3258 
9248 
7929 
4249 
8771 
2728 
7607 
3213 
6457 
5639 
9368 
9242 
1386 
8490 
57 
2015 
753 
8597 
493 
3267 
4079 
234 
9403 
8433 
8466 
3587 
1386 
6688 
7656 
9964 
4384 
9293 
8145 
9474 
9549 
1314 
3052 
3117 
9931 
2307 
9971 
3739 
9324 
3727 
1562 
7207 
9203 
5055 
5293 
2810 
7223 
5251 
2666 
3257 
4307 
4523 
1022 
6369 
8630 
364 
193 
6263 
3435 
361 
1794 
8852 
7753 
464 
7569 
4010 
810 
3700 
7114 
8429 
1194 
3112 
8086 
4733 
3511 
9266 
458 
6233 
3245 
1720 
6093 
2679 
8992 
628 
5350 
254 
319 
371 
3828 
7276 
9226 
2713 
4648 
7276 
2174 
4662 
6603 
3722 
9091 
8824 
7858 
9946 
64 
2842 
7199 
5439 
6731 
8174 
9232 
8276 
9996 
8625 
2610 
6206 
9195 
6402 
3032 
2402 
8959 
6685 
2810 
2533 
1217 
9682 
7978 
2649 
1212 
5969 
7384 
4050 
4847 
8496 
7291 
8240 
4952 
8815 
4738 
1943 
6313 
285 
170 
2158 
872 
1109 
279 
949 
9024 
3436 
9858 
2785 
622 
7744 
1797 
8032 
9048 
452 
1827 
9426 
9630 
1407 
9835 
5372 
6273 
7671 
6553 
8306 
8490 
8693 
9082 
5294 
6160 
1823 
3145 
8177 
8988 
2179 
250 
1071 
6559 
8934 
8513 
1698 
8524 
1570 
4644 
5256 
2173 
6296 
6116 
778 
6806 
9172 
7768 
9652 
710 
1380 
9009 
6334 
3617 
8861 
9158 
9632 
1063 
8038 
517 
8680 
417 
2057 
2958 
8323 
2225 
2418 
1824 
3431 
2266 
5911 
9890 
7257 
9420 
9459 
7467 
8097 
1306 
6157 
1652 
4167 
8018 
5147 
4014 
9391 
5134 
1994 
4669 
9633 
3444 
9647 
6050 
1025 
1887 
9800 
7902 
3981 
2093 
4460 
2990 
3142 
8563 
7892 
8302 
8711 
3518 
1864 
8423 
8768 
1688 
5036 
1155 
2587 
8684 
1479 
2753 
3758 
9737 
9523 
4676 
5886 
4600 
8353 
5870 
6317 
9026 
6878 
4367 
1943 
5898 
5142 
7585 
418 
7875 
7690 
5501 
5569 
961 
8814 
9739 
4953 
9224 
5567 
3836 
4698 
4240 
9383 
2972 
958 
5377 
5483 
267 
1860 
7720 
9365 
9402 
1994 
3224 
8391 
6340 
2002 
8686 
6101 
9964 
1934 
5438 
7175 
6752 
4215 
360 
2107 
3052 
7690 
5450 
9467 
3940 
449 
3897 
2583 
8489 
9152 
4783 
7390 
1339 
7241 
9842 
3225 
5645 
833 
1579 
8295 
9602 
4845 
1602 
9168 
3904 
7209 
7151 
8774 
9722 
1779 
9158 
3989 
6005 
6289 
1703 
387 
3350 
189 
5422 
6088 
5876 
3640 
4278 
5648 
9627 
5710 
728 
4924 
9715 
3690 
7452 
9651 
6857 
1685 
6763 
4768 
8584 
3554 
9748 
8181 
5236 
3130 
9672 
9130 
4576 
1485 
1504 
6790 
4423 
6549 
5036 
3671 
397 
9241 
7085 
7197 
9652 
7106 
4439 
9351 
3833 
3799 
2799 
6631 
2607 
6077 
6342 
9697 
9004 
7665 
6293 
4643 
3068 
4216 
7050 
9112 
2761 
5606 
1943 
2404 
2530 
4638 
2248 
6565 
2818 
8714 
2894 
8421 
8328 
9825 
8417 
128 
1922 
4145 
8866 
3843 
7683 
917 
5522 
6268 
9185 
3681 
9100 
7951 
1136 
4358 
4692 
7716 
4034 
4778 
2200 
4012 
2045 
5014 
8277 
2230 
2036 
1863 
9244 
8982 
5745 
3976 
8938 
935 
2622 
7337 
4768 
2075 
8089 
3207 
7731 
3584 
9978 
5815 
6161 
6843 
4360 
2046 
5952 
2643 
8523 
6871 
8334 
7602 
395 
1596 
731 
6171 
5152 
5920 
7782 
2692 
5170 
3670 
4067 
5938 
7833 
9757 
3003 
6737 
1516 
4297 
1203 
8321 
8117 
7244 
5482 
2367 
7509 
6763 
118 
9767 
8419 
6877 
2493 
3277 
6122 
6274 
7637 
1575 
9366 
2632 
5475 
501 
8759 
1690 
9552 
4172 
6858 
7750 
4016 
7409 
4301 
7996 
1607 
6704 
6266 
1097 
5897 
6341 
7926 
2738 
6560 
9111 
1873 
6012 
8213 
504 
2474 
7041 
6769 
9142 
4126 
2986 
4391 
7026 
4807 
3378 
880 
5790 
6487 
3644 
6652 
8913 
1990 
161 
6533 
6545 
404 
1659 
2999 
5792 
7507 
4266 
6681 
2248 
2189 
5361 
727 
6986 
4876 
9142 
1944 
6372 
1416 
5053 
7066 
2968 
8529 
5943 
9620 
100 
5601 
8894 
4499 
7927 
2261 
2276 
2477 
8636 
5584 
9130 
4175 
6781 
7656 
1017 
4290 
8526 
4618 
4169 
3657 
8229 
5059 
1603 
50 
4306 
9926 
5103 
9219 
781 
8480 
4220 
4921 
3681 
9653 
1753 
6209 
8311 
3085 
5911 
9919 
8849 
4463 
5267 
2351 
2140 
758 
8331 
2775 
4436 
2792 
5795 
7847 
6648 
7858 
9675 
5389 
3309 
8118 
8764 
317 
55 
2176 
1413 
7344 
2180 
2622 
6090 
9768 
6479 
8755 
5840 
6986 
2066 
394 
2005 
8969 
9927 
9013 
6131 
4445 
1266 
7172 
6981 
5478 
3813 
6471 
9516 
3671 
8784 
4349 
9003 
814 
9109 
9133 
6292 
9525 
9039 
4847 
1658 
9188 
9785 
8403 
5744 
8687 
6863 
146 
515 
2486 
9716 
6613 
518 
2885 
9762 
9048 
7436 
5112 
6380 
3368 
5565 
5297 
4470 
5132 
271 
2961 
8789 
7884 
335 
943 
5437 
145 
8316 
3244 
7522 
9305 
161 
8536 
7841 
9319 
5138 
155 
7274 
3818 
5258 
7330 
5540 
592 
1508 
1485 
9275 
9303 
6041 
9357 
6107 
6855 
3724 
747 
7938 
6787 
5575 
9631 
7967 
5749 
570 
8424 
705 
738 
5033 
1784 
4954 
9177 
5307 
2562 
738 
8864 
788 
7124 
4004 
4 
6207 
1288 
388 
4772 
4002 
553 
6471 
7381 
9959 
3279 
7605 
1003 
4718 
4058 
2895 
9629 
3473 
3506 
5002 
6560 
4145 
7589 
4694 
5609 
3160 
6478 
8741 
358 
1147 
3747 
3243 
290 
2656 
2642 
2861 
1617 
5133 
2059 
8405 
892 
4379 
111 
78 
4006 
9478 
2259 
8913 
8614 
1502 
5986 
4249 
7113 
9352 
2165 
5109 
8306 
6586 
7111 
6215 
1874 
7651 
8145 
5912 
9882 
2809 
8808 
2809 
3704 
6900 
1141 
5835 
5940 
9286 
538 
614 
3683 
904 
953 
852 
400 
1518 
6260 
4434 
5522 
9568 
2212 
8013 
4882 
1526 
4423 
2816 
5313 
153 
1160 
2753 
6438 
9702 
6947 
1598 
7642 
2078 
2841 
3548 
6411 
6749 
9256 
5116 
6719 
3711 
1111 
5938 
5240 
2715 
5776 
8308 
568 
2359 
480 
6577 
29 
9131 
9207 
5483 
3783 
1269 
7693 
6719 
2843 
204 
6496 
2958 
7028 
5919 
372 
96 
4438 
309 
4048 
6840 
5173 
9169 
7831 
7712 
6672 
2571 
7049 
7536 
7975 
1778 
7744 
2982 
1139 
7259 
914 
1094 
2624 
6182 
4667 
7329 
8497 
6927 
3013 
2920 
5535 
8253 
6273 
1602 
5780 
1073 
3308 
3918 
8857 
652 
4677 
3142 
3403 
9942 
8253 
3317 
8404 
5861 
4830 
3240 
1088 
6102 
6753 
1949 
5276 
5769 
8199 
8902 
1389 
6402 
9028 
9248 
8289 
4947 
825 
6198 
1331 
1582 
537 
3580 
4814 
6018 
9766 
5831 
9540 
2823 
4255 
5941 
6230 
1741 
2248 
6428 
8474 
6970 
4091 
8566 
3796 
2310 
6448 
3915 
3305 
5414 
7321 
4091 
1247 
1886 
5134 
8908 
5089 
5399 
509 
6121 
1611 
2324 
5542 
3548 
1676 
766 
8391 
5623 
1336 
6550 
1759 
611 
8659 
6517 
1893 
504 
7657 
8140 
1124 
493 
4480 
2358 
3528 
2202 
7047 
4035 
9667 
2953 
2523 
1495 
5229 
3782 
6061 
6546 
1013 
220 
5260 
5394 
2562 
1154 
1916 
6601 
3546 
4969 
1812 
9525 
4699 
3515 
4087 
4392 
2459 
4731 
7428 
5017 
9397 
9396 
9426 
7470 
3003 
1 
1037 
4357 
149 
6890 
1391 
8829 
2805 
990 
444 
8788 
9683 
8884 
591 
9779 
9692 
7347 
8595 
4038 
5758 
4721 
2921 
7666 
9264 
3208 
2954 
8389 
8629 
5393 
5589 
3798 
888 
5839 
7407 
8705 
7112 
1363 
2157 
9067 
8374 
7509 
1068 
3653 
2396 
9217 
4779 
6735 
1719 
8150 
987 
6922 
3300 
668 
5172 
575 
2411 
901 
7176 
7566 
2652 
6668 
8379 
6962 
7457 
8654 
1548 
1300 
8979 
5710 
851 
1334 
9361 
9993 
3260 
5993 
1052 
9399 
9305 
1760 
4580 
3121 
8287 
4302 
3734 
92 
1567 
887 
6528 
8668 
921 
5649 
4578 
6340 
4330 
8540 
9368 
4840 
8290 
8203 
1521 
6546 
4909 
6427 
2314 
2926 
792 
3930 
7829 
4389 
3615 
4199 
4145 
1097 
9321 
4417 
4232 
5517 
225 
7429 
8787 
6107 
6902 
2012 
6350 
2230 
1623 
5477 
9870 
5063 
242 
2963 
3832 
5715 
5782 
1987 
563 
537 
5689 
6987 
4162 
4251 
5595 
2964 
639 
6587 
6755 
3280 
9532 
1509 
1159 
489 
3439 
8322 
4048 
172 
7721 
2187 
7530 
2817 
4734 
7217 
2155 
8297 
5583 
442 
292 
1139 
3649 
7635 
3562 
6686 
3069 
9359 
9932 
9738 
3606 
663 
6771 
4226 
3691 
3990 
1787 
4949 
9628 
1347 
3247 
9873 
7217 
1797 
866 
168 
2405 
2778 
2982 
5763 
437 
7396 
4984 
6388 
1483 
7386 
4593 
8361 
9863 
2260 
9763 
1767 
5417 
2325 
3129 
4975 
9254 
9326 
4274 
305 
188 
965 
1232 
4425 
5825 
8931 
3210 
5417 
8454 
5443 
4435 
9526 
6189 
6507 
1521 
9936 
2964 
6691 
6883 
2733 
563 
8709 
8400 
5978 
8893 
5537 
1127 
3523 
6103 
9387 
3130 
1489 
3247 
1365 
6876 
9173 
7935 
2325 
6253 
6052 
6112 
2514 
3872 
5545 
7333 
7220 
5511 
3383 
5436 
9117 
627 
6459 
9614 
4130 
8263 
1485 
5648 
1703 
3552 
3690 
5952 
1197 
7233 
983 
8950 
4707 
9363 
6192 
7810 
4203 
8306 
6473 
857 
3008 
9684 
8645 
6137 
6921 
7864 
4095 
5619 
7889 
7097 
9304 
2766 
5917 
7361 
9564 
4742 
619 
2137 
1270 
7893 
5847 
3960 
126 
1883 
9658 
7049 
5240 
5937 
1757 
4718 
628 
205 
8418 
8350 
4080 
9593 
1902 
4736 
8487 
5846 
7223 
7323 
4399 
6594 
6976 
2527 
5041 
7381 
5865 
1945 
6755 
2961 
4065 
2454 
7546 
3405 
9886 
7159 
4164 
1319 
6046 
2363 
3206 
9824 
1880 
6849 
4102 
89 
3502 
2601 
2846 
2986 
4617 
213 
2224 
3732 
3827 
6925 
1615 
3599 
1228 
7950 
3691 
5008 
4391 
1345 
8233 
4182 
6434 
1419 
3055 
536 
394 
5373 
9747 
2577 
9885 
7451 
3096 
8162 
5092 
136 
744 
3527 
6038 
2022 
9906 
1824 
5983 
3563 
9564 
600 
6701 
9763 
905 
516 
3308 
3929 
8896 
1800 
2417 
1757 
3505 
5135 
7370 
5785 
3624 
7809 
6556 
7557 
5389 
3489 
135 
6364 
7556 
4997 
8705 
9815 
8801 
1824 
4642 
464 
6801 
8122 
3311 
6206 
743 
6344 
4938 
9358 
2281 
1541 
8540 
220 
4146 
5219 
1852 
836 
5870 
4976 
8364 
4427 
8658 
8589 
7906 
1508 
1631 
6763 
4026 
8883 
7976 
9740 
6165 
2879 
3426 
2569 
4530 
2940 
9494 
5616 
8991 
4658 
5749 
7812 
3355 
9919 
6027 
3667 
6013 
9451 
7674 
8594 
6609 
8523 
3861 
3045 
5807 
3274 
5318 
6828 
7844 
5332 
7222 
1664 
774 
8199 
8270 
8403 
6924 
2817 
7160 
6995 
2024 
1757 
1322 
2006 
2459 
8558 
5250 
9349 
5425 
5554 
9238 
9962 
296 
3716 
1566 
4976 
9700 
5103 
4162 
340 
4721 
3932 
5807 
8739 
9191 
6723 
7714 
4698 
4728 
8567 
9318 
3133 
3883 
7404 
7578 
7571 
5332 
2741 
8836 
6461 
2547 
3969 
6390 
1806 
5477 
8277 
4147 
6795 
7848 
4352 
9653 
715 
7837 
1631 
5421 
2051 
7378 
6232 
7124 
9807 
7116 
8357 
3424 
3814 
2297 
7291 
7528 
9347 
8552 
778 
384 
5236 
6485 
973 
6178 
6135 
1863 
7071 
8463 
9342 
673 
4861 
1970 
5895 
7179 
9013 
9303 
2485 
1814 
1032 
9458 
4274 
1485 
8695 
362 
6799 
5895 
5396 
8964 
5979 
6004 
6824 
3271 
2046 
7631 
4073 
224 
4728 
8145 
1051 
1631 
7884 
4321 
3754 
5547 
3399 
3996 
3720 
2974 
6130 
4232 
9128 
7252 
4908 
1545 
8677 
6526 
1589 
8855 
7978 
7336 
6917 
1534 
3854 
241 
5295 
4811 
428 
5468 
2516 
4299 
8278 
963 
906 
129 
5114 
6129 
7166 
1252 
608 
1313 
6211 
7115 
5297 
9384 
4675 
8593 
3800 
6009 
6468 
9992 
5532 
4316 
2179 
8900 
172 
8137 
8425 
3931 
3752 
2055 
454 
6871 
9761 
8996 
2691 
6887 
3001 
98 
7146 
4337 
9882 
1895 
8800 
3360 
5388 
9443 
3141 
7831 
649 
6511 
502 
6337 
7056 
9604 
7411 
3938 
9984 
9500 
2014 
2307 
2140 
5748 
7902 
1235 
5886 
6048 
9263 
4750 
1134 
1778 
8122 
5965 
1960 
7146 
7062 
2378 
6808 
8143 
5192 
2430 
43 
7557 
5500 
7999 
6311 
7681 
6703 
9801 
6021 
5133 
3809 
8885 
393 
6145 
8040 
3309 
1749 
2934 
8196 
3215 
9453 
5166 
8603 
9602 
1240 
6352 
2506 
6021 
4249 
569 
2058 
1129 
1578 
2323 
8953 
4485 
9134 
7604 
2908 
5390 
4735 
807 
5509 
7493 
6214 
4459 
6827 
3422 
6682 
2072 
5648 
6072 
542 
1256 
2635 
9528 
6290 
9902 
790 
9431 
343 
4763 
3862 
2315 
7921 
9473 
3849 
9638 
8506 
7392 
6771 
1079 
838 
9876 
8001 
7599 
7120 
5498 
7173 
8678 
8446 
6168 
8631 
2383 
6504 
3800 
4942 
2091 
7057 
362 
1850 
330 
2377 
9817 
1838 
8543 
9906 
3993 
9420 
3420 
7143 
6179 
5819 
5486 
2707 
5429 
4441 
8733 
1171 
3901 
726 
4798 
6553 
2460 
3942 
7101 
729 
8078 
4397 
8987 
5819 
5288 
3169 
9840 
1864 
8782 
3046 
3782 
5035 
9342 
5637 
2840 
1906 
5417 
979 
1601 
3919 
8021 
6962 
7154 
1107 
8666 
2971 
700 
46 
8007 
3753 
3024 
1655 
9393 
7119 
247 
1357 
1872 
4393 
8610 
9731 
2687 
8689 
6641 
2202 
3871 
8581 
1477 
9367 
1508 
9656 
5416 
5776 
806 
2596 
3060 
9811 
1107 
6268 
4075 
7023 
5929 
7735 
8759 
5619 
90 
55 
4200 
615 
3026 
7607 
5122 
1029 
7503 
3752 
6763 
4831 
415 
9877 
606 
1861 
2727 
6908 
1695 
4787 
315 
6863 
4654 
259 
8747 
1051 
4692 
2590 
8394 
8885 
7627 
2829 
1921 
6176 
3511 
4020 
2656 
7997 
9835 
161 
7715 
479 
8944 
7432 
8089 
1179 
1595 
7201 
5691 
4780 
5961 
8365 
2064 
6268 
9073 
1871 
1306 
7950 
3981 
4322 
4052 
6941 
6748 
7488 
9783 
7660 
1644 
7460 
166 
7560 
8733 
3908 
882 
5266 
54 
8692 
7544 
1857 
5464 
3719 
3479 
3001 
6145 
3775 
7028 
9858 
6966 
7479 
6465 
9935 
7053 
8835 
9462 
250 
6467 
4353 
8684 
8885 
6524 
935 
3050 
9156 
979 
4992 
6932 
626 
1582 
29 
6923 
9097 
9070 
6354 
5259 
6828 
8356 
5278 
5765 
3456 
2562 
6353 
5496 
7833 
2390 
4166 
1630 
2637 
0 
4706 
8916 
8061 
6561 
6776 
4357 
9529 
7509 
7176 
9671 
8553 
7825 
8730 
5724 
6985 
6936 
122 
53 
3222 
4595 
6843 
2231 
8353 
4661 
2685 
1385 
2665 
6762 
2977 
1712 
3653 
9302 
8075 
6308 
5380 
5008 
3764 
6092 
4288 
1357 
8220 
3326 
2997 
1321 
6141 
3120 
8470 
4610 
7184 
1177 
7616 
9334 
1801 
9681 
4151 
5041 
9595 
8814 
3018 
8132 
8582 
1468 
9595 
3825 
1957 
978 
9047 
2537 
9441 
71 
4710 
974 
107 
819 
8727 
2157 
5685 
7868 
7693 
7568 
2130 
5791 
7239 
6839 
7625 
9672 
3920 
6580 
5 
9849 
2664 
4203 
6170 
6889 
5013 
357 
4931 
300 
7072 
980 
7995 
9979 
7325 
8934 
5644 
6314 
4830 
3106 
2915 
5045 
1617 
9992 
324 
9255 
2595 
2323 
2216 
1286 
6750 
5454 
3513 
1553 
1448 
5660 
7920 
7843 
9261 
1107 
9687 
5480 
1639 
4395 
1174 
7372 
9232 
8781 
334 
4163 
9027 
5404 
2895 
4205 
4154 
8673 
8646 
2387 
9363 
2934 
1875 
1545 
9627 
1231 
175 
5506 
6752 
4220 
2470 
3093 
5156 
4231 
5304 
759 
7522 
9718 
960 
2769 
3458 
8544 
7769 
9715 
9689 
4021 
1339 
7003 
2502 
7277 
7027 
4913 
9245 
9695 
3126 
8515 
50 
5058 
2969 
7708 
1500 
9602 
2953 
4173 
4832 
2395 
1673 
4672 
5013 
5242 
3707 
4655 
8957 
8373 
8273 
4761 
5405 
1838 
7828 
6736 
8104 
2365 
3922 
6147 
7971 
8029 
445 
3816 
7438 
521 
4632 
9746 
3137 
8730 
9596 
2248 
5961 
4177 
3824 
2535 
8076 
7700 
1729 
8404 
9726 
9607 
4315 
6892 
4653 
373 
3672 
7116 
1648 
2846 
9402 
8553 
2105 
5849 
3761 
6393 
3388 
4430 
404 
8506 
8388 
9331 
4225 
7312 
342 
9981 
1015 
8250 
8946 
7363 
8762 
6099 
1777 
7622 
7219 
5251 
3357 
42 
7099 
679 
3552 
7785 
2644 
1811 
6026 
7172 
8730 
416 
4652 
348 
8185 
2822 
2585 
8294 
229 
9303 
5582 
6874 
5129 
3908 
8924 
5790 
4351 
1589 
4156 
2497 
5987 
7254 
8684 
2507 
8881 
9366 
4475 
340 
7209 
198 
3752 
6629 
635 
1035 
9112 
2495 
1431 
9932 
1496 
7258 
7865 
7241 
7772 
7082 
6107 
498 
4719 
4464 
9660 
5823 
4236 
2106 
5678 
2829 
2245 
4796 
8925 
7078 
6276 
2983 
2705 
3264 
8419 
8876 
5279 
8014 
3806 
3677 
2642 
1219 
3542 
3367 
1316 
4199 
4227 
1396 
7957 
5650 
929 
3483 
5397 
5496 
5240 
7324 
7839 
836 
5375 
7762 
1909 
9796 
4974 
8457 
8161 
6516 
2040 
8220 
7539 
7304 
5852 
8778 
4889 
4248 
5732 
5532 
5039 
2384 
4662 
434 
8349 
5808 
4933 
6241 
3291 
8540 
3343 
6184 
5973 
7293 
3684 
290 
9505 
5675 
8492 
6133 
4350 
8938 
759 
4190 
1547 
3395 
8141 
4667 
7135 
5197 
5632 
3927 
2757 
8662 
5412 
4461 
2209 
3863 
1584 
7131 
5271 
4146 
760 
9800 
998 
7051 
2846 
179 
3284 
636 
1421 
7672 
4446 
9072 
7471 
4547 
2281 
6246 
3012 
5574 
8518 
144 
590 
8367 
8489 
4371 
2136 
3183 
2581 
124 
6456 
6686 
1011 
4113 
2591 
4119 
4741 
8993 
620 
1268 
7078 
7373 
1509 
2118 
6857 
6209 
213 
2758 
1319 
8001 
7428 
597 
7333 
8665 
3749 
5731 
6075 
7655 
1352 
3148 
6286 
9025 
3341 
9206 
3059 
6477 
4427 
8194 
3848 
6450 
5946 
7621 
7366 
1592 
3123 
1510 
1792 
542 
3350 
6259 
8699 
3593 
1298 
3988 
1740 
6742 
3195 
5535 
7100 
7483 
6129 
4032 
2124 
2880 
6779 
9807 
6263 
1986 
1872 
7716 
3724 
8173 
5353 
3856 
6154 
6640 
9338 
445 
1152 
6639 
4717 
9205 
520 
2948 
5707 
9469 
4672 
8887 
9429 
258 
2421 
7485 
6595 
8130 
5217 
5182 
8074 
1027 
5929 
2299 
9150 
4427 
2679 
8006 
1740 
908 
6777 
4151 
5029 
4380 
6440 
8387 
5158 
3887 
2079 
8272 
3505 
7562 
9834 
5405 
1184 
3004 
8940 
5987 
1752 
5304 
3332 
8430 
5578 
9332 
1438 
6555 
2097 
4354 
4223 
9104 
6548 
7871 
2914 
8293 
3747 
6754 
5613 
7096 
6610 
2428 
273 
9187 
6773 
8470 
7737 
5513 
3741 
8923 
6837 
9328 
6540 
385 
4445 
3039 
9538 
9937 
7595 
5798 
3134 
4279 
6302 
1800 
479 
850 
3709 
8874 
103 
4863 
4074 
1134 
8631 
6845 
2622 
5109 
7367 
2123 
9747 
6174 
1798 
5984 
4163 
9081 
4821 
1692 
6095 
5384 
3716 
9056 
4600 
3553 
9003 
4228 
9832 
395 
5431 
7678 
4428 
9184 
1580 
5623 
1203 
534 
8361 
7390 
7380 
4879 
8528 
8492 
8641 
8474 
4866 
6152 
1800 
6855 
2736 
7164 
2872 
7806 
8295 
1094 
309 
5710 
5026 
3630 
4340 
4515 
7740 
544 
3723 
3552 
8856 
9760 
2179 
5198 
9389 
2770 
1772 
2219 
2135 
4464 
435 
4268 
9855 
3622 
9698 
6685 
688 
2127 
3499 
6111 
8450 
6867 
7548 
5944 
2469 
8292 
2961 
6195 
7094 
6808 
2047 
5032 
244 
5413 
7754 
7007 
535 
4948 
4944 
9886 
3403 
2902 
3312 
4783 
3067 
9403 
2259 
4846 
7843 
2600 
3627 
7374 
5568 
4394 
7724 
7571 
857 
975 
4110 
8583 
2750 
1778 
1519 
5716 
3509 
9550 
2053 
3218 
6817 
3160 
2038 
2390 
4491 
1563 
7105 
9093 
7588 
8621 
3060 
8779 
6617 
5974 
7700 
2769 
1505 
664 
9771 
501 
5272 
4089 
3147 
3482 
692 
9810 
4969 
1754 
3451 
3009 
8408 
6948 
402 
3620 
9937 
1040 
6341 
558 
1215 
5349 
6132 
826 
8695 
6192 
7857 
7930 
3205 
8556 
2008 
6706 
7914 
7919 
1489 
1185 
7994 
1263 
489 
4224 
2876 
2330 
5101 
6075 
4599 
6469 
8660 
2985 
9607 
5107 
7371 
181 
1344 
7208 
2664 
336 
3531 
5778 
4571 
697 
9545 
1765 
435 
7035 
9043 
80 
5444 
8029 
8204 
1681 
2067 
8935 
1519 
516 
2134 
4595 
5689 
8449 
552 
3160 
9454 
5915 
1265 
2305 
4878 
1631 
9772 
2231 
4879 
916 
6754 
4710 
9949 
4527 
4998 
6374 
5552 
3032 
6631 
5929 
7572 
3153 
675 
1024 
4590 
3310 
4532 
2299 
4764 
2784 
5413 
7592 
2680 
4658 
4921 
1174 
1071 
840 
5058 
9961 
1857 
512 
4054 
9002 
9605 
6535 
2812 
5891 
5128 
6209 
614 
2205 
5350 
9843 
5129 
4760 
5924 
6495 
2347 
9725 
5611 
4566 
1461 
5871 
8509 
