5000
6642 
8988 
4529 
7144 
5538 
2913 
8833 
8286 
8940 
5479 
9986 
5615 
2964 
8902 
5732 
2348 
4985 
8861 
2301 
2547 
9720 
5958 
6859 
1728 
289 
9208 
2461 
7478 
2891 
8766 
9397 
4675 
4362 
2283 
343 
1132 
701 
3469 
5106 
4624 
5384 
9244 
7195 
8064 
5066 
2244 
2469 
3270 
5593 
9312 
6467 
5909 
2312 
5420 
7340 
1091 
8492 
2914 
4559 
8038 
9745 
601 
8753 
5419 
9267 
7117 
7046 
5616 
107 
5333 
7462 
2423 
1729 
8022 
7156 
2895 
7943 
9782 
6316 
4145 
5379 
4450 
5629 
8789 
9394 
885 
2147 
5848 
7391 
1093 
3215 
6091 
5355 
858 
4721 
5681 
4792 
3354 
7415 
7860 
8996 
6854 
2210 
6297 
5547 
9904 
3041 
7429 
2426 
6817 
2549 
5896 
9483 
7508 
4818 
5772 
8030 
3646 
2538 
7554 
9594 
5101 
1035 
4216 
1719 
2898 
6995 
3010 
6964 
9424 
8487 
7413 
7609 
2442 
306 
6619 
5654 
1224 
1396 
9754 
536 
5391 
9659 
9412 
3191 
2006 
9620 
9923 
5708 
8205 
6580 
8415 
3181 
6520 
3848 
5769 
8915 
4426 
8639 
7202 
1589 
574 
1623 
4255 
2513 
1036 
3130 
4412 
6857 
8991 
9378 
2174 
4318 
2615 
8153 
7674 
294 
9296 
8007 
2644 
1921 
835 
824 
7574 
5280 
3624 
7486 
3294 
5554 
6729 
5405 
3325 
7501 
7165 
4862 
7983 
4908 
9963 
7123 
9937 
7871 
2896 
7220 
4087 
9552 
9347 
4584 
3749 
130 
8257 
719 
152 
9504 
6410 
2021 
4121 
8055 
3920 
1656 
1770 
8479 
3469 
8844 
8494 
71 
301 
1439 
1999 
8379 
6859 
9104 
112 
562 
6590 
2970 
5206 
5876 
803 
1400 
573 
6707 
7978 
280 
2994 
6631 
513 
8624 
1339 
8534 
78 
884 
4173 
5032 
1919 
1337 
33 
6075 
9419 
6119 
1100 
3258 
1001 
4762 
6622 
4417 
6085 
354 
4474 
3137 
3927 
1614 
8634 
1439 
7398 
6374 
3783 
9889 
7902 
8930 
7842 
2730 
5628 
7360 
8281 
8392 
8026 
5479 
3161 
1732 
3000 
4088 
1171 
9168 
3301 
6729 
3420 
6933 
9850 
732 
7696 
8564 
1393 
1715 
2632 
545 
9027 
2600 
4200 
8467 
4180 
9260 
7140 
834 
2332 
3296 
2315 
8138 
4164 
6494 
6592 
1514 
6482 
5774 
6593 
4304 
9100 
5928 
5553 
307 
7306 
5657 
5330 
4464 
6858 
4990 
2181 
3123 
7374 
6736 
3857 
2562 
1000 
8176 
8621 
8590 
3170 
300 
4547 
3265 
6210 
3575 
5340 
9929 
2930 
3662 
9604 
9049 
2094 
4763 
9756 
5218 
5076 
5589 
7791 
6622 
7858 
5681 
3288 
8846 
8748 
3511 
5119 
1445 
5646 
5502 
5335 
5065 
8918 
1798 
6985 
8833 
3213 
7046 
8699 
7929 
92 
8428 
1773 
1853 
7470 
7978 
5582 
5456 
1203 
2528 
7662 
1025 
1617 
2059 
5257 
6233 
2172 
3791 
8449 
4238 
766 
8831 
7000 
5387 
5820 
2323 
381 
1717 
5429 
8159 
7070 
5275 
8487 
2695 
1170 
3658 
7477 
9496 
59 
6890 
6161 
3690 
3631 
2580 
8905 
4439 
7622 
5820 
5416 
8837 
4084 
9037 
1767 
6989 
7554 
2177 
4424 
2135 
5301 
5901 
2420 
9042 
4570 
5939 
809 
1494 
4071 
2087 
9637 
7575 
4887 
8544 
8544 
3269 
9280 
8957 
7828 
133 
8864 
2947 
6671 
3566 
452 
2550 
1573 
3599 
5955 
2519 
9811 
6592 
6552 
9498 
8946 
200 
396 
1499 
8117 
4176 
6941 
1453 
4780 
8289 
5547 
1671 
4493 
2996 
7280 
7908 
3976 
4320 
1491 
6681 
4225 
4294 
3952 
9714 
7314 
8784 
3667 
5091 
1894 
1424 
9209 
868 
3710 
5762 
2417 
553 
7 
7580 
3979 
1035 
8459 
3342 
3319 
3542 
100 
8095 
104 
9026 
6179 
3312 
1848 
5338 
9586 
1195 
6439 
2905 
4741 
1438 
7290 
9973 
3978 
4911 
5979 
9755 
1233 
3756 
1489 
2818 
4588 
4677 
9852 
6024 
8861 
6750 
4079 
5102 
9297 
3480 
8413 
253 
5110 
367 
4203 
4413 
5062 
4374 
7800 
5670 
7027 
6967 
2082 
8574 
9114 
7828 
7698 
95 
2554 
975 
324 
1981 
3400 
7887 
4235 
9907 
7959 
6596 
9497 
4437 
3937 
3323 
6943 
2612 
6694 
6688 
3761 
6443 
3434 
9508 
6665 
7518 
2605 
2470 
6844 
5370 
7801 
3536 
3515 
4967 
1908 
5567 
4719 
9777 
9908 
129 
7066 
7094 
3099 
8159 
8277 
1064 
7268 
1296 
1319 
2775 
7647 
1353 
3554 
4443 
739 
1195 
5300 
5400 
2382 
1168 
9756 
5857 
8696 
9803 
2764 
3893 
5784 
7917 
2000 
6766 
7228 
3362 
2921 
9244 
3484 
2614 
7112 
3345 
1995 
3191 
4394 
1711 
8177 
1043 
5396 
5362 
9153 
5090 
5886 
4521 
7411 
8509 
9617 
3877 
2627 
1594 
1000 
5718 
2656 
115 
817 
2997 
6929 
216 
5692 
6067 
3476 
7039 
5420 
2751 
2177 
3751 
6537 
5321 
462 
4905 
5727 
8716 
3891 
419 
8996 
79 
3300 
3198 
6554 
5647 
9769 
6992 
8040 
1994 
9161 
29 
5900 
9274 
7716 
8578 
9767 
4513 
1246 
3872 
2687 
7245 
1785 
8718 
2701 
5540 
9228 
8759 
1277 
6682 
710 
1823 
9743 
5307 
7420 
7326 
6290 
5089 
746 
577 
9461 
6118 
9987 
5069 
8406 
8855 
5433 
8596 
7737 
4846 
2059 
1669 
9683 
8986 
339 
8686 
6980 
8989 
8559 
2537 
5205 
7540 
4594 
5956 
1843 
5042 
6398 
2054 
4758 
6506 
4075 
7202 
4380 
1220 
3038 
4987 
2239 
2441 
8770 
549 
2889 
5275 
5275 
5129 
3647 
6311 
1497 
7983 
427 
7814 
6519 
259 
8505 
1649 
2895 
2666 
1464 
9158 
1216 
7826 
9473 
7601 
6968 
8443 
817 
164 
7852 
2770 
9494 
8087 
2362 
5859 
4350 
7275 
1626 
7762 
7692 
8703 
2881 
1118 
4173 
6416 
4083 
5476 
1685 
2046 
6638 
6804 
9754 
3061 
6753 
1444 
9463 
5176 
1011 
2334 
8928 
934 
2262 
7401 
8697 
5042 
1294 
5449 
5788 
72 
3774 
6644 
9160 
5051 
7182 
6388 
5944 
8842 
8898 
1757 
3106 
4430 
5033 
3794 
5856 
5325 
4530 
6114 
8000 
827 
6501 
8249 
8379 
9175 
4386 
9896 
3801 
7499 
6841 
4929 
6800 
3608 
4991 
5663 
2811 
1871 
2163 
2865 
6051 
3211 
3592 
5180 
4199 
9674 
8093 
6704 
2523 
6693 
7348 
115 
8359 
165 
7879 
1 
819 
8023 
6773 
5883 
1628 
6851 
4307 
2522 
9346 
4093 
4231 
3065 
8923 
2499 
9539 
8992 
7223 
5795 
7424 
3937 
943 
7840 
6808 
3866 
7743 
5588 
144 
2687 
6186 
1094 
412 
7744 
6261 
7965 
264 
6815 
500 
1751 
3899 
2615 
7051 
3723 
991 
3954 
7363 
4649 
6993 
7727 
927 
5943 
7181 
6432 
5271 
4423 
7743 
8014 
417 
8308 
2129 
4397 
6838 
769 
5506 
2572 
2852 
7601 
6822 
4175 
3022 
8831 
6803 
5916 
3838 
3217 
5967 
5264 
1587 
9982 
4396 
3914 
5383 
7251 
2918 
3640 
5595 
9961 
4740 
9853 
4522 
8301 
1535 
6767 
2969 
9905 
6096 
3459 
1871 
1492 
3187 
1547 
4477 
1067 
6575 
9487 
9678 
4060 
2310 
9045 
3696 
4318 
1492 
4373 
8220 
6803 
4489 
5063 
3418 
4952 
4207 
3161 
7974 
1056 
2893 
1755 
14 
9437 
700 
4488 
6434 
1394 
7483 
1843 
1237 
8986 
8408 
8212 
7618 
4957 
2586 
9100 
6008 
8485 
7365 
31 
8809 
2745 
3682 
5601 
30 
7261 
7231 
2582 
6814 
7290 
2227 
6434 
8136 
2758 
8873 
5789 
61 
9455 
535 
115 
5817 
1844 
3817 
566 
6926 
3956 
9477 
5631 
3672 
7974 
7326 
7636 
3484 
8730 
3319 
3042 
7311 
2839 
7229 
2684 
9776 
4792 
133 
5548 
5186 
6754 
3366 
1722 
2803 
2547 
1434 
3994 
8637 
2084 
3213 
9569 
9248 
2438 
7227 
8051 
3021 
7573 
9175 
492 
4223 
4090 
7609 
2153 
4922 
5443 
738 
6990 
9636 
4749 
1253 
1946 
8245 
7163 
1187 
7582 
8015 
9800 
2813 
6657 
615 
9910 
7212 
4490 
1048 
8619 
8546 
6059 
6922 
8684 
114 
3123 
4178 
1833 
9043 
2921 
1393 
4339 
9128 
2851 
1549 
9541 
9241 
9101 
2895 
6537 
9827 
7635 
7287 
9704 
5685 
3407 
9552 
8520 
4732 
2508 
1873 
4079 
8172 
5666 
1737 
8784 
8622 
2450 
3019 
3047 
6715 
3478 
6720 
7253 
2029 
5808 
412 
6324 
8668 
6170 
5575 
3372 
5423 
1319 
4367 
567 
4069 
4616 
7168 
3913 
6767 
6496 
6700 
8380 
928 
1500 
1659 
6704 
275 
556 
821 
5041 
8883 
5644 
3648 
8604 
4512 
3635 
8552 
9259 
9267 
6384 
6903 
5006 
8925 
9610 
7940 
4761 
3869 
392 
860 
3413 
6502 
2717 
7835 
2478 
8503 
3896 
2545 
8911 
1036 
5470 
638 
1023 
5707 
1099 
9508 
6473 
6823 
1529 
4091 
9005 
50 
3592 
1202 
7693 
337 
9328 
5424 
1781 
5608 
1493 
3593 
4265 
6895 
1130 
6354 
8032 
3945 
4976 
6660 
9183 
1220 
6017 
456 
7872 
9059 
4154 
9156 
5206 
4466 
1572 
3682 
9869 
7557 
1118 
3290 
6099 
6127 
6178 
8812 
1261 
9885 
7621 
3233 
2707 
7125 
742 
4431 
9599 
9379 
9916 
1162 
7950 
9071 
3325 
5667 
4877 
6689 
346 
2820 
3353 
7396 
3617 
3768 
9425 
6045 
6882 
2708 
7843 
51 
4124 
8955 
6160 
6534 
6661 
5052 
6797 
399 
4587 
3472 
4559 
3017 
9292 
5783 
433 
1268 
9713 
4640 
3482 
3435 
4921 
326 
1885 
1553 
1135 
9184 
2870 
8939 
4252 
1298 
4695 
5933 
8198 
2757 
1847 
4653 
7227 
9181 
1169 
5619 
3505 
9269 
1945 
6290 
9145 
746 
6165 
9378 
8223 
8809 
5342 
2767 
3854 
739 
9213 
7351 
8320 
1920 
8218 
1495 
2732 
3397 
2444 
7621 
9591 
6869 
6164 
532 
9748 
2673 
1951 
2893 
2303 
9582 
9485 
7109 
9985 
489 
6859 
4721 
411 
8022 
1636 
1810 
9175 
6855 
148 
1502 
7531 
2763 
7574 
2357 
8804 
172 
1208 
2589 
2264 
5290 
9643 
4241 
58 
5888 
6582 
2210 
2116 
579 
8227 
6814 
6013 
7840 
2072 
1827 
1288 
3991 
4284 
1020 
9238 
1971 
2836 
5344 
6679 
519 
4587 
7825 
9616 
6974 
6987 
4055 
2114 
2122 
8298 
9989 
8134 
879 
1516 
9506 
4207 
1120 
6372 
735 
7013 
8485 
3896 
1711 
2768 
7819 
3820 
6377 
5853 
1726 
1185 
7839 
9161 
4342 
7864 
3068 
4796 
882 
4382 
2803 
201 
560 
2230 
8934 
7035 
6144 
7414 
5847 
9004 
6015 
2408 
4209 
319 
468 
5513 
8973 
8757 
282 
6889 
2838 
7929 
4716 
1659 
9418 
4471 
8807 
5134 
7000 
7764 
343 
2434 
1741 
1543 
5024 
2488 
7959 
3827 
2117 
2619 
5535 
3377 
5845 
2527 
9490 
3656 
4136 
1353 
4591 
9433 
8555 
9390 
7310 
9465 
8918 
8419 
6001 
720 
8711 
789 
6149 
9136 
910 
102 
4374 
4324 
6553 
8888 
8445 
9513 
4699 
5903 
4602 
5522 
7212 
704 
8641 
6184 
5866 
3912 
4183 
9044 
1324 
6496 
535 
2708 
3041 
1256 
9753 
9044 
6094 
843 
8080 
2789 
285 
6481 
4038 
1695 
4635 
9512 
3845 
760 
824 
9278 
4901 
6515 
8776 
4352 
5843 
1375 
5390 
6841 
1169 
6662 
3987 
582 
5360 
6691 
1540 
4655 
7086 
4107 
4168 
2778 
3998 
3029 
7318 
3856 
2827 
4226 
6406 
5215 
2549 
8731 
3437 
8704 
4027 
2394 
5922 
9200 
6023 
452 
2237 
8926 
734 
4558 
5040 
7232 
1411 
6570 
5127 
5808 
9458 
7505 
6180 
7821 
3368 
5875 
8073 
5485 
7781 
4985 
7752 
1564 
2810 
2149 
7667 
1379 
6447 
3208 
8615 
6043 
9646 
9616 
146 
2738 
3783 
6069 
879 
6115 
5041 
9120 
2788 
1320 
2266 
8585 
8922 
6116 
3700 
6668 
498 
3450 
9549 
5483 
9490 
7163 
1882 
7142 
6705 
2938 
6149 
1582 
1842 
5682 
9603 
6183 
3059 
8712 
7205 
5771 
3374 
9881 
8298 
9060 
7506 
6875 
6600 
4899 
7197 
827 
4235 
7722 
7516 
4917 
2490 
7385 
6781 
3996 
660 
4324 
4000 
1205 
7525 
2328 
932 
6532 
5488 
8485 
8864 
9628 
4514 
3207 
2275 
8425 
2799 
2538 
1672 
9930 
5773 
8268 
9562 
9730 
1362 
7405 
5459 
9936 
4998 
3098 
5411 
1289 
8612 
1991 
4804 
6444 
9730 
867 
2844 
7841 
6577 
94 
4758 
6967 
1253 
6098 
2831 
7132 
1190 
6784 
6640 
8565 
3143 
1780 
2410 
4199 
1275 
9143 
6756 
5987 
4456 
6727 
2066 
3044 
5716 
699 
2012 
5449 
5399 
5292 
5202 
4575 
5649 
8866 
5717 
3011 
1737 
4105 
3104 
4653 
920 
6359 
7792 
9099 
2809 
9567 
9139 
9882 
1921 
7572 
8732 
154 
150 
9373 
4819 
6145 
1856 
6531 
582 
9013 
5701 
6721 
4743 
9167 
709 
6782 
8280 
9041 
6228 
225 
1726 
193 
2761 
2690 
7939 
8364 
3066 
8033 
5292 
8280 
1992 
1215 
9795 
6054 
6225 
6929 
8600 
4813 
8902 
6917 
5969 
3771 
7185 
2785 
9818 
9926 
3503 
637 
8889 
5923 
8269 
7814 
2155 
9940 
2629 
9279 
8437 
9667 
5846 
2369 
8549 
2038 
6366 
8007 
8422 
2433 
6789 
8079 
5826 
614 
5240 
918 
4755 
8143 
1232 
9635 
7686 
2002 
1705 
4481 
3575 
4366 
2907 
5618 
5469 
6177 
6248 
7269 
2797 
3159 
139 
3079 
4162 
3098 
2062 
955 
6469 
6423 
6540 
1615 
5801 
1615 
5486 
1709 
6435 
5244 
4045 
4498 
3138 
6161 
978 
4111 
130 
4717 
3586 
2725 
2888 
3374 
774 
8424 
7195 
8945 
8949 
7796 
3553 
9936 
7595 
1269 
9313 
3436 
6879 
9554 
8533 
81 
1517 
2006 
3864 
1613 
9736 
8223 
5560 
1218 
3785 
926 
1749 
7380 
8484 
6050 
5038 
2475 
1399 
6673 
2257 
6977 
907 
4376 
3127 
9212 
9329 
7592 
4937 
9143 
6728 
5490 
523 
114 
1506 
8819 
9849 
962 
2592 
2807 
748 
5027 
6420 
1005 
2092 
4694 
9015 
7707 
1636 
2170 
4068 
2177 
8476 
7657 
2617 
9106 
9679 
3732 
7071 
5954 
6031 
9149 
1210 
1294 
5181 
1314 
7713 
1459 
2933 
8703 
6704 
5374 
7871 
1957 
9239 
1392 
4643 
9228 
8292 
879 
1467 
9343 
7485 
4839 
5526 
5933 
216 
9287 
831 
2022 
6438 
4085 
477 
9970 
6456 
768 
2455 
8733 
278 
5717 
7151 
7645 
6951 
1967 
4605 
7107 
5670 
7245 
8044 
1994 
2003 
92 
9593 
4369 
3244 
5510 
8652 
3286 
9117 
1928 
1443 
2098 
1944 
5650 
9554 
2635 
9182 
7112 
7957 
7739 
8578 
3724 
3756 
5413 
36 
9797 
331 
6212 
745 
4295 
2207 
6205 
1010 
7614 
5389 
4450 
4879 
9745 
8300 
6033 
5691 
561 
9477 
9241 
7499 
2421 
4475 
9533 
1862 
2037 
2595 
2292 
1152 
9096 
2373 
7029 
3844 
3462 
9158 
8329 
9975 
1180 
2507 
8932 
8087 
3993 
2981 
4264 
8069 
7179 
8121 
7120 
3918 
2053 
846 
9295 
63 
3009 
283 
1829 
4254 
7812 
1093 
7754 
6203 
4693 
7554 
2478 
9766 
8574 
7270 
4324 
2309 
5256 
9857 
5209 
3247 
2397 
8328 
8371 
3955 
2892 
187 
9280 
7674 
4065 
3154 
5116 
1789 
2053 
3348 
8604 
4078 
3172 
8243 
7252 
3244 
5497 
6537 
364 
149 
3414 
3647 
1387 
2348 
5909 
2670 
8770 
2639 
7785 
5971 
6296 
1834 
5467 
9762 
755 
6361 
5409 
9828 
7460 
5008 
7290 
182 
5645 
5700 
1093 
7109 
1102 
2293 
2375 
1876 
4323 
8587 
8606 
9707 
2453 
2268 
7688 
7552 
5796 
361 
3725 
3521 
383 
5707 
5973 
517 
5917 
3272 
6625 
5845 
7983 
9244 
7879 
2971 
7094 
6705 
2285 
3681 
8213 
9454 
679 
7283 
2265 
8623 
4333 
2618 
7907 
2105 
3401 
3173 
8415 
9746 
8953 
6015 
108 
5419 
2723 
2442 
2154 
6361 
5337 
3201 
1175 
6772 
8538 
8854 
794 
7927 
7249 
4880 
3135 
2278 
1410 
7825 
3479 
5480 
3020 
7420 
1982 
1331 
2240 
3539 
811 
2371 
6344 
8018 
1470 
2118 
7974 
3636 
6629 
1195 
5270 
8266 
2324 
1118 
5612 
7734 
5302 
4471 
6930 
7811 
291 
1346 
4387 
8539 
262 
5977 
8200 
7057 
7238 
7255 
8141 
7968 
176 
1973 
6157 
1819 
9508 
8345 
4856 
6757 
8273 
7169 
2386 
9078 
6640 
8675 
8648 
8192 
2976 
7810 
4256 
6099 
9362 
4073 
7489 
7403 
2356 
4208 
6757 
4330 
4980 
5953 
2907 
1106 
219 
494 
6124 
1910 
2094 
6217 
1747 
2155 
3046 
2851 
4421 
1263 
7937 
3475 
8844 
2831 
8088 
6096 
9063 
7584 
9378 
1853 
6976 
2441 
2551 
8227 
1841 
7928 
6021 
8866 
9303 
6442 
1423 
2635 
2973 
2638 
4058 
2868 
6047 
1605 
9200 
7543 
8869 
9060 
3545 
4709 
7043 
1242 
6612 
5999 
1393 
8037 
6292 
68 
8987 
5384 
5107 
5753 
4112 
4156 
2662 
9271 
4277 
8897 
5357 
9280 
2326 
9553 
7107 
8420 
2275 
554 
139 
182 
1630 
7068 
9979 
9840 
4187 
8413 
9305 
2481 
9908 
8780 
5538 
5872 
692 
6720 
7994 
4701 
2522 
951 
6490 
2549 
3440 
2590 
2404 
6687 
5895 
7554 
881 
2246 
3397 
4960 
3802 
1861 
6812 
8170 
7002 
2494 
3458 
5206 
4307 
2955 
2727 
4375 
8041 
9665 
3126 
5379 
9049 
9277 
6077 
5135 
4422 
7151 
6926 
7361 
5952 
6552 
6644 
9839 
1948 
6810 
1820 
2907 
9738 
9986 
545 
1123 
6157 
9930 
3473 
5467 
302 
337 
2943 
3980 
9711 
2784 
7497 
7326 
1556 
8477 
7081 
9186 
868 
267 
7094 
6112 
5606 
3323 
4501 
190 
5292 
7254 
1655 
6414 
277 
3917 
6674 
9000 
3332 
9453 
4358 
5313 
8226 
2052 
6480 
8343 
9639 
9600 
394 
5970 
5613 
1403 
5735 
5209 
3405 
1880 
4850 
7982 
1625 
4441 
8879 
9120 
4389 
9055 
3414 
6051 
372 
2338 
3141 
2426 
9616 
5453 
4308 
4004 
9166 
3826 
3777 
1600 
723 
7580 
5647 
6325 
9649 
3648 
7020 
8081 
6943 
1823 
4658 
1731 
5114 
7123 
9044 
7563 
8929 
8274 
4483 
4773 
4529 
4986 
4264 
8243 
4434 
1324 
7857 
6783 
6905 
3949 
4458 
3516 
3938 
6690 
8502 
2783 
1589 
680 
6695 
3105 
4730 
2428 
1789 
8180 
8714 
8732 
1921 
8964 
7620 
3665 
6017 
8571 
9467 
8701 
3829 
18 
2793 
4544 
4123 
4159 
7503 
763 
626 
5250 
7806 
9021 
9560 
4457 
4436 
1924 
8588 
9568 
6741 
7038 
1673 
2505 
7881 
3120 
9210 
8973 
6894 
2687 
993 
2695 
2176 
5128 
1615 
1166 
3602 
157 
5282 
1621 
8199 
2908 
2039 
9672 
8053 
1088 
6903 
1899 
64 
2140 
8067 
5856 
7551 
9656 
1171 
3653 
9382 
5403 
936 
8555 
4480 
690 
6533 
5572 
4674 
9159 
5831 
1780 
1540 
2297 
5078 
85 
1177 
4790 
7009 
2096 
2363 
6251 
8768 
6512 
5485 
8593 
8560 
7198 
8590 
4938 
6048 
3329 
9797 
9189 
6035 
8207 
9847 
6812 
1570 
819 
9161 
9468 
1746 
6005 
4927 
3317 
3354 
5906 
2668 
7556 
841 
6853 
1696 
5936 
400 
3913 
760 
7669 
4368 
4445 
1826 
7030 
7035 
6589 
3539 
1851 
3680 
4339 
6744 
7694 
6702 
3066 
4232 
9227 
2900 
2357 
8231 
4850 
2988 
9516 
2850 
2666 
2 
1524 
6279 
7387 
8991 
6249 
9169 
8659 
1183 
9544 
6163 
8021 
2671 
3529 
5123 
8003 
9155 
4348 
9203 
6505 
7712 
9020 
3031 
9112 
9323 
1667 
2768 
3837 
7247 
561 
6090 
9481 
1961 
9665 
2568 
6334 
9918 
7435 
8713 
7512 
899 
136 
1678 
3079 
4087 
8176 
1051 
906 
6170 
4876 
8854 
4226 
603 
2535 
6434 
3672 
3739 
8361 
7988 
5073 
9687 
8275 
6729 
7742 
1622 
8024 
5772 
9937 
4585 
327 
9154 
9651 
2494 
667 
9635 
4171 
2294 
4256 
9600 
8064 
1988 
6166 
1260 
7057 
1530 
5908 
2212 
5011 
2035 
1979 
7288 
2194 
7623 
7773 
5572 
9242 
863 
6565 
7931 
4181 
4072 
8312 
9822 
9209 
9508 
4396 
2100 
9195 
4105 
1989 
2617 
1535 
8795 
3700 
9685 
5941 
5746 
919 
588 
9537 
3405 
587 
9539 
9044 
3026 
8987 
8262 
415 
5498 
8753 
3432 
5195 
7968 
3482 
4871 
8858 
1170 
7629 
2583 
2885 
5658 
9265 
5006 
1008 
2647 
2695 
9466 
7866 
6771 
5713 
178 
184 
4032 
564 
2832 
3765 
7993 
5142 
1709 
4672 
7045 
5545 
1508 
3015 
998 
7394 
3600 
2729 
5743 
7279 
6093 
4732 
8758 
3850 
861 
5204 
4802 
250 
8352 
7486 
414 
7309 
5669 
9702 
1685 
6572 
2346 
8753 
4871 
4937 
2063 
5542 
8898 
7054 
5252 
6731 
8719 
2447 
1805 
2525 
8694 
7149 
8153 
6856 
2619 
5520 
2852 
5972 
7710 
1083 
3730 
4350 
2796 
855 
6753 
1536 
4295 
9351 
8722 
2147 
1528 
7031 
9754 
6328 
7355 
3042 
388 
9180 
155 
9797 
5795 
7399 
4536 
6418 
4823 
2891 
5297 
7214 
109 
8580 
7324 
4892 
8535 
8428 
5061 
4408 
5964 
8845 
3751 
188 
8445 
6507 
1637 
6738 
9605 
7619 
3748 
974 
8982 
4468 
5394 
4955 
9768 
6015 
2091 
1000 
8870 
1943 
9505 
6697 
5629 
7736 
4379 
7680 
2254 
8684 
4009 
9906 
2869 
8888 
9263 
9826 
5795 
713 
2493 
4445 
6099 
8040 
2575 
111 
1085 
7119 
700 
7982 
5564 
4769 
118 
6871 
6449 
2912 
6364 
1616 
4021 
5399 
3389 
8229 
1196 
8883 
5926 
4351 
4915 
9966 
218 
7902 
243 
5369 
3928 
5069 
2582 
7336 
7024 
354 
9004 
9278 
3438 
1433 
6376 
1071 
4684 
3852 
4006 
4620 
6185 
8415 
2175 
9097 
3486 
4799 
7840 
3290 
7873 
6455 
3525 
4339 
8787 
6792 
9623 
2586 
7357 
1271 
7692 
7781 
9754 
1484 
2234 
8209 
1425 
4503 
3477 
4714 
6685 
2591 
1537 
7190 
3293 
5073 
151 
2172 
5933 
1071 
4216 
8826 
4480 
1220 
6272 
5635 
4108 
2274 
4453 
112 
8141 
132 
3775 
728 
6642 
7175 
350 
2165 
6013 
6252 
795 
2714 
8159 
9802 
7161 
8461 
4220 
4301 
253 
1662 
1895 
9489 
3015 
3016 
9310 
717 
2808 
3696 
4124 
4693 
2570 
9645 
250 
4908 
6130 
2233 
4984 
9688 
7129 
7862 
4651 
9502 
8651 
7057 
5461 
1636 
8118 
340 
7223 
9046 
6554 
4044 
8367 
5429 
794 
8219 
4243 
6039 
9509 
4372 
6546 
1822 
7658 
3065 
5749 
8006 
1764 
5186 
4886 
2652 
5807 
6564 
7825 
6704 
8146 
7045 
5362 
8943 
9275 
1374 
8240 
838 
8546 
545 
5708 
8285 
756 
1501 
8839 
7203 
1989 
3421 
5672 
749 
4099 
8630 
7826 
7048 
2652 
8418 
9902 
1836 
2917 
6578 
2711 
2164 
2072 
4229 
1165 
4851 
7961 
2295 
5271 
4827 
5667 
8956 
7932 
1439 
94 
1987 
3849 
6144 
4851 
5425 
4907 
9774 
8034 
9968 
5689 
6124 
622 
9259 
9348 
6250 
8143 
5417 
5184 
6417 
3442 
8009 
4328 
5416 
6464 
5285 
2645 
6036 
9381 
5138 
1472 
9482 
3362 
6634 
1128 
3842 
9727 
7440 
2207 
4343 
3482 
5325 
8717 
587 
610 
5978 
7562 
652 
6596 
872 
7043 
3108 
2502 
2974 
6996 
1690 
6099 
6594 
3208 
7607 
4255 
6690 
1160 
5452 
6576 
4879 
6311 
252 
4892 
8643 
3818 
2729 
7058 
2154 
399 
7302 
3872 
4245 
6298 
8044 
3756 
283 
4477 
3270 
5271 
7674 
6725 
2276 
7330 
5934 
1529 
4842 
6358 
1795 
7473 
4447 
3500 
2440 
2748 
6355 
590 
704 
4662 
855 
2597 
8256 
8544 
62 
2396 
4788 
6161 
9439 
4222 
8944 
9070 
4121 
1919 
58 
403 
4174 
6395 
8400 
6306 
1280 
8593 
7558 
5681 
7779 
7104 
8368 
6602 
2466 
1248 
6820 
1788 
4394 
4964 
9417 
9264 
1044 
4064 
9830 
7217 
6391 
1890 
9542 
4533 
8557 
4059 
1895 
2540 
6702 
7222 
5422 
7279 
3745 
6248 
7595 
6992 
855 
3914 
282 
2256 
3931 
2311 
9507 
9132 
4865 
5874 
2806 
1017 
9930 
4593 
8881 
5801 
8950 
1068 
4274 
5673 
9224 
4915 
4054 
7433 
5952 
1130 
1472 
9656 
9885 
1318 
7163 
552 
1958 
4698 
6407 
7725 
1135 
5039 
7376 
9275 
9425 
7275 
1424 
5519 
8304 
5473 
746 
9799 
1477 
3392 
6431 
5618 
3605 
8202 
472 
8679 
7826 
620 
5477 
8699 
2928 
5225 
5356 
8652 
7550 
6393 
4055 
6660 
926 
518 
1161 
8602 
1834 
5294 
321 
2451 
2170 
8122 
634 
7688 
5940 
2399 
9871 
884 
3417 
4359 
3147 
8474 
3930 
8685 
2552 
7335 
9262 
4461 
7174 
3005 
1663 
9840 
5823 
8193 
3473 
237 
786 
5710 
2168 
2480 
8709 
8649 
7057 
7152 
4270 
6882 
1461 
4948 
24 
1204 
1584 
490 
7701 
1516 
6037 
1144 
8543 
1730 
3305 
1649 
6135 
3680 
3807 
1396 
2656 
9555 
5154 
6211 
7029 
9274 
7029 
7813 
3325 
5008 
3566 
8807 
3760 
5705 
4581 
1215 
9471 
3402 
4905 
1141 
3720 
1129 
7137 
1344 
8775 
2868 
3270 
1931 
4626 
6019 
3230 
9041 
5068 
253 
8249 
2119 
6198 
8913 
9224 
9153 
6057 
4696 
9539 
2935 
2875 
624 
104 
2100 
9848 
6059 
8430 
7143 
1674 
689 
3964 
9836 
4036 
9944 
3803 
1785 
3384 
4729 
299 
4663 
9604 
3982 
9739 
1609 
7266 
554 
4648 
4188 
4766 
3085 
2379 
301 
1883 
1920 
6595 
5273 
635 
9003 
6190 
2197 
5148 
6678 
6974 
9239 
4820 
9471 
6756 
2424 
5549 
1463 
836 
2097 
5875 
3716 
8567 
8630 
6164 
6006 
5284 
6752 
3414 
4901 
4072 
1212 
1711 
161 
6124 
7059 
1744 
9604 
8464 
7396 
7241 
4190 
7966 
7331 
6552 
5819 
6239 
926 
5613 
9966 
5560 
237 
8050 
6490 
1364 
1395 
4575 
4662 
7421 
9840 
6919 
8776 
3318 
2152 
3041 
9661 
5204 
7875 
8195 
3899 
2319 
5429 
1734 
5057 
857 
1188 
5201 
4254 
5868 
2570 
4069 
2929 
9033 
7663 
3721 
3464 
1386 
8069 
133 
7504 
7132 
9870 
9833 
4041 
3593 
2702 
4175 
7937 
4009 
2697 
3149 
9220 
2644 
8298 
7713 
6607 
4972 
3618 
5745 
8767 
1523 
6343 
2300 
6318 
3940 
5274 
8094 
9968 
1282 
770 
9857 
8108 
1022 
9613 
7126 
3029 
6149 
5022 
7142 
5401 
8650 
6259 
7963 
7774 
2106 
5269 
9330 
2502 
5390 
6783 
9195 
9911 
5602 
7131 
1709 
1259 
5327 
4047 
3120 
398 
3785 
3417 
9096 
6863 
8353 
2929 
8867 
9751 
6034 
7571 
2961 
6147 
5240 
7090 
4795 
975 
5962 
2805 
124 
2804 
5985 
2834 
3054 
946 
8037 
6316 
8706 
7145 
3208 
8387 
4994 
8546 
8271 
9737 
6190 
1843 
1317 
4590 
2773 
3941 
3203 
3375 
9548 
7964 
1403 
6110 
2698 
7829 
4443 
1841 
8131 
8183 
2369 
5493 
4151 
3475 
7700 
2884 
0 
6073 
7654 
3124 
1667 
5737 
925 
333 
7815 
822 
660 
4393 
113 
7690 
6725 
4435 
8671 
564 
9399 
7341 
2760 
6768 
8068 
5248 
1561 
7989 
7487 
5445 
6805 
1377 
9964 
8369 
3795 
1251 
3699 
4793 
1270 
7962 
8374 
2434 
4113 
1519 
7484 
1328 
1208 
1650 
4979 
1708 
6456 
2869 
1422 
2836 
5416 
2297 
7771 
8831 
7796 
5656 
7313 
8649 
2256 
5786 
2539 
787 
2066 
9864 
8585 
2566 
3497 
4684 
4865 
3857 
4786 
9692 
829 
9707 
938 
9642 
8191 
2033 
5929 
374 
4718 
7602 
4709 
5402 
2024 
5118 
9143 
6407 
4962 
9761 
9999 
2056 
8937 
730 
4570 
2175 
7255 
3797 
9317 
3292 
9234 
5389 
4188 
5201 
829 
9483 
5613 
5908 
6122 
195 
6560 
2058 
9560 
1092 
6330 
3100 
8247 
6109 
4962 
1404 
7098 
2056 
5810 
6831 
8622 
1961 
7286 
8425 
5937 
9478 
7752 
8906 
6989 
9267 
5951 
9327 
7809 
257 
4226 
7020 
5971 
3842 
531 
515 
3965 
5669 
2426 
67 
4102 
7518 
6227 
816 
7258 
5428 
7572 
8953 
40 
1716 
6124 
1267 
8555 
5016 
6287 
7529 
7577 
1081 
5598 
3988 
9356 
1071 
1420 
1198 
874 
3536 
8833 
9214 
4244 
6059 
7500 
5900 
795 
1091 
5036 
8084 
1556 
9776 
2079 
7595 
5898 
6543 
9111 
806 
2331 
4391 
7056 
5108 
2848 
64 
9931 
6828 
5640 
3931 
8108 
1491 
9449 
3148 
5969 
2814 
2908 
3306 
772 
2323 
3483 
5335 
8841 
143 
7004 
2165 
7938 
9440 
1592 
4104 
3232 
5145 
7223 
8081 
681 
3988 
3905 
7074 
1830 
4467 
1674 
1276 
920 
1317 
8337 
978 
2825 
2504 
2694 
1455 
7395 
2527 
1218 
2611 
1592 
2189 
4029 
6619 
7453 
987 
9608 
8941 
3193 
3511 
799 
4123 
9050 
2617 
6639 
9595 
5938 
7330 
8673 
3021 
2049 
7274 
7675 
9848 
637 
620 
5993 
9956 
7625 
4595 
5640 
6014 
3946 
4575 
5937 
5888 
5079 
6523 
1609 
3490 
2515 
3677 
9874 
5664 
4640 
2878 
5655 
3219 
9801 
4005 
8921 
9996 
8302 
5980 
4136 
2162 
785 
4857 
2330 
7303 
841 
4301 
9189 
2595 
6459 
8152 
5982 
6398 
3184 
7596 
6278 
2099 
9621 
34 
188 
564 
6162 
9494 
6348 
7544 
5700 
5253 
8000 
1844 
6785 
5977 
6588 
3808 
6240 
1278 
4353 
9236 
1524 
5101 
8995 
1985 
2245 
8767 
515 
4555 
9344 
7862 
5599 
5465 
9190 
210 
655 
3194 
3459 
2806 
963 
1704 
661 
4843 
4529 
2778 
7687 
8678 
9843 
6565 
8697 
6768 
2239 
3377 
5122 
2085 
961 
1175 
8980 
9858 
4955 
1454 
3901 
2549 
6715 
2482 
8355 
7375 
6766 
7773 
1502 
8818 
1702 
8651 
523 
3396 
8899 
2787 
3514 
4586 
7163 
6395 
1249 
2660 
3302 
7081 
9522 
8883 
6159 
8024 
3929 
4924 
2032 
8377 
7129 
7988 
2123 
9510 
5201 
8294 
8462 
8913 
211 
1093 
4039 
9624 
64 
8584 
1038 
7709 
8016 
7776 
2335 
4417 
7242 
9264 
1236 
4611 
5061 
8732 
4267 
2624 
9843 
9887 
4954 
4938 
4665 
2971 
7398 
71 
696 
1895 
2025 
5512 
2485 
9523 
2532 
1702 
3423 
6927 
4245 
4829 
9924 
7222 
1593 
8775 
2578 
5714 
5226 
3472 
6252 
1076 
5074 
1126 
9231 
5741 
4647 
8759 
5309 
2937 
3587 
6480 
5940 
1582 
2758 
2820 
4216 
788 
5470 
9504 
9823 
1249 
4144 
7299 
5281 
8743 
4167 
6074 
1697 
8542 
6557 
4535 
6412 
7804 
4557 
256 
2032 
1411 
724 
6845 
360 
5381 
1502 
9918 
1324 
1119 
4065 
4182 
3186 
5604 
1077 
6637 
8193 
4060 
5069 
8228 
8218 
6847 
863 
3947 
2002 
9357 
6841 
4664 
9741 
7964 
2923 
1028 
9013 
6606 
8381 
5265 
8241 
4543 
29 
4067 
6871 
3671 
4199 
5686 
5992 
5279 
8207 
8649 
4829 
2188 
4630 
8956 
8111 
933 
2599 
3607 
3212 
6225 
4005 
5985 
7423 
5649 
2027 
1410 
3121 
8926 
4241 
1608 
1716 
3977 
6169 
6508 
7501 
2843 
6674 
9301 
379 
1332 
8394 
4911 
7412 
8949 
9022 
5904 
5876 
5265 
5724 
6814 
5357 
5501 
6853 
7044 
814 
3883 
7960 
1528 
2302 
7323 
172 
7486 
9772 
6822 
1655 
9340 
7769 
5057 
2938 
6179 
4669 
8124 
1385 
1279 
2175 
4451 
6860 
6535 
4113 
8569 
5035 
8370 
469 
2405 
692 
4506 
5193 
6767 
1656 
1646 
26 
9316 
4141 
3463 
8710 
8256 
7234 
1674 
8176 
3040 
7549 
9198 
2151 
709 
4384 
1142 
8320 
6553 
8701 
7884 
8523 
7142 
4566 
9436 
4679 
5836 
9150 
7418 
6130 
8002 
482 
442 
166 
6104 
7600 
1501 
2361 
5603 
2320 
9131 
7541 
9997 
836 
9887 
3926 
8296 
8482 
4018 
5364 
7112 
2730 
2105 
7465 
6711 
2787 
9365 
7929 
4484 
4501 
8693 
4767 
4920 
9062 
5247 
948 
1432 
7976 
7910 
9567 
5732 
1716 
5132 
2455 
8228 
2889 
8000 
3028 
3506 
6921 
6928 
8752 
410 
162 
3625 
7240 
2549 
4367 
1508 
5717 
7726 
5504 
2710 
5402 
3915 
5996 
5784 
3329 
2457 
2872 
8953 
914 
9361 
863 
1333 
6358 
6250 
7448 
6919 
6690 
2352 
3754 
227 
9018 
8093 
6286 
9119 
9369 
7144 
6785 
7365 
4808 
6409 
7523 
3154 
5594 
1035 
7198 
4603 
5246 
213 
7470 
2230 
4823 
2057 
8274 
9633 
3246 
5495 
8594 
7511 
678 
3616 
722 
5424 
8220 
8445 
3260 
9589 
9530 
7905 
8528 
9609 
7625 
838 
4859 
1315 
4070 
2173 
3532 
4309 
8342 
664 
2043 
4267 
924 
289 
3475 
8309 
4845 
5564 
1767 
4504 
1688 
4527 
4761 
8587 
2636 
6376 
5031 
4841 
1595 
9906 
843 
8638 
5663 
5248 
2183 
2579 
2901 
7969 
9739 
1810 
3542 
4921 
7482 
827 
4752 
9264 
3764 
951 
3249 
4967 
1645 
17 
9111 
8700 
6382 
8097 
8613 
4462 
7212 
4654 
2655 
8571 
1357 
940 
1789 
3540 
6006 
2613 
8816 
1257 
4217 
3506 
1131 
8049 
6176 
1007 
6500 
8458 
3446 
6914 
9239 
9045 
8993 
3661 
6045 
292 
1936 
1347 
1768 
57 
2879 
1392 
905 
2538 
453 
6307 
2121 
760 
8873 
6770 
9111 
9148 
565 
6060 
2883 
5742 
4008 
5987 
5870 
1811 
8172 
8156 
3394 
3760 
3738 
106 
1829 
2473 
1212 
240 
4213 
2247 
727 
2500 
9790 
704 
30 
5567 
4963 
4735 
9164 
1744 
7573 
718 
4677 
1496 
8942 
4390 
3508 
9360 
5901 
8045 
1817 
6971 
7967 
6519 
4320 
3253 
9190 
8218 
2531 
4852 
9858 
3048 
9157 
6932 
854 
4025 
2421 
1343 
3194 
9604 
1701 
2239 
8897 
6408 
1508 
3127 
1232 
4417 
3019 
8666 
8210 
4701 
7781 
7168 
6485 
2552 
5940 
556 
263 
1287 
5909 
1082 
2636 
3838 
5072 
1818 
1091 
9450 
8667 
454 
5247 
487 
3359 
6846 
2629 
3623 
6940 
7059 
8074 
6821 
1594 
2437 
6902 
308 
2168 
4988 
1771 
4381 
3377 
8408 
2435 
306 
5682 
940 
5168 
5567 
9492 
809 
8715 
8092 
9778 
8678 
2039 
1460 
30 
9566 
5275 
5900 
4096 
4680 
5080 
9820 
8232 
3244 
7672 
7556 
4123 
4098 
6172 
9090 
7708 
3898 
440 
1190 
2576 
7576 
4445 
8395 
5335 
6060 
715 
2224 
8266 
5015 
5865 
720 
4818 
6888 
1838 
4784 
9287 
4711 
3624 
2576 
5978 
9862 
8014 
6560 
8827 
2794 
9090 
259 
1595 
7285 
5591 
5232 
7248 
1266 
4678 
1191 
5424 
7973 
1729 
8176 
2358 
1200 
9966 
4050 
7102 
7042 
8799 
472 
5761 
521 
7248 
9937 
4670 
3116 
2137 
7555 
5875 
1922 
3552 
2371 
2383 
1109 
5377 
2392 
9821 
9021 
5614 
6829 
2188 
4082 
7664 
7800 
3431 
9568 
1044 
621 
2920 
7515 
5886 
3954 
1262 
6479 
5113 
4068 
4624 
1582 
8185 
68 
9045 
1606 
6289 
1371 
7567 
2732 
9056 
1045 
90 
4971 
4006 
7173 
5939 
2211 
2425 
1646 
5288 
4342 
9437 
3141 
6680 
6867 
5229 
2881 
8534 
1102 
9016 
6178 
8190 
4200 
7819 
1332 
9049 
7712 
1116 
9740 
2737 
8199 
1743 
8948 
6176 
3883 
9203 
7984 
7380 
3866 
6572 
2757 
2367 
9711 
2259 
5273 
4852 
2315 
7004 
3112 
7881 
3795 
5621 
9876 
1602 
6211 
5712 
9190 
7877 
8230 
9529 
7345 
9912 
2479 
7464 
8044 
1519 
686 
8590 
2800 
4373 
7841 
7948 
3329 
6563 
4164 
5066 
9656 
4203 
6949 
7891 
8586 
2015 
1172 
2764 
4184 
2311 
1693 
556 
4502 
4914 
