15000
0 
0 
0 
0 
1 
1 
2 
4 
4 
4 
5 
5 
6 
6 
7 
7 
7 
7 
7 
8 
8 
11 
12 
13 
15 
16 
17 
18 
19 
19 
19 
20 
20 
22 
23 
23 
23 
24 
26 
26 
27 
30 
30 
31 
32 
33 
33 
34 
35 
36 
37 
39 
39 
39 
40 
40 
42 
43 
43 
45 
45 
46 
47 
47 
48 
48 
48 
49 
49 
50 
52 
52 
53 
53 
53 
53 
55 
55 
56 
56 
58 
61 
61 
62 
62 
63 
63 
63 
63 
63 
64 
64 
64 
64 
66 
66 
66 
67 
67 
68 
68 
68 
68 
69 
69 
69 
70 
70 
70 
70 
71 
71 
71 
73 
73 
74 
74 
75 
76 
76 
76 
76 
79 
79 
79 
79 
80 
81 
81 
81 
82 
83 
83 
83 
84 
85 
86 
87 
87 
87 
88 
88 
90 
91 
92 
93 
93 
95 
95 
95 
96 
97 
97 
98 
98 
98 
99 
99 
100 
100 
102 
102 
104 
105 
105 
105 
106 
108 
108 
109 
109 
111 
113 
113 
113 
115 
115 
116 
118 
118 
118 
119 
119 
120 
121 
121 
121 
121 
122 
122 
124 
125 
125 
125 
125 
125 
125 
125 
126 
126 
128 
129 
129 
129 
130 
131 
131 
131 
131 
132 
133 
133 
139 
139 
139 
140 
140 
141 
142 
142 
142 
143 
144 
144 
144 
144 
146 
146 
147 
147 
147 
148 
149 
149 
149 
149 
150 
151 
151 
151 
151 
152 
152 
152 
152 
153 
153 
154 
154 
155 
156 
157 
158 
159 
159 
160 
162 
162 
162 
162 
165 
165 
167 
168 
170 
170 
170 
171 
172 
172 
172 
173 
173 
174 
176 
176 
178 
178 
179 
179 
179 
179 
180 
180 
181 
182 
182 
182 
182 
183 
183 
184 
185 
186 
188 
189 
190 
191 
191 
191 
191 
191 
192 
192 
192 
193 
195 
195 
195 
195 
197 
197 
197 
198 
198 
198 
198 
198 
198 
199 
199 
199 
201 
201 
201 
202 
202 
203 
203 
203 
203 
205 
205 
206 
206 
208 
209 
209 
210 
212 
212 
213 
213 
214 
218 
218 
218 
219 
219 
221 
223 
224 
224 
226 
227 
227 
228 
228 
228 
229 
230 
230 
230 
230 
230 
232 
232 
233 
236 
236 
237 
237 
237 
237 
238 
240 
240 
241 
242 
242 
242 
242 
243 
244 
245 
246 
247 
247 
247 
248 
249 
249 
251 
251 
251 
251 
252 
253 
254 
254 
256 
256 
256 
257 
259 
260 
260 
260 
261 
262 
262 
263 
263 
263 
263 
265 
266 
266 
266 
266 
266 
267 
267 
268 
269 
269 
269 
270 
270 
271 
271 
271 
271 
272 
272 
273 
273 
273 
273 
276 
277 
278 
278 
278 
279 
282 
282 
283 
283 
284 
284 
285 
285 
285 
285 
286 
286 
286 
286 
287 
288 
289 
290 
290 
291 
292 
292 
292 
293 
294 
294 
294 
295 
296 
297 
298 
298 
300 
300 
300 
305 
305 
305 
306 
306 
306 
307 
308 
309 
309 
310 
310 
313 
313 
313 
313 
316 
317 
317 
317 
320 
321 
322 
322 
324 
326 
326 
327 
327 
327 
328 
328 
329 
331 
331 
332 
333 
334 
334 
334 
335 
335 
335 
335 
336 
337 
338 
338 
339 
339 
340 
340 
340 
342 
343 
343 
343 
343 
344 
344 
345 
345 
345 
346 
346 
347 
348 
349 
349 
349 
351 
352 
352 
352 
352 
355 
355 
356 
356 
356 
356 
356 
357 
359 
360 
364 
364 
364 
364 
365 
365 
365 
366 
366 
367 
367 
368 
370 
371 
373 
373 
373 
374 
374 
374 
375 
375 
376 
376 
376 
377 
378 
378 
378 
378 
378 
379 
380 
381 
381 
382 
382 
382 
383 
384 
384 
384 
385 
385 
386 
387 
387 
387 
389 
389 
390 
390 
392 
392 
394 
394 
394 
395 
395 
395 
395 
396 
396 
397 
397 
397 
398 
398 
398 
399 
399 
401 
402 
404 
404 
405 
405 
405 
407 
407 
407 
407 
407 
408 
409 
409 
414 
414 
418 
419 
419 
419 
420 
421 
421 
423 
423 
424 
424 
425 
425 
426 
427 
427 
429 
429 
429 
429 
429 
429 
430 
430 
430 
430 
430 
431 
433 
433 
433 
434 
435 
436 
437 
438 
438 
439 
441 
445 
446 
446 
446 
447 
447 
447 
448 
448 
448 
448 
449 
449 
450 
450 
450 
451 
454 
454 
454 
454 
455 
455 
456 
458 
458 
459 
459 
460 
460 
460 
460 
461 
462 
463 
463 
465 
466 
467 
468 
469 
469 
470 
470 
472 
472 
473 
475 
475 
476 
476 
478 
480 
481 
481 
482 
482 
482 
483 
483 
484 
484 
484 
485 
485 
486 
487 
487 
488 
488 
488 
489 
489 
490 
490 
491 
491 
491 
492 
492 
492 
494 
495 
497 
499 
499 
500 
501 
501 
502 
502 
503 
503 
504 
504 
505 
507 
507 
508 
510 
510 
513 
514 
515 
516 
517 
517 
517 
517 
518 
519 
521 
521 
522 
522 
522 
522 
522 
523 
523 
524 
525 
526 
527 
527 
529 
531 
531 
531 
531 
532 
532 
533 
533 
533 
534 
534 
535 
535 
537 
537 
537 
537 
538 
538 
538 
539 
539 
539 
540 
541 
542 
542 
542 
543 
543 
543 
543 
544 
545 
546 
547 
548 
548 
549 
549 
550 
550 
550 
551 
551 
552 
553 
553 
554 
555 
555 
556 
559 
559 
559 
559 
560 
561 
562 
562 
563 
563 
564 
566 
566 
567 
567 
567 
568 
568 
568 
568 
569 
569 
569 
569 
570 
571 
571 
571 
572 
572 
574 
575 
576 
576 
578 
578 
580 
582 
582 
583 
583 
585 
585 
586 
587 
587 
589 
590 
590 
590 
590 
591 
591 
591 
591 
591 
591 
592 
592 
592 
593 
594 
594 
594 
595 
596 
596 
597 
598 
598 
598 
599 
602 
603 
605 
606 
607 
608 
608 
609 
611 
612 
612 
612 
613 
613 
614 
614 
614 
615 
616 
616 
617 
617 
617 
617 
617 
618 
619 
621 
621 
622 
623 
623 
623 
624 
624 
624 
625 
625 
626 
626 
626 
627 
628 
629 
629 
629 
630 
630 
630 
631 
631 
632 
632 
632 
632 
633 
633 
633 
634 
634 
634 
634 
636 
637 
637 
638 
638 
638 
640 
641 
641 
645 
645 
646 
646 
646 
646 
647 
647 
648 
648 
649 
649 
649 
651 
651 
652 
652 
654 
656 
656 
657 
657 
657 
657 
658 
658 
660 
660 
661 
662 
665 
665 
666 
666 
666 
667 
667 
667 
669 
669 
669 
670 
670 
671 
672 
673 
673 
674 
674 
675 
676 
676 
677 
678 
678 
679 
680 
681 
681 
682 
682 
682 
683 
684 
684 
685 
685 
687 
687 
687 
687 
687 
688 
688 
689 
689 
689 
689 
689 
689 
690 
690 
691 
692 
692 
693 
694 
695 
695 
696 
696 
697 
698 
698 
699 
700 
701 
702 
702 
703 
703 
705 
705 
705 
706 
706 
707 
708 
708 
708 
709 
710 
710 
711 
711 
712 
712 
712 
713 
713 
715 
715 
717 
717 
718 
718 
720 
720 
722 
722 
722 
723 
724 
725 
725 
725 
727 
727 
727 
727 
728 
729 
730 
730 
731 
731 
732 
732 
732 
734 
734 
734 
735 
735 
736 
736 
736 
736 
736 
736 
738 
740 
740 
742 
742 
742 
742 
742 
743 
744 
744 
744 
745 
748 
749 
749 
751 
751 
751 
754 
754 
756 
757 
757 
763 
764 
764 
765 
765 
766 
768 
768 
769 
769 
770 
770 
771 
775 
775 
775 
775 
776 
776 
776 
777 
777 
777 
778 
778 
778 
778 
778 
778 
780 
780 
781 
783 
783 
783 
784 
786 
786 
786 
786 
787 
787 
789 
789 
790 
790 
790 
791 
792 
793 
793 
793 
793 
793 
795 
796 
797 
797 
798 
798 
799 
799 
799 
799 
799 
799 
800 
801 
801 
802 
802 
804 
805 
805 
806 
806 
807 
807 
807 
808 
809 
809 
812 
813 
814 
814 
815 
815 
815 
815 
816 
816 
817 
817 
818 
820 
820 
821 
822 
822 
823 
823 
823 
828 
828 
828 
829 
829 
830 
830 
832 
833 
833 
833 
834 
835 
836 
836 
837 
837 
837 
838 
839 
840 
841 
843 
843 
844 
845 
845 
847 
847 
848 
849 
849 
850 
851 
853 
853 
853 
854 
855 
855 
855 
858 
859 
859 
859 
860 
860 
860 
861 
861 
862 
863 
864 
864 
865 
867 
867 
867 
867 
868 
869 
870 
870 
872 
872 
873 
874 
874 
875 
875 
876 
876 
877 
879 
881 
881 
882 
882 
882 
883 
883 
883 
884 
884 
885 
885 
885 
885 
886 
886 
887 
887 
887 
888 
890 
892 
892 
893 
893 
893 
895 
896 
896 
896 
897 
897 
897 
898 
898 
898 
900 
902 
903 
904 
904 
904 
905 
906 
906 
906 
906 
906 
906 
907 
907 
908 
909 
909 
909 
909 
909 
910 
911 
911 
911 
911 
912 
912 
913 
913 
914 
915 
915 
917 
919 
920 
920 
921 
922 
923 
923 
924 
924 
924 
924 
925 
925 
925 
927 
927 
927 
928 
928 
928 
928 
928 
928 
928 
929 
929 
929 
930 
931 
931 
931 
931 
931 
933 
934 
936 
936 
936 
936 
937 
938 
940 
940 
942 
943 
943 
944 
945 
945 
947 
947 
949 
949 
949 
949 
949 
950 
950 
950 
951 
952 
952 
952 
953 
953 
954 
954 
954 
955 
955 
956 
956 
957 
957 
957 
957 
958 
958 
959 
959 
960 
961 
961 
962 
963 
963 
963 
964 
965 
965 
965 
966 
966 
967 
967 
968 
968 
969 
969 
969 
969 
969 
969 
970 
970 
972 
973 
974 
975 
975 
975 
975 
975 
977 
978 
978 
980 
980 
982 
982 
983 
984 
985 
986 
987 
987 
987 
987 
988 
988 
989 
990 
990 
992 
992 
993 
995 
995 
995 
997 
998 
998 
999 
999 
999 
1000 
1000 
1001 
1002 
1002 
1003 
1003 
1003 
1005 
1006 
1006 
1006 
1007 
1007 
1012 
1013 
1013 
1013 
1013 
1014 
1014 
1014 
1015 
1015 
1015 
1016 
1016 
1017 
1017 
1017 
1017 
1018 
1018 
1018 
1019 
1019 
1019 
1020 
1020 
1021 
1021 
1021 
1022 
1022 
1023 
1024 
1025 
1025 
1025 
1026 
1027 
1027 
1027 
1028 
1028 
1029 
1029 
1030 
1032 
1032 
1033 
1033 
1034 
1036 
1037 
1037 
1037 
1039 
1039 
1040 
1040 
1041 
1042 
1043 
1043 
1044 
1045 
1045 
1045 
1048 
1048 
1049 
1050 
1050 
1050 
1050 
1051 
1051 
1051 
1052 
1053 
1053 
1053 
1054 
1054 
1055 
1055 
1057 
1057 
1057 
1057 
1057 
1058 
1059 
1059 
1060 
1063 
1063 
1063 
1064 
1065 
1065 
1065 
1068 
1069 
1069 
1069 
1070 
1071 
1071 
1072 
1073 
1074 
1075 
1075 
1076 
1076 
1078 
1079 
1079 
1080 
1080 
1081 
1081 
1082 
1082 
1083 
1083 
1085 
1087 
1087 
1088 
1090 
1090 
1090 
1091 
1091 
1093 
1093 
1093 
1095 
1095 
1095 
1096 
1097 
1098 
1098 
1099 
1099 
1100 
1101 
1101 
1103 
1103 
1104 
1104 
1105 
1105 
1106 
1108 
1109 
1110 
1110 
1112 
1112 
1112 
1113 
1115 
1116 
1117 
1117 
1119 
1119 
1121 
1122 
1122 
1124 
1125 
1129 
1130 
1131 
1131 
1132 
1132 
1133 
1136 
1138 
1139 
1140 
1141 
1142 
1144 
1144 
1145 
1146 
1146 
1147 
1147 
1147 
1147 
1147 
1148 
1148 
1149 
1149 
1151 
1152 
1152 
1153 
1154 
1154 
1154 
1155 
1156 
1156 
1156 
1156 
1159 
1159 
1159 
1159 
1159 
1161 
1161 
1162 
1162 
1162 
1162 
1163 
1163 
1164 
1165 
1165 
1166 
1168 
1168 
1169 
1169 
1170 
1172 
1173 
1174 
1174 
1174 
1175 
1175 
1176 
1176 
1176 
1177 
1178 
1178 
1178 
1179 
1180 
1181 
1182 
1184 
1185 
1186 
1188 
1188 
1189 
1189 
1189 
1190 
1191 
1191 
1191 
1193 
1193 
1193 
1194 
1194 
1194 
1195 
1196 
1197 
1198 
1199 
1199 
1199 
1199 
1199 
1201 
1202 
1202 
1203 
1204 
1205 
1206 
1207 
1208 
1209 
1209 
1209 
1209 
1210 
1211 
1211 
1211 
1212 
1212 
1213 
1213 
1214 
1215 
1215 
1215 
1217 
1218 
1219 
1219 
1220 
1222 
1224 
1224 
1225 
1227 
1229 
1230 
1230 
1231 
1231 
1233 
1233 
1234 
1234 
1234 
1235 
1235 
1236 
1237 
1238 
1238 
1238 
1240 
1240 
1240 
1241 
1241 
1241 
1241 
1242 
1242 
1243 
1244 
1244 
1245 
1246 
1246 
1246 
1248 
1249 
1249 
1249 
1250 
1250 
1251 
1251 
1251 
1252 
1252 
1252 
1254 
1254 
1254 
1255 
1255 
1257 
1258 
1258 
1259 
1259 
1259 
1260 
1260 
1261 
1261 
1262 
1262 
1264 
1264 
1265 
1266 
1268 
1269 
1270 
1270 
1271 
1272 
1273 
1273 
1275 
1275 
1276 
1276 
1277 
1277 
1278 
1279 
1280 
1281 
1281 
1282 
1284 
1284 
1284 
1285 
1286 
1287 
1287 
1288 
1288 
1289 
1291 
1291 
1291 
1292 
1294 
1294 
1294 
1294 
1295 
1296 
1298 
1299 
1299 
1299 
1299 
1300 
1302 
1304 
1304 
1304 
1306 
1306 
1306 
1307 
1308 
1308 
1309 
1309 
1310 
1311 
1313 
1314 
1314 
1315 
1315 
1316 
1316 
1317 
1318 
1318 
1319 
1319 
1320 
1321 
1322 
1322 
1322 
1322 
1325 
1326 
1326 
1327 
1328 
1329 
1330 
1331 
1331 
1331 
1332 
1333 
1336 
1336 
1336 
1337 
1337 
1338 
1338 
1338 
1340 
1341 
1342 
1342 
1345 
1345 
1345 
1346 
1347 
1348 
1348 
1348 
1348 
1349 
1349 
1349 
1349 
1350 
1350 
1350 
1350 
1351 
1351 
1351 
1351 
1352 
1353 
1354 
1354 
1354 
1356 
1356 
1357 
1359 
1359 
1360 
1360 
1361 
1361 
1361 
1363 
1363 
1364 
1364 
1364 
1366 
1366 
1368 
1369 
1369 
1369 
1370 
1370 
1370 
1371 
1373 
1373 
1374 
1375 
1375 
1376 
1376 
1376 
1377 
1377 
1378 
1379 
1379 
1380 
1381 
1382 
1383 
1386 
1387 
1388 
1389 
1389 
1390 
1390 
1391 
1391 
1391 
1393 
1393 
1394 
1394 
1395 
1396 
1396 
1397 
1398 
1398 
1399 
1401 
1401 
1401 
1402 
1402 
1402 
1402 
1402 
1403 
1403 
1404 
1404 
1404 
1406 
1406 
1406 
1406 
1407 
1407 
1409 
1411 
1412 
1412 
1413 
1413 
1415 
1416 
1420 
1426 
1426 
1426 
1426 
1428 
1428 
1428 
1429 
1429 
1430 
1430 
1430 
1432 
1433 
1434 
1435 
1436 
1437 
1439 
1440 
1440 
1441 
1443 
1443 
1443 
1444 
1444 
1445 
1445 
1447 
1448 
1448 
1449 
1450 
1450 
1451 
1451 
1451 
1452 
1452 
1452 
1453 
1453 
1453 
1454 
1455 
1455 
1456 
1456 
1458 
1460 
1460 
1461 
1461 
1463 
1463 
1463 
1464 
1465 
1465 
1465 
1466 
1466 
1467 
1467 
1468 
1469 
1470 
1470 
1471 
1473 
1473 
1474 
1474 
1475 
1477 
1477 
1477 
1478 
1478 
1479 
1480 
1480 
1480 
1480 
1481 
1482 
1483 
1483 
1483 
1483 
1484 
1484 
1486 
1487 
1488 
1489 
1489 
1489 
1490 
1491 
1491 
1491 
1492 
1492 
1493 
1493 
1493 
1494 
1494 
1495 
1495 
1496 
1496 
1498 
1498 
1498 
1499 
1500 
1501 
1502 
1504 
1507 
1507 
1508 
1510 
1510 
1510 
1511 
1512 
1512 
1512 
1514 
1514 
1516 
1518 
1518 
1519 
1519 
1520 
1521 
1521 
1522 
1522 
1522 
1522 
1523 
1524 
1524 
1524 
1524 
1525 
1525 
1527 
1527 
1527 
1528 
1529 
1530 
1530 
1531 
1531 
1531 
1531 
1531 
1531 
1532 
1533 
1535 
1535 
1536 
1537 
1537 
1537 
1537 
1539 
1539 
1540 
1540 
1541 
1541 
1543 
1543 
1544 
1545 
1546 
1546 
1547 
1548 
1548 
1549 
1549 
1549 
1550 
1550 
1551 
1551 
1551 
1552 
1553 
1553 
1555 
1555 
1555 
1556 
1556 
1557 
1557 
1557 
1559 
1559 
1559 
1559 
1560 
1561 
1561 
1561 
1561 
1562 
1562 
1562 
1562 
1563 
1564 
1565 
1566 
1566 
1566 
1567 
1567 
1567 
1568 
1568 
1568 
1569 
1569 
1569 
1570 
1571 
1572 
1573 
1574 
1574 
1576 
1577 
1578 
1579 
1580 
1581 
1582 
1582 
1582 
1584 
1584 
1585 
1586 
1586 
1587 
1587 
1587 
1587 
1588 
1588 
1589 
1589 
1590 
1591 
1592 
1593 
1594 
1594 
1595 
1596 
1596 
1596 
1596 
1597 
1597 
1598 
1598 
1598 
1598 
1599 
1599 
1600 
1601 
1601 
1601 
1601 
1602 
1602 
1602 
1604 
1604 
1604 
1605 
1605 
1606 
1608 
1608 
1608 
1608 
1609 
1609 
1610 
1611 
1611 
1611 
1612 
1614 
1616 
1620 
1620 
1621 
1621 
1621 
1623 
1624 
1624 
1624 
1625 
1625 
1626 
1627 
1628 
1629 
1629 
1631 
1632 
1633 
1633 
1633 
1633 
1634 
1634 
1635 
1637 
1637 
1638 
1638 
1639 
1640 
1641 
1641 
1642 
1643 
1644 
1644 
1644 
1646 
1646 
1646 
1647 
1648 
1650 
1650 
1652 
1653 
1654 
1654 
1654 
1654 
1655 
1655 
1658 
1658 
1659 
1662 
1662 
1663 
1663 
1664 
1665 
1665 
1666 
1668 
1668 
1671 
1671 
1672 
1673 
1673 
1674 
1675 
1676 
1676 
1676 
1677 
1677 
1678 
1678 
1678 
1678 
1678 
1680 
1682 
1683 
1684 
1684 
1685 
1685 
1685 
1686 
1687 
1687 
1688 
1688 
1689 
1689 
1692 
1694 
1695 
1696 
1698 
1698 
1698 
1703 
1703 
1704 
1705 
1707 
1708 
1708 
1709 
1709 
1709 
1710 
1710 
1711 
1711 
1711 
1712 
1712 
1713 
1713 
1713 
1713 
1714 
1715 
1715 
1715 
1716 
1717 
1717 
1717 
1717 
1718 
1718 
1719 
1720 
1721 
1721 
1721 
1723 
1724 
1724 
1724 
1724 
1725 
1725 
1725 
1726 
1726 
1727 
1727 
1728 
1729 
1732 
1733 
1733 
1735 
1735 
1737 
1737 
1738 
1740 
1741 
1744 
1744 
1745 
1745 
1745 
1746 
1747 
1748 
1748 
1750 
1751 
1752 
1753 
1754 
1755 
1756 
1756 
1756 
1757 
1757 
1758 
1759 
1760 
1760 
1760 
1761 
1763 
1763 
1765 
1766 
1767 
1768 
1768 
1769 
1769 
1769 
1770 
1771 
1771 
1771 
1772 
1773 
1773 
1774 
1776 
1777 
1777 
1778 
1779 
1779 
1779 
1780 
1780 
1780 
1781 
1782 
1784 
1785 
1786 
1786 
1787 
1787 
1788 
1788 
1789 
1790 
1790 
1790 
1791 
1792 
1792 
1793 
1794 
1794 
1794 
1796 
1797 
1797 
1797 
1797 
1798 
1798 
1799 
1800 
1800 
1800 
1801 
1801 
1801 
1803 
1806 
1807 
1808 
1808 
1808 
1809 
1811 
1811 
1811 
1813 
1815 
1816 
1816 
1817 
1817 
1818 
1819 
1819 
1819 
1820 
1820 
1821 
1822 
1822 
1824 
1824 
1824 
1824 
1825 
1825 
1825 
1826 
1826 
1827 
1828 
1828 
1828 
1829 
1830 
1830 
1830 
1831 
1831 
1832 
1833 
1833 
1833 
1833 
1837 
1837 
1838 
1840 
1843 
1844 
1846 
1847 
1848 
1849 
1850 
1850 
1851 
1851 
1851 
1852 
1855 
1856 
1856 
1856 
1857 
1857 
1857 
1858 
1858 
1859 
1859 
1859 
1860 
1861 
1862 
1862 
1863 
1863 
1863 
1863 
1864 
1864 
1864 
1864 
1865 
1865 
1866 
1866 
1866 
1867 
1869 
1870 
1870 
1870 
1871 
1872 
1873 
1874 
1874 
1874 
1877 
1878 
1878 
1879 
1879 
1880 
1880 
1881 
1881 
1882 
1882 
1882 
1882 
1884 
1885 
1885 
1885 
1885 
1886 
1886 
1887 
1887 
1889 
1889 
1889 
1890 
1890 
1890 
1890 
1891 
1891 
1891 
1892 
1893 
1894 
1894 
1895 
1895 
1895 
1898 
1900 
1902 
1903 
1903 
1903 
1905 
1909 
1909 
1910 
1910 
1911 
1911 
1912 
1912 
1912 
1912 
1914 
1915 
1917 
1918 
1919 
1919 
1919 
1919 
1919 
1921 
1921 
1921 
1922 
1923 
1924 
1924 
1925 
1925 
1927 
1927 
1927 
1927 
1927 
1927 
1929 
1930 
1930 
1930 
1932 
1933 
1934 
1935 
1936 
1936 
1937 
1937 
1938 
1938 
1938 
1939 
1940 
1941 
1941 
1942 
1944 
1944 
1945 
1945 
1947 
1947 
1948 
1949 
1949 
1950 
1951 
1951 
1953 
1954 
1954 
1954 
1954 
1955 
1955 
1955 
1955 
1956 
1956 
1957 
1958 
1958 
1960 
1960 
1961 
1961 
1963 
1963 
1964 
1965 
1965 
1967 
1967 
1967 
1967 
1968 
1968 
1969 
1970 
1971 
1971 
1971 
1971 
1973 
1974 
1974 
1974 
1974 
1975 
1976 
1976 
1977 
1977 
1978 
1978 
1978 
1978 
1979 
1979 
1980 
1980 
1981 
1981 
1981 
1984 
1985 
1985 
1985 
1985 
1986 
1986 
1987 
1987 
1987 
1988 
1988 
1989 
1990 
1991 
1991 
1992 
1992 
1994 
1994 
1995 
1998 
1999 
2000 
2001 
2001 
2002 
2002 
2002 
2004 
2004 
2004 
2004 
2005 
2005 
2005 
2005 
2006 
2006 
2007 
2007 
2008 
2009 
2009 
2010 
2011 
2011 
2012 
2012 
2013 
2015 
2015 
2015 
2017 
2017 
2019 
2019 
2019 
2020 
2020 
2021 
2021 
2023 
2023 
2023 
2024 
2024 
2024 
2025 
2026 
2027 
2027 
2028 
2029 
2030 
2030 
2031 
2031 
2031 
2031 
2032 
2032 
2033 
2033 
2033 
2033 
2036 
2037 
2037 
2037 
2037 
2037 
2037 
2037 
2038 
2038 
2038 
2039 
2039 
2039 
2040 
2041 
2043 
2044 
2044 
2045 
2045 
2045 
2046 
2047 
2049 
2049 
2051 
2052 
2053 
2053 
2053 
2055 
2056 
2056 
2057 
2061 
2061 
2061 
2062 
2062 
2063 
2063 
2063 
2064 
2065 
2068 
2069 
2069 
2071 
2073 
2074 
2075 
2076 
2076 
2077 
2078 
2079 
2079 
2079 
2081 
2081 
2081 
2082 
2082 
2083 
2084 
2084 
2086 
2086 
2086 
2087 
2088 
2090 
2095 
2095 
2095 
2096 
2096 
2097 
2097 
2097 
2099 
2100 
2101 
2101 
2103 
2104 
2104 
2104 
2106 
2106 
2107 
2107 
2107 
2108 
2109 
2109 
2110 
2110 
2111 
2112 
2114 
2114 
2115 
2116 
2117 
2120 
2122 
2123 
2124 
2124 
2124 
2124 
2125 
2126 
2127 
2128 
2129 
2129 
2129 
2129 
2130 
2130 
2133 
2133 
2134 
2134 
2134 
2135 
2135 
2136 
2136 
2137 
2137 
2138 
2138 
2140 
2140 
2142 
2143 
2143 
2143 
2144 
2144 
2145 
2145 
2145 
2146 
2146 
2147 
2147 
2147 
2149 
2149 
2150 
2151 
2151 
2151 
2151 
2152 
2154 
2154 
2155 
2155 
2156 
2158 
2158 
2158 
2159 
2159 
2161 
2161 
2162 
2162 
2162 
2164 
2166 
2167 
2167 
2167 
2168 
2168 
2169 
2169 
2170 
2170 
2170 
2171 
2171 
2172 
2173 
2174 
2174 
2175 
2175 
2175 
2175 
2175 
2176 
2176 
2178 
2179 
2180 
2181 
2182 
2184 
2185 
2185 
2186 
2186 
2186 
2186 
2186 
2188 
2189 
2189 
2189 
2189 
2190 
2191 
2192 
2192 
2194 
2195 
2196 
2196 
2196 
2197 
2197 
2198 
2200 
2201 
2201 
2202 
2203 
2204 
2204 
2205 
2206 
2206 
2207 
2208 
2209 
2209 
2212 
2212 
2213 
2213 
2213 
2213 
2213 
2213 
2214 
2215 
2217 
2218 
2218 
2218 
2219 
2221 
2221 
2221 
2222 
2223 
2225 
2226 
2226 
2226 
2227 
2228 
2229 
2230 
2231 
2231 
2232 
2232 
2232 
2232 
2233 
2233 
2234 
2234 
2234 
2234 
2234 
2235 
2235 
2236 
2236 
2236 
2237 
2237 
2238 
2239 
2239 
2241 
2241 
2242 
2242 
2243 
2243 
2244 
2244 
2245 
2246 
2247 
2247 
2248 
2249 
2249 
2249 
2249 
2252 
2252 
2253 
2253 
2254 
2255 
2256 
2256 
2257 
2257 
2258 
2259 
2259 
2260 
2260 
2260 
2260 
2260 
2261 
2261 
2262 
2263 
2264 
2265 
2266 
2266 
2268 
2270 
2271 
2271 
2272 
2272 
2274 
2274 
2275 
2276 
2276 
2277 
2277 
2280 
2280 
2281 
2282 
2283 
2283 
2284 
2285 
2286 
2286 
2286 
2287 
2291 
2291 
2292 
2295 
2295 
2295 
2296 
2297 
2298 
2300 
2302 
2304 
2304 
2305 
2305 
2305 
2306 
2306 
2306 
2306 
2307 
2308 
2308 
2308 
2309 
2309 
2310 
2310 
2311 
2312 
2312 
2312 
2312 
2312 
2313 
2314 
2316 
2316 
2317 
2318 
2318 
2318 
2318 
2318 
2320 
2321 
2321 
2321 
2322 
2323 
2323 
2323 
2324 
2325 
2326 
2329 
2330 
2331 
2331 
2332 
2333 
2333 
2335 
2335 
2336 
2336 
2337 
2337 
2337 
2337 
2339 
2339 
2339 
2339 
2340 
2341 
2341 
2342 
2343 
2343 
2344 
2346 
2346 
2346 
2347 
2349 
2349 
2350 
2350 
2351 
2351 
2352 
2352 
2352 
2353 
2353 
2354 
2354 
2354 
2354 
2355 
2355 
2355 
2356 
2357 
2357 
2357 
2357 
2360 
2361 
2362 
2363 
2363 
2364 
2365 
2365 
2365 
2366 
2367 
2369 
2371 
2372 
2372 
2373 
2373 
2374 
2375 
2376 
2376 
2376 
2377 
2377 
2377 
2377 
2378 
2378 
2378 
2378 
2378 
2378 
2379 
2380 
2380 
2381 
2381 
2382 
2382 
2383 
2384 
2385 
2386 
2386 
2386 
2387 
2388 
2388 
2388 
2388 
2389 
2389 
2390 
2390 
2390 
2392 
2392 
2395 
2395 
2396 
2396 
2396 
2397 
2398 
2399 
2400 
2400 
2400 
2401 
2401 
2402 
2404 
2405 
2405 
2405 
2405 
2407 
2407 
2407 
2407 
2407 
2408 
2408 
2410 
2411 
2413 
2413 
2416 
2416 
2417 
2418 
2418 
2419 
2420 
2420 
2421 
2422 
2425 
2425 
2426 
2427 
2427 
2428 
2429 
2429 
2430 
2432 
2432 
2432 
2434 
2435 
2435 
2436 
2436 
2436 
2436 
2436 
2436 
2437 
2437 
2437 
2438 
2438 
2440 
2440 
2441 
2445 
2447 
2447 
2448 
2449 
2451 
2451 
2452 
2452 
2453 
2453 
2453 
2456 
2456 
2458 
2458 
2460 
2461 
2462 
2463 
2463 
2464 
2464 
2464 
2465 
2465 
2465 
2466 
2466 
2468 
2468 
2470 
2470 
2470 
2472 
2472 
2472 
2473 
2473 
2475 
2475 
2476 
2476 
2476 
2477 
2478 
2478 
2478 
2478 
2478 
2479 
2479 
2479 
2479 
2481 
2481 
2481 
2483 
2483 
2483 
2484 
2484 
2485 
2486 
2486 
2487 
2488 
2491 
2492 
2492 
2492 
2494 
2494 
2496 
2496 
2498 
2499 
2499 
2499 
2499 
2499 
2500 
2500 
2501 
2505 
2505 
2505 
2505 
2505 
2505 
2506 
2506 
2506 
2506 
2507 
2508 
2508 
2508 
2509 
2510 
2510 
2511 
2511 
2511 
2512 
2513 
2514 
2515 
2515 
2515 
2516 
2516 
2516 
2517 
2517 
2517 
2519 
2519 
2519 
2519 
2520 
2520 
2522 
2523 
2523 
2525 
2526 
2526 
2526 
2526 
2526 
2526 
2527 
2527 
2529 
2529 
2531 
2531 
2531 
2532 
2532 
2534 
2536 
2536 
2537 
2538 
2540 
2540 
2540 
2541 
2541 
2543 
2543 
2543 
2544 
2545 
2545 
2546 
2547 
2548 
2548 
2549 
2549 
2549 
2550 
2550 
2551 
2551 
2552 
2555 
2556 
2556 
2557 
2558 
2559 
2560 
2560 
2562 
2562 
2562 
2562 
2563 
2565 
2566 
2566 
2569 
2569 
2570 
2571 
2573 
2575 
2576 
2576 
2576 
2576 
2578 
2578 
2578 
2579 
2579 
2580 
2580 
2580 
2581 
2581 
2582 
2583 
2584 
2585 
2586 
2586 
2586 
2587 
2588 
2589 
2590 
2590 
2591 
2591 
2592 
2592 
2592 
2594 
2594 
2596 
2596 
2596 
2597 
2597 
2599 
2600 
2600 
2602 
2603 
2603 
2603 
2605 
2606 
2606 
2607 
2607 
2608 
2608 
2608 
2610 
2612 
2612 
2613 
2613 
2613 
2614 
2614 
2615 
2615 
2615 
2615 
2616 
2617 
2617 
2618 
2618 
2619 
2619 
2619 
2619 
2620 
2621 
2622 
2623 
2624 
2624 
2625 
2625 
2626 
2627 
2627 
2628 
2629 
2629 
2630 
2632 
2633 
2634 
2636 
2636 
2637 
2638 
2639 
2640 
2641 
2642 
2643 
2643 
2646 
2646 
2647 
2647 
2647 
2648 
2648 
2649 
2649 
2649 
2650 
2650 
2651 
2651 
2652 
2652 
2652 
2654 
2654 
2655 
2656 
2657 
2658 
2661 
2662 
2663 
2664 
2665 
2667 
2667 
2668 
2669 
2669 
2669 
2670 
2670 
2673 
2674 
2676 
2676 
2676 
2677 
2677 
2678 
2678 
2679 
2681 
2681 
2682 
2683 
2683 
2684 
2684 
2685 
2685 
2687 
2687 
2687 
2688 
2688 
2688 
2689 
2689 
2690 
2691 
2692 
2695 
2696 
2696 
2697 
2698 
2698 
2699 
2700 
2700 
2701 
2701 
2701 
2701 
2701 
2702 
2703 
2703 
2704 
2706 
2707 
2709 
2709 
2709 
2710 
2710 
2711 
2712 
2712 
2713 
2714 
2714 
2715 
2715 
2715 
2715 
2716 
2716 
2718 
2718 
2719 
2720 
2721 
2721 
2723 
2723 
2723 
2723 
2724 
2725 
2725 
2726 
2726 
2727 
2728 
2728 
2729 
2729 
2730 
2731 
2731 
2732 
2733 
2733 
2733 
2733 
2734 
2734 
2736 
2737 
2737 
2737 
2739 
2739 
2740 
2741 
2742 
2742 
2742 
2742 
2742 
2742 
2743 
2743 
2743 
2745 
2746 
2746 
2747 
2748 
2748 
2748 
2749 
2749 
2749 
2750 
2750 
2752 
2752 
2752 
2754 
2755 
2755 
2755 
2758 
2758 
2759 
2759 
2760 
2760 
2760 
2760 
2760 
2762 
2762 
2763 
2763 
2763 
2763 
2764 
2764 
2765 
2765 
2765 
2766 
2766 
2767 
2767 
2767 
2768 
2768 
2769 
2769 
2772 
2773 
2774 
2775 
2775 
2776 
2777 
2778 
2779 
2779 
2781 
2782 
2783 
2783 
2783 
2784 
2785 
2785 
2785 
2785 
2785 
2785 
2787 
2787 
2787 
2788 
2788 
2789 
2790 
2791 
2791 
2791 
2791 
2792 
2792 
2793 
2793 
2795 
2795 
2795 
2796 
2797 
2797 
2797 
2799 
2800 
2801 
2802 
2803 
2804 
2804 
2805 
2805 
2807 
2807 
2807 
2808 
2808 
2812 
2813 
2814 
2815 
2816 
2816 
2817 
2817 
2817 
2818 
2819 
2819 
2819 
2820 
2820 
2821 
2821 
2823 
2823 
2824 
2824 
2824 
2825 
2826 
2829 
2829 
2829 
2830 
2830 
2830 
2834 
2834 
2835 
2836 
2836 
2836 
2837 
2837 
2838 
2838 
2839 
2840 
2840 
2840 
2840 
2841 
2841 
2842 
2842 
2842 
2842 
2843 
2844 
2844 
2846 
2847 
2850 
2851 
2854 
2855 
2856 
2856 
2857 
2857 
2858 
2859 
2859 
2860 
2860 
2860 
2861 
2863 
2863 
2865 
2866 
2869 
2869 
2870 
2870 
2871 
2873 
2874 
2875 
2875 
2875 
2877 
2878 
2879 
2880 
2881 
2882 
2882 
2882 
2882 
2882 
2883 
2883 
2884 
2884 
2885 
2885 
2887 
2888 
2888 
2889 
2889 
2890 
2891 
2891 
2893 
2893 
2896 
2897 
2898 
2898 
2898 
2898 
2899 
2900 
2900 
2900 
2900 
2901 
2901 
2902 
2904 
2904 
2904 
2905 
2905 
2906 
2906 
2907 
2908 
2908 
2909 
2910 
2910 
2910 
2910 
2912 
2914 
2916 
2916 
2917 
2918 
2918 
2919 
2919 
2920 
2920 
2921 
2922 
2923 
2925 
2927 
2928 
2929 
2929 
2930 
2930 
2930 
2930 
2932 
2932 
2933 
2934 
2934 
2936 
2938 
2938 
2938 
2938 
2939 
2940 
2940 
2942 
2944 
2944 
2945 
2945 
2945 
2945 
2946 
2947 
2948 
2948 
2951 
2951 
2951 
2952 
2953 
2953 
2958 
2958 
2958 
2959 
2960 
2960 
2961 
2961 
2961 
2962 
2962 
2963 
2965 
2965 
2967 
2968 
2968 
2969 
2969 
2969 
2970 
2970 
2970 
2972 
2972 
2974 
2974 
2975 
2975 
2975 
2975 
2977 
2977 
2979 
2979 
2980 
2981 
2981 
2981 
2982 
2982 
2983 
2983 
2984 
2985 
2985 
2985 
2985 
2987 
2987 
2988 
2988 
2990 
2991 
2991 
2992 
2992 
2993 
2993 
2993 
2994 
2995 
2996 
2996 
2996 
2997 
2997 
2998 
2998 
2999 
3004 
3004 
3004 
3005 
3006 
3006 
3006 
3007 
3007 
3008 
3008 
3009 
3010 
3012 
3015 
3016 
3017 
3017 
3017 
3018 
3019 
3021 
3021 
3021 
3021 
3022 
3024 
3024 
3025 
3025 
3027 
3027 
3028 
3029 
3029 
3031 
3031 
3033 
3033 
3034 
3034 
3034 
3035 
3035 
3035 
3038 
3038 
3039 
3040 
3040 
3041 
3041 
3042 
3043 
3043 
3044 
3044 
3046 
3046 
3046 
3047 
3047 
3047 
3048 
3049 
3050 
3050 
3051 
3051 
3052 
3053 
3054 
3054 
3054 
3056 
3056 
3056 
3056 
3059 
3059 
3061 
3061 
3061 
3064 
3064 
3066 
3067 
3067 
3068 
3070 
3071 
3071 
3071 
3071 
3072 
3072 
3073 
3074 
3074 
3074 
3075 
3076 
3076 
3076 
3076 
3078 
3078 
3079 
3079 
3079 
3081 
3082 
3083 
3083 
3084 
3086 
3086 
3086 
3086 
3087 
3088 
3089 
3089 
3089 
3092 
3093 
3093 
3093 
3094 
3094 
3094 
3095 
3095 
3096 
3096 
3097 
3097 
3098 
3098 
3099 
3100 
3100 
3100 
3100 
3103 
3104 
3105 
3105 
3105 
3109 
3109 
3110 
3111 
3113 
3115 
3116 
3117 
3117 
3117 
3117 
3118 
3118 
3119 
3120 
3121 
3121 
3121 
3121 
3121 
3122 
3122 
3122 
3123 
3123 
3123 
3127 
3131 
3131 
3133 
3133 
3134 
3135 
3135 
3136 
3137 
3137 
3138 
3139 
3142 
3143 
3144 
3144 
3145 
3145 
3146 
3146 
3147 
3148 
3148 
3149 
3149 
3150 
3150 
3151 
3151 
3152 
3152 
3153 
3154 
3155 
3156 
3156 
3158 
3159 
3159 
3159 
3161 
3161 
3162 
3162 
3162 
3164 
3165 
3165 
3167 
3167 
3167 
3168 
3169 
3170 
3170 
3171 
3172 
3172 
3172 
3173 
3173 
3174 
3174 
3175 
3175 
3175 
3176 
3177 
3178 
3179 
3181 
3181 
3182 
3183 
3184 
3185 
3185 
3186 
3188 
3188 
3189 
3190 
3190 
3190 
3192 
3192 
3193 
3193 
3194 
3194 
3195 
3195 
3195 
3196 
3197 
3199 
3200 
3202 
3202 
3202 
3203 
3203 
3204 
3204 
3204 
3205 
3205 
3206 
3209 
3210 
3211 
3212 
3213 
3214 
3214 
3215 
3215 
3215 
3216 
3217 
3218 
3218 
3218 
3219 
3219 
3220 
3220 
3220 
3222 
3222 
3222 
3223 
3223 
3224 
3224 
3225 
3225 
3225 
3225 
3225 
3226 
3227 
3228 
3228 
3228 
3229 
3229 
3230 
3231 
3232 
3232 
3233 
3234 
3234 
3235 
3236 
3237 
3237 
3237 
3238 
3238 
3238 
3238 
3241 
3242 
3242 
3243 
3243 
3245 
3246 
3246 
3247 
3249 
3250 
3250 
3251 
3252 
3252 
3252 
3253 
3253 
3253 
3255 
3255 
3255 
3256 
3256 
3256 
3258 
3259 
3261 
3261 
3262 
3262 
3262 
3262 
3263 
3263 
3264 
3265 
3266 
3267 
3267 
3267 
3268 
3270 
3271 
3272 
3273 
3273 
3274 
3274 
3274 
3277 
3278 
3278 
3278 
3279 
3280 
3280 
3280 
3281 
3281 
3281 
3281 
3282 
3283 
3283 
3284 
3284 
3284 
3284 
3284 
3285 
3286 
3287 
3290 
3290 
3291 
3292 
3292 
3293 
3293 
3293 
3294 
3294 
3294 
3295 
3296 
3296 
3296 
3296 
3296 
3297 
3297 
3299 
3299 
3299 
3300 
3300 
3301 
3301 
3302 
3302 
3302 
3304 
3305 
3307 
3307 
3308 
3308 
3310 
3310 
3311 
3311 
3311 
3311 
3311 
3311 
3313 
3313 
3313 
3313 
3313 
3314 
3316 
3317 
3319 
3319 
3319 
3319 
3320 
3321 
3321 
3321 
3321 
3322 
3322 
3322 
3322 
3323 
3323 
3324 
3324 
3324 
3325 
3325 
3325 
3325 
3325 
3328 
3328 
3328 
3328 
3329 
3329 
3330 
3331 
3332 
3333 
3335 
3336 
3336 
3338 
3338 
3339 
3339 
3341 
3342 
3342 
3342 
3343 
3343 
3344 
3346 
3346 
3347 
3348 
3349 
3349 
3351 
3351 
3351 
3351 
3352 
3352 
3352 
3353 
3353 
3354 
3354 
3355 
3355 
3355 
3356 
3356 
3357 
3358 
3358 
3359 
3360 
3361 
3361 
3362 
3363 
3364 
3364 
3364 
3366 
3367 
3367 
3368 
3368 
3369 
3370 
3370 
3370 
3371 
3372 
3373 
3373 
3373 
3373 
3374 
3375 
3376 
3377 
3377 
3377 
3378 
3378 
3379 
3379 
3379 
3380 
3380 
3380 
3381 
3381 
3384 
3384 
3384 
3385 
3386 
3387 
3387 
3388 
3390 
3390 
3391 
3391 
3392 
3392 
3392 
3393 
3393 
3394 
3395 
3396 
3397 
3397 
3399 
3399 
3401 
3402 
3402 
3403 
3404 
3404 
3404 
3405 
3405 
3405 
3406 
3406 
3406 
3407 
3407 
3408 
3408 
3410 
3410 
3410 
3411 
3411 
3413 
3414 
3415 
3416 
3417 
3418 
3419 
3420 
3420 
3421 
3421 
3422 
3423 
3423 
3425 
3427 
3427 
3431 
3432 
3435 
3436 
3437 
3437 
3438 
3439 
3439 
3439 
3440 
3440 
3442 
3442 
3442 
3443 
3443 
3445 
3446 
3446 
3446 
3448 
3449 
3449 
3451 
3452 
3452 
3453 
3454 
3454 
3454 
3455 
3455 
3456 
3458 
3458 
3458 
3459 
3459 
3460 
3460 
3460 
3460 
3461 
3461 
3462 
3466 
3467 
3467 
3468 
3468 
3468 
3470 
3472 
3472 
3472 
3474 
3474 
3475 
3475 
3477 
3477 
3477 
3478 
3478 
3478 
3479 
3479 
3479 
3480 
3481 
3481 
3483 
3484 
3484 
3485 
3485 
3485 
3487 
3487 
3488 
3489 
3489 
3491 
3491 
3492 
3492 
3492 
3493 
3494 
3494 
3495 
3496 
3497 
3497 
3497 
3498 
3500 
3500 
3500 
3501 
3501 
3501 
3502 
3502 
3502 
3502 
3502 
3504 
3505 
3507 
3507 
3507 
3507 
3507 
3508 
3508 
3508 
3511 
3512 
3512 
3512 
3512 
3514 
3516 
3516 
3517 
3517 
3518 
3518 
3519 
3519 
3519 
3520 
3520 
3520 
3520 
3521 
3521 
3521 
3521 
3522 
3523 
3523 
3524 
3524 
3524 
3525 
3528 
3528 
3528 
3528 
3528 
3529 
3530 
3531 
3533 
3534 
3534 
3534 
3535 
3537 
3537 
3537 
3538 
3538 
3539 
3540 
3540 
3540 
3540 
3540 
3541 
3545 
3550 
3550 
3551 
3551 
3551 
3552 
3552 
3552 
3553 
3554 
3555 
3555 
3555 
3556 
3557 
3557 
3557 
3558 
3558 
3558 
3558 
3559 
3560 
3560 
3561 
3561 
3562 
3562 
3562 
3562 
3563 
3563 
3565 
3566 
3566 
3567 
3569 
3569 
3569 
3570 
3571 
3571 
3572 
3572 
3572 
3572 
3573 
3573 
3575 
3575 
3576 
3577 
3579 
3579 
3579 
3580 
3580 
3580 
3582 
3582 
3583 
3583 
3584 
3585 
3585 
3586 
3586 
3587 
3587 
3587 
3587 
3588 
3589 
3589 
3590 
3591 
3591 
3591 
3592 
3593 
3593 
3594 
3595 
3595 
3596 
3597 
3597 
3597 
3598 
3600 
3600 
3601 
3602 
3602 
3602 
3602 
3603 
3603 
3604 
3604 
3604 
3604 
3605 
3605 
3605 
3606 
3606 
3607 
3608 
3611 
3611 
3611 
3612 
3613 
3613 
3614 
3615 
3615 
3615 
3616 
3616 
3616 
3617 
3617 
3618 
3618 
3618 
3618 
3619 
3620 
3620 
3621 
3621 
3621 
3621 
3623 
3623 
3624 
3624 
3625 
3625 
3626 
3626 
3627 
3627 
3628 
3628 
3630 
3631 
3631 
3632 
3632 
3633 
3633 
3634 
3635 
3635 
3636 
3636 
3637 
3637 
3637 
3639 
3641 
3641 
3642 
3643 
3643 
3643 
3643 
3643 
3645 
3647 
3647 
3648 
3648 
3649 
3651 
3651 
3651 
3651 
3651 
3651 
3652 
3652 
3652 
3653 
3654 
3654 
3654 
3654 
3655 
3655 
3655 
3656 
3656 
3657 
3657 
3659 
3659 
3661 
3661 
3662 
3662 
3662 
3663 
3664 
3665 
3666 
3668 
3668 
3668 
3669 
3669 
3669 
3670 
3670 
3670 
3671 
3673 
3673 
3675 
3675 
3676 
3676 
3677 
3680 
3681 
3681 
3682 
3684 
3684 
3685 
3685 
3685 
3685 
3687 
3687 
3687 
3688 
3688 
3688 
3688 
3690 
3695 
3695 
3695 
3696 
3696 
3696 
3697 
3697 
3698 
3699 
3699 
3700 
3701 
3701 
3702 
3705 
3705 
3706 
3707 
3708 
3710 
3710 
3711 
3711 
3712 
3712 
3712 
3713 
3715 
3717 
3717 
3717 
3718 
3718 
3718 
3719 
3720 
3720 
3720 
3720 
3720 
3723 
3724 
3724 
3724 
3724 
3725 
3725 
3727 
3728 
3728 
3729 
3730 
3731 
3732 
3733 
3733 
3733 
3735 
3735 
3736 
3737 
3738 
3739 
3740 
3741 
3741 
3742 
3742 
3744 
3744 
3744 
3745 
3745 
3745 
3746 
3746 
3747 
3747 
3749 
3750 
3751 
3751 
3755 
3755 
3758 
3759 
3760 
3761 
3761 
3761 
3762 
3762 
3762 
3763 
3763 
3764 
3765 
3769 
3770 
3770 
3771 
3771 
3772 
3772 
3772 
3772 
3778 
3778 
3778 
3779 
3780 
3780 
3781 
3781 
3781 
3782 
3782 
3783 
3783 
3784 
3785 
3785 
3786 
3788 
3788 
3791 
3793 
3793 
3794 
3794 
3794 
3795 
3795 
3795 
3796 
3797 
3798 
3799 
3799 
3801 
3801 
3801 
3802 
3802 
3802 
3802 
3802 
3803 
3803 
3804 
3804 
3805 
3805 
3805 
3805 
3806 
3806 
3806 
3807 
3808 
3808 
3808 
3809 
3809 
3810 
3810 
3810 
3810 
3811 
3811 
3811 
3812 
3813 
3813 
3813 
3813 
3814 
3814 
3814 
3816 
3817 
3817 
3818 
3821 
3821 
3821 
3821 
3823 
3824 
3825 
3825 
3825 
3825 
3826 
3828 
3828 
3829 
3831 
3831 
3832 
3833 
3833 
3833 
3834 
3834 
3835 
3835 
3835 
3836 
3836 
3836 
3837 
3837 
3837 
3838 
3838 
3839 
3840 
3841 
3843 
3843 
3844 
3844 
3847 
3847 
3848 
3848 
3848 
3848 
3849 
3850 
3851 
3851 
3851 
3851 
3852 
3853 
3853 
3855 
3855 
3856 
3856 
3857 
3857 
3858 
3859 
3860 
3861 
3861 
3863 
3863 
3863 
3864 
3864 
3865 
3866 
3867 
3868 
3869 
3869 
3870 
3871 
3871 
3872 
3872 
3875 
3876 
3876 
3876 
3877 
3878 
3879 
3879 
3880 
3880 
3881 
3882 
3883 
3883 
3884 
3884 
3886 
3886 
3889 
3892 
3893 
3894 
3895 
3895 
3896 
3896 
3898 
3898 
3899 
3899 
3901 
3901 
3903 
3903 
3903 
3903 
3903 
3904 
3905 
3905 
3906 
3906 
3907 
3908 
3908 
3908 
3909 
3912 
3913 
3914 
3915 
3916 
3916 
3918 
3918 
3918 
3919 
3920 
3921 
3921 
3921 
3922 
3923 
3923 
3925 
3925 
3926 
3928 
3929 
3929 
3929 
3930 
3930 
3932 
3933 
3935 
3935 
3936 
3937 
3937 
3939 
3939 
3940 
3940 
3940 
3942 
3942 
3945 
3946 
3946 
3946 
3947 
3947 
3947 
3947 
3948 
3949 
3950 
3950 
3953 
3954 
3956 
3956 
3956 
3958 
3958 
3959 
3960 
3960 
3961 
3962 
3962 
3963 
3963 
3965 
3966 
3966 
3967 
3967 
3970 
3971 
3971 
3971 
3971 
3972 
3973 
3973 
3974 
3978 
3980 
3980 
3981 
3981 
3981 
3984 
3985 
3985 
3986 
3986 
3986 
3987 
3987 
3988 
3989 
3990 
3990 
3991 
3992 
3992 
3992 
3993 
3994 
3994 
3994 
3995 
3996 
4000 
4000 
4002 
4002 
4002 
4002 
4003 
4003 
4003 
4003 
4004 
4004 
4005 
4005 
4010 
4010 
4010 
4011 
4013 
4014 
4014 
4014 
4015 
4015 
4017 
4018 
4018 
4018 
4020 
4020 
4020 
4021 
4023 
4024 
4024 
4025 
4026 
4026 
4028 
4028 
4029 
4029 
4029 
4031 
4033 
4033 
4035 
4035 
4036 
4036 
4038 
4038 
4039 
4040 
4041 
4042 
4044 
4044 
4045 
4046 
4046 
4047 
4049 
4050 
4051 
4051 
4052 
4052 
4052 
4053 
4053 
4053 
4054 
4054 
4054 
4054 
4055 
4056 
4056 
4056 
4057 
4058 
4058 
4058 
4059 
4059 
4059 
4060 
4061 
4061 
4063 
4065 
4065 
4065 
4065 
4066 
4066 
4067 
4068 
4069 
4070 
4071 
4074 
4074 
4074 
4074 
4075 
4076 
4077 
4077 
4078 
4079 
4080 
4080 
4081 
4081 
4082 
4082 
4082 
4083 
4083 
4083 
4083 
4084 
4084 
4084 
4084 
4085 
4085 
4085 
4088 
4089 
4089 
4089 
4090 
4090 
4092 
4093 
4095 
4096 
4096 
4096 
4097 
4098 
4099 
4100 
4101 
4102 
4102 
4103 
4103 
4104 
4104 
4105 
4105 
4105 
4105 
4106 
4107 
4110 
4111 
4111 
4112 
4112 
4112 
4112 
4113 
4114 
4114 
4114 
4114 
4115 
4116 
4117 
4118 
4118 
4118 
4118 
4118 
4119 
4120 
4120 
4121 
4122 
4123 
4123 
4124 
4124 
4125 
4125 
4125 
4126 
4127 
4127 
4127 
4129 
4129 
4134 
4134 
4135 
4135 
4137 
4137 
4137 
4137 
4138 
4140 
4140 
4141 
4141 
4141 
4143 
4144 
4144 
4144 
4144 
4145 
4145 
4147 
4147 
4148 
4149 
4150 
4150 
4150 
4152 
4152 
4153 
4153 
4155 
4156 
4156 
4159 
4160 
4160 
4160 
4161 
4162 
4165 
4167 
4167 
4169 
4170 
4171 
4171 
4172 
4175 
4176 
4176 
4177 
4178 
4180 
4180 
4181 
4183 
4183 
4183 
4186 
4186 
4186 
4186 
4187 
4187 
4188 
4188 
4189 
4190 
4191 
4192 
4192 
4192 
4194 
4195 
4196 
4196 
4197 
4197 
4197 
4198 
4198 
4199 
4201 
4203 
4203 
4204 
4204 
4205 
4205 
4206 
4206 
4207 
4207 
4210 
4212 
4213 
4214 
4214 
4215 
4215 
4215 
4215 
4216 
4217 
4217 
4218 
4218 
4218 
4218 
4219 
4219 
4220 
4220 
4220 
4220 
4220 
4221 
4223 
4223 
4223 
4224 
4224 
4224 
4225 
4225 
4225 
4226 
4226 
4228 
4229 
4230 
4230 
4231 
4232 
4232 
4235 
4242 
4243 
4247 
4249 
4249 
4251 
4251 
4251 
4252 
4252 
4255 
4256 
4257 
4258 
4258 
4259 
4259 
4260 
4261 
4262 
4262 
4262 
4262 
4262 
4263 
4263 
4264 
4264 
4266 
4266 
4267 
4268 
4269 
4270 
4270 
4270 
4270 
4271 
4272 
4273 
4273 
4273 
4274 
4274 
4274 
4275 
4275 
4277 
4278 
4279 
4279 
4281 
4281 
4282 
4283 
4284 
4284 
4284 
4285 
4285 
4285 
4286 
4286 
4289 
4289 
4290 
4290 
4290 
4291 
4293 
4293 
4294 
4294 
4295 
4295 
4296 
4296 
4297 
4298 
4298 
4299 
4299 
4299 
4299 
4300 
4300 
4300 
4301 
4302 
4305 
4306 
4307 
4308 
4308 
4308 
4309 
4309 
4310 
4310 
4311 
4312 
4312 
4312 
4313 
4314 
4314 
4315 
4317 
4319 
4319 
4319 
4319 
4320 
4320 
4321 
4321 
4322 
4323 
4324 
4324 
4325 
4325 
4326 
4326 
4327 
4327 
4328 
4328 
4329 
4329 
4330 
4330 
4331 
4332 
4332 
4332 
4333 
4334 
4334 
4335 
4336 
4336 
4337 
4338 
4339 
4339 
4339 
4340 
4340 
4342 
4343 
4344 
4344 
4344 
4344 
4345 
4345 
4346 
4348 
4351 
4351 
4352 
4352 
4354 
4355 
4355 
4356 
4356 
4356 
4357 
4357 
4357 
4359 
4360 
4361 
4361 
4361 
4361 
4361 
4362 
4362 
4364 
4365 
4365 
4365 
4366 
4366 
4367 
4368 
4369 
4371 
4372 
4373 
4373 
4374 
4374 
4374 
4374 
4377 
4377 
4378 
4380 
4382 
4382 
4383 
4384 
4384 
4384 
4385 
4385 
4385 
4385 
4386 
4386 
4387 
4388 
4389 
4390 
4391 
4391 
4392 
4393 
4394 
4394 
4395 
4395 
4395 
4396 
4396 
4396 
4396 
4397 
4397 
4398 
4398 
4399 
4400 
4400 
4400 
4401 
4401 
4402 
4403 
4404 
4404 
4405 
4407 
4407 
4408 
4408 
4409 
4409 
4410 
4410 
4410 
4412 
4413 
4413 
4413 
4414 
4416 
4417 
4417 
4418 
4418 
4419 
4419 
4419 
4419 
4420 
4420 
4420 
4421 
4422 
4423 
4424 
4425 
4425 
4426 
4426 
4427 
4428 
4428 
4430 
4431 
4431 
4431 
4431 
4431 
4432 
4433 
4434 
4434 
4435 
4435 
4435 
4436 
4436 
4436 
4441 
4441 
4443 
4444 
4445 
4446 
4446 
4447 
4448 
4449 
4449 
4450 
4450 
4450 
4450 
4450 
4451 
4452 
4452 
4452 
4453 
4453 
4453 
4454 
4455 
4456 
4457 
4458 
4459 
4460 
4460 
4461 
4461 
4462 
4462 
4463 
4463 
4464 
4466 
4467 
4467 
4468 
4468 
4468 
4468 
4468 
4469 
4469 
4470 
4470 
4471 
4471 
4472 
4474 
4476 
4479 
4480 
4481 
4483 
4483 
4486 
4488 
4489 
4489 
4489 
4489 
4490 
4490 
4491 
4492 
4492 
4492 
4493 
4493 
4494 
4494 
4494 
4495 
4495 
4495 
4495 
4496 
4496 
4496 
4497 
4498 
4498 
4498 
4498 
4499 
4499 
4500 
4500 
4500 
4500 
4501 
4501 
4502 
4505 
4506 
4506 
4508 
4509 
4509 
4510 
4511 
4512 
4513 
4513 
4513 
4514 
4514 
4515 
4515 
4515 
4516 
4516 
4516 
4517 
4517 
4518 
4519 
4519 
4519 
4520 
4520 
4520 
4520 
4522 
4525 
4525 
4525 
4526 
4526 
4527 
4528 
4529 
4529 
4530 
4530 
4531 
4531 
4531 
4531 
4532 
4532 
4534 
4534 
4535 
4535 
4536 
4537 
4538 
4538 
4539 
4540 
4541 
4542 
4542 
4542 
4543 
4544 
4545 
4545 
4545 
4548 
4549 
4549 
4549 
4550 
4552 
4552 
4552 
4553 
4556 
4557 
4557 
4558 
4558 
4558 
4558 
4559 
4559 
4559 
4560 
4561 
4561 
4563 
4564 
4564 
4564 
4565 
4565 
4567 
4568 
4568 
4568 
4568 
4569 
4569 
4569 
4570 
4570 
4570 
4571 
4571 
4573 
4573 
4573 
4573 
4574 
4574 
4574 
4577 
4578 
4579 
4579 
4580 
4583 
4583 
4587 
4588 
4588 
4588 
4589 
4592 
4594 
4594 
4595 
4596 
4596 
4596 
4597 
4597 
4597 
4598 
4599 
4600 
4600 
4600 
4601 
4602 
4602 
4602 
4603 
4603 
4604 
4604 
4604 
4605 
4605 
4607 
4607 
4608 
4608 
4610 
4610 
4612 
4612 
4613 
4613 
4614 
4615 
4616 
4617 
4618 
4618 
4619 
4619 
4619 
4620 
4620 
4620 
4620 
4621 
4622 
4623 
4623 
4623 
4624 
4625 
4625 
4625 
4625 
4625 
4625 
4626 
4626 
4626 
4626 
4627 
4628 
4628 
4628 
4629 
4629 
4631 
4632 
4632 
4633 
4633 
4634 
4635 
4636 
4637 
4638 
4638 
4638 
4638 
4639 
4640 
4640 
4642 
4642 
4642 
4642 
4643 
4644 
4645 
4645 
4645 
4646 
4646 
4647 
4647 
4647 
4649 
4649 
4649 
4649 
4650 
4652 
4652 
4652 
4653 
4655 
4655 
4656 
4656 
4657 
4658 
4659 
4661 
4662 
4663 
4664 
4666 
4667 
4667 
4668 
4668 
4668 
4669 
4669 
4670 
4671 
4671 
4671 
4672 
4672 
4674 
4675 
4675 
4676 
4676 
4676 
4677 
4677 
4677 
4677 
4677 
4678 
4678 
4679 
4681 
4681 
4682 
4682 
4682 
4683 
4683 
4684 
4684 
4685 
4685 
4685 
4686 
4687 
4688 
4688 
4689 
4689 
4690 
4690 
4691 
4692 
4692 
4694 
4695 
4695 
4696 
4696 
4698 
4698 
4699 
4701 
4701 
4702 
4702 
4703 
4703 
4704 
4704 
4705 
4705 
4706 
4707 
4707 
4707 
4708 
4710 
4710 
4711 
4712 
4712 
4713 
4713 
4713 
4714 
4714 
4714 
4716 
4716 
4719 
4720 
4720 
4720 
4720 
4721 
4721 
4722 
4725 
4725 
4726 
4726 
4727 
4727 
4727 
4728 
4728 
4728 
4729 
4729 
4730 
4730 
4731 
4732 
4732 
4733 
4733 
4735 
4735 
4736 
4738 
4738 
4739 
4739 
4739 
4740 
4740 
4740 
4742 
4744 
4745 
4745 
4748 
4751 
4752 
4752 
4753 
4754 
4755 
4756 
4757 
4757 
4758 
4758 
4759 
4759 
4760 
4761 
4761 
4763 
4763 
4763 
4764 
4764 
4765 
4766 
4766 
4766 
4767 
4767 
4768 
4768 
4769 
4771 
4771 
4772 
4773 
4774 
4774 
4775 
4776 
4776 
4776 
4777 
4778 
4778 
4778 
4779 
4781 
4782 
4783 
4784 
4784 
4784 
4785 
4786 
4786 
4786 
4786 
4789 
4791 
4791 
4791 
4792 
4793 
4794 
4794 
4796 
4797 
4797 
4798 
4799 
4800 
4802 
4804 
4805 
4809 
4810 
4810 
4811 
4811 
4811 
4811 
4812 
4812 
4813 
4815 
4819 
4819 
4820 
4820 
4821 
4822 
4822 
4822 
4823 
4824 
4825 
4825 
4827 
4828 
4830 
4830 
4830 
4830 
4830 
4831 
4831 
4832 
4832 
4833 
4833 
4833 
4834 
4834 
4837 
4837 
4837 
4837 
4837 
4838 
4838 
4840 
4842 
4842 
4842 
4843 
4844 
4844 
4845 
4845 
4845 
4845 
4845 
4845 
4846 
4846 
4847 
4848 
4849 
4850 
4850 
4852 
4852 
4853 
4855 
4856 
4857 
4858 
4858 
4858 
4860 
4860 
4861 
4861 
4861 
4862 
4862 
4862 
4862 
4863 
4864 
4864 
4864 
4864 
4865 
4865 
4868 
4869 
4870 
4871 
4872 
4873 
4873 
4873 
4873 
4874 
4875 
4876 
4876 
4876 
4876 
4877 
4877 
4877 
4877 
4878 
4878 
4880 
4881 
4881 
4882 
4883 
4884 
4884 
4886 
4886 
4886 
4886 
4887 
4888 
4888 
4888 
4888 
4889 
4889 
4890 
4890 
4891 
4891 
4892 
4893 
4894 
4894 
4894 
4895 
4896 
4898 
4898 
4899 
4899 
4899 
4899 
4900 
4900 
4902 
4904 
4905 
4906 
4907 
4908 
4910 
4910 
4911 
4911 
4912 
4912 
4912 
4913 
4913 
4913 
4914 
4915 
4915 
4915 
4916 
4916 
4917 
4918 
4918 
4918 
4919 
4919 
4920 
4921 
4921 
4922 
4923 
4923 
4923 
4924 
4924 
4925 
4927 
4928 
4928 
4928 
4930 
4932 
4933 
4934 
4934 
4935 
4935 
4939 
4939 
4940 
4941 
4941 
4942 
4943 
4943 
4944 
4944 
4945 
4945 
4946 
4946 
4946 
4947 
4949 
4950 
4950 
4952 
4952 
4952 
4953 
4954 
4955 
4955 
4956 
4956 
4956 
4956 
4956 
4957 
4957 
4958 
4958 
4958 
4959 
4959 
4959 
4959 
4962 
4963 
4963 
4963 
4964 
4965 
4966 
4966 
4966 
4967 
4967 
4968 
4968 
4968 
4968 
4969 
4969 
4970 
4972 
4972 
4974 
4975 
4975 
4975 
4978 
4979 
4979 
4980 
4980 
4980 
4981 
4984 
4985 
4986 
4987 
4988 
4988 
4989 
4989 
4989 
4989 
4990 
4991 
4991 
4991 
4991 
4992 
4993 
4994 
4995 
4996 
4996 
4996 
4997 
4997 
4999 
4999 
5001 
5001 
5002 
5005 
5006 
5006 
5007 
5007 
5008 
5008 
5009 
5011 
5011 
5012 
5012 
5012 
5013 
5013 
5014 
5015 
5015 
5015 
5016 
5016 
5017 
5018 
5018 
5019 
5019 
5019 
5020 
5021 
5021 
5024 
5024 
5024 
5025 
5025 
5026 
5026 
5027 
5027 
5029 
5029 
5030 
5030 
5030 
5031 
5031 
5033 
5033 
5033 
5034 
5035 
5035 
5036 
5037 
5038 
5038 
5039 
5039 
5039 
5040 
5040 
5041 
5041 
5042 
5042 
5043 
5043 
5043 
5043 
5044 
5044 
5045 
5045 
5045 
5046 
5046 
5046 
5048 
5048 
5049 
5050 
5050 
5051 
5051 
5051 
5051 
5052 
5052 
5053 
5053 
5054 
5054 
5055 
5056 
5056 
5056 
5056 
5058 
5058 
5058 
5058 
5059 
5061 
5061 
5065 
5065 
5065 
5066 
5068 
5069 
5069 
5071 
5073 
5073 
5074 
5074 
5074 
5074 
5075 
5075 
5075 
5076 
5076 
5079 
5080 
5080 
5082 
5082 
5082 
5084 
5084 
5084 
5084 
5085 
5086 
5086 
5086 
5086 
5087 
5087 
5088 
5088 
5089 
5091 
5091 
5093 
5093 
5094 
5096 
5096 
5097 
5097 
5097 
5097 
5098 
5098 
5099 
5099 
5100 
5100 
5100 
5101 
5101 
5101 
5102 
5102 
5102 
5103 
5107 
5109 
5109 
5110 
5110 
5110 
5110 
5111 
5111 
5114 
5114 
5114 
5114 
5116 
5117 
5117 
5118 
5118 
5118 
5118 
5118 
5119 
5121 
5121 
5121 
5121 
5121 
5122 
5123 
5123 
5123 
5123 
5125 
5126 
5126 
5127 
5129 
5130 
5134 
5136 
5137 
5138 
5139 
5139 
5139 
5140 
5142 
5143 
5144 
5144 
5145 
5145 
5146 
5147 
5148 
5149 
5149 
5149 
5151 
5151 
5152 
5153 
5154 
5154 
5154 
5155 
5155 
5155 
5157 
5158 
5158 
5158 
5159 
5160 
5160 
5161 
5161 
5161 
5162 
5163 
5163 
5164 
5164 
5165 
5166 
5166 
5166 
5167 
5168 
5169 
5169 
5170 
5171 
5173 
5174 
5174 
5174 
5174 
5175 
5175 
5175 
5176 
5177 
5177 
5177 
5178 
5178 
5179 
5179 
5180 
5180 
5180 
5181 
5181 
5183 
5183 
5184 
5184 
5185 
5185 
5186 
5186 
5186 
5188 
5188 
5189 
5191 
5191 
5191 
5193 
5193 
5193 
5193 
5194 
5197 
5197 
5197 
5198 
5198 
5199 
5199 
5199 
5200 
5200 
5201 
5202 
5202 
5203 
5203 
5204 
5204 
5205 
5205 
5205 
5207 
5207 
5207 
5208 
5208 
5208 
5209 
5209 
5209 
5210 
5211 
5211 
5212 
5213 
5213 
5213 
5214 
5214 
5214 
5214 
5215 
5215 
5216 
5216 
5217 
5218 
5218 
5218 
5219 
5219 
5220 
5220 
5221 
5223 
5224 
5224 
5225 
5227 
5227 
5228 
5228 
5228 
5230 
5231 
5232 
5233 
5233 
5233 
5234 
5234 
5238 
5238 
5238 
5240 
5240 
5240 
5240 
5241 
5241 
5241 
5243 
5243 
5244 
5244 
5244 
5244 
5250 
5251 
5251 
5252 
5253 
5253 
5254 
5255 
5255 
5256 
5257 
5257 
5258 
5258 
5258 
5260 
5261 
5261 
5262 
5263 
5264 
5266 
5266 
5267 
5269 
5269 
5270 
5270 
5271 
5272 
5272 
5273 
5274 
5274 
5275 
5275 
5275 
5275 
5276 
5279 
5279 
5279 
5281 
5283 
5283 
5283 
5283 
5284 
5284 
5285 
5286 
5286 
5286 
5287 
5287 
5287 
5287 
5288 
5288 
5289 
5290 
5290 
5291 
5292 
5292 
5292 
5293 
5294 
5294 
5294 
5295 
5295 
5297 
5297 
5298 
5300 
5300 
5301 
5301 
5301 
5302 
5305 
5306 
5306 
5308 
5309 
5311 
5311 
5313 
5315 
5315 
5315 
5315 
5319 
5320 
5321 
5321 
5322 
5322 
5323 
5323 
5323 
5324 
5326 
5326 
5327 
5327 
5328 
5330 
5330 
5331 
5331 
5332 
5332 
5332 
5334 
5334 
5335 
5335 
5335 
5335 
5337 
5338 
5338 
5339 
5340 
5340 
5341 
5342 
5343 
5344 
5344 
5344 
5345 
5346 
5346 
5347 
5347 
5349 
5349 
5349 
5350 
5350 
5353 
5354 
5354 
5354 
5354 
5354 
5354 
5356 
5356 
5356 
5357 
5357 
5357 
5358 
5358 
5360 
5360 
5361 
5361 
5364 
5365 
5365 
5366 
5366 
5366 
5367 
5368 
5369 
5369 
5369 
5369 
5370 
5374 
5374 
5375 
5375 
5375 
5375 
5376 
5376 
5376 
5376 
5376 
5378 
5378 
5378 
5379 
5380 
5381 
5381 
5381 
5382 
5384 
5386 
5386 
5387 
5387 
5388 
5388 
5389 
5391 
5391 
5392 
5392 
5392 
5393 
5393 
5393 
5394 
5394 
5394 
5394 
5394 
5396 
5397 
5399 
5400 
5401 
5401 
5402 
5402 
5403 
5403 
5405 
5406 
5407 
5407 
5409 
5410 
5410 
5411 
5411 
5411 
5412 
5412 
5412 
5412 
5413 
5413 
5413 
5414 
5414 
5416 
5416 
5417 
5417 
5417 
5417 
5418 
5418 
5419 
5419 
5419 
5420 
5421 
5421 
5422 
5423 
5424 
5424 
5425 
5426 
5427 
5429 
5429 
5429 
5431 
5431 
5431 
5431 
5432 
5432 
5433 
5433 
5433 
5436 
5436 
5436 
5437 
5437 
5437 
5438 
5441 
5442 
5442 
5443 
5444 
5445 
5445 
5446 
5446 
5446 
5446 
5447 
5447 
5447 
5447 
5448 
5449 
5449 
5450 
5450 
5450 
5452 
5452 
5452 
5453 
5454 
5454 
5454 
5454 
5454 
5455 
5456 
5457 
5457 
5457 
5457 
5458 
5458 
5459 
5459 
5462 
5462 
5462 
5464 
5465 
5465 
5465 
5466 
5466 
5467 
5467 
5469 
5469 
5470 
5470 
5470 
5470 
5471 
5472 
5473 
5473 
5475 
5476 
5476 
5476 
5476 
5477 
5477 
5478 
5479 
5479 
5480 
5481 
5482 
5482 
5483 
5485 
5488 
5488 
5490 
5490 
5491 
5491 
5493 
5493 
5493 
5493 
5494 
5494 
5494 
5495 
5495 
5495 
5495 
5495 
5495 
5496 
5496 
5497 
5497 
5497 
5498 
5499 
5500 
5501 
5501 
5502 
5506 
5506 
5506 
5506 
5506 
5507 
5507 
5507 
5507 
5507 
5508 
5508 
5509 
5509 
5511 
5511 
5511 
5512 
5513 
5513 
5514 
5514 
5514 
5517 
5518 
5518 
5518 
5519 
5520 
5520 
5520 
5520 
5520 
5520 
5522 
5523 
5523 
5523 
5524 
5524 
5524 
5525 
5525 
5526 
5526 
5526 
5526 
5527 
5528 
5528 
5529 
5530 
5530 
5531 
5532 
5532 
5533 
5534 
5534 
5535 
5537 
5537 
5537 
5538 
5539 
5539 
5540 
5540 
5540 
5541 
5541 
5541 
5542 
5543 
5544 
5545 
5546 
5546 
5548 
5549 
5549 
5549 
5551 
5551 
5553 
5553 
5553 
5554 
5554 
5555 
5556 
5556 
5557 
5557 
5557 
5559 
5559 
5559 
5561 
5562 
5563 
5566 
5566 
5567 
5567 
5568 
5568 
5569 
5569 
5570 
5572 
5573 
5573 
5573 
5574 
5574 
5574 
5576 
5577 
5579 
5579 
5579 
5581 
5582 
5582 
5583 
5584 
5585 
5586 
5586 
5587 
5587 
5588 
5589 
5590 
5590 
5590 
5591 
5592 
5593 
5594 
5595 
5595 
5595 
5596 
5596 
5597 
5598 
5598 
5600 
5600 
5601 
5602 
5602 
5603 
5604 
5607 
5607 
5608 
5608 
5609 
5609 
5611 
5611 
5611 
5611 
5611 
5612 
5613 
5613 
5614 
5616 
5616 
5616 
5617 
5617 
5617 
5617 
5617 
5618 
5619 
5619 
5619 
5621 
5621 
5622 
5622 
5622 
5624 
5626 
5626 
5627 
5628 
5628 
5629 
5630 
5631 
5632 
5633 
5633 
5634 
5634 
5635 
5635 
5635 
5636 
5637 
5637 
5640 
5640 
5640 
5641 
5642 
5643 
5644 
5645 
5645 
5645 
5646 
5646 
5647 
5648 
5649 
5649 
5650 
5650 
5651 
5651 
5651 
5651 
5651 
5652 
5652 
5654 
5654 
5654 
5655 
5655 
5656 
5656 
5657 
5657 
5658 
5658 
5659 
5661 
5661 
5662 
5662 
5663 
5664 
5664 
5664 
5665 
5666 
5666 
5666 
5666 
5667 
5669 
5669 
5670 
5670 
5670 
5670 
5671 
5671 
5671 
5674 
5677 
5678 
5678 
5678 
5680 
5680 
5683 
5683 
5684 
5685 
5685 
5685 
5686 
5687 
5687 
5688 
5689 
5689 
5689 
5690 
5691 
5691 
5691 
5691 
5694 
5694 
5694 
5695 
5696 
5696 
5697 
5698 
5699 
5699 
5699 
5700 
5701 
5702 
5702 
5704 
5706 
5707 
5707 
5707 
5708 
5709 
5709 
5710 
5711 
5711 
5714 
5714 
5714 
5714 
5714 
5715 
5715 
5716 
5716 
5716 
5721 
5723 
5723 
5723 
5723 
5723 
5724 
5724 
5724 
5725 
5725 
5727 
5728 
5731 
5731 
5732 
5733 
5734 
5735 
5735 
5735 
5735 
5735 
5736 
5736 
5736 
5737 
5738 
5741 
5741 
5742 
5742 
5742 
5742 
5743 
5744 
5745 
5745 
5746 
5747 
5748 
5748 
5749 
5750 
5751 
5751 
5751 
5751 
5754 
5754 
5754 
5754 
5755 
5755 
5755 
5756 
5756 
5756 
5757 
5758 
5759 
5760 
5760 
5760 
5762 
5763 
5763 
5764 
5764 
5765 
5765 
5765 
5765 
5765 
5765 
5766 
5766 
5767 
5768 
5768 
5769 
5769 
5769 
5770 
5770 
5771 
5773 
5773 
5775 
5777 
5777 
5777 
5777 
5777 
5778 
5780 
5781 
5781 
5783 
5785 
5786 
5786 
5786 
5786 
5787 
5787 
5788 
5788 
5788 
5788 
5791 
5791 
5791 
5793 
5793 
5794 
5794 
5795 
5795 
5796 
5797 
5798 
5798 
5798 
5798 
5798 
5799 
5799 
5801 
5802 
5802 
5804 
5805 
5805 
5806 
5806 
5807 
5809 
5809 
5810 
5810 
5811 
5811 
5812 
5813 
5814 
5814 
5815 
5815 
5818 
5818 
5819 
5819 
5820 
5820 
5820 
5821 
5821 
5822 
5822 
5823 
5825 
5825 
5825 
5825 
5826 
5826 
5828 
5829 
5829 
5829 
5831 
5831 
5832 
5832 
5832 
5832 
5833 
5833 
5834 
5834 
5834 
5836 
5837 
5837 
5837 
5838 
5839 
5839 
5840 
5841 
5841 
5842 
5843 
5843 
5845 
5847 
5847 
5847 
5848 
5849 
5851 
5851 
5852 
5852 
5853 
5853 
5854 
5854 
5854 
5855 
5856 
5856 
5856 
5857 
5858 
5858 
5859 
5861 
5861 
5862 
5864 
5864 
5865 
5866 
5866 
5866 
5867 
5869 
5869 
5869 
5870 
5870 
5870 
5870 
5872 
5872 
5872 
5874 
5875 
5876 
5876 
5876 
5878 
5878 
5878 
5879 
5879 
5879 
5880 
5880 
5880 
5881 
5881 
5882 
5882 
5883 
5883 
5884 
5884 
5884 
5884 
5884 
5885 
5885 
5885 
5885 
5886 
5886 
5887 
5888 
5888 
5888 
5889 
5890 
5890 
5891 
5892 
5892 
5894 
5894 
5895 
5896 
5896 
5897 
5897 
5897 
5897 
5898 
5900 
5901 
5901 
5902 
5902 
5902 
5903 
5903 
5903 
5903 
5905 
5905 
5908 
5908 
5909 
5910 
5910 
5911 
5912 
5913 
5913 
5913 
5913 
5915 
5915 
5916 
5917 
5917 
5917 
5918 
5918 
5919 
5920 
5923 
5923 
5924 
5924 
5925 
5925 
5926 
5927 
5927 
5928 
5929 
5929 
5929 
5931 
5933 
5933 
5934 
5938 
5938 
5940 
5940 
5940 
5941 
5941 
5942 
5942 
5944 
5945 
5946 
5947 
5948 
5950 
5950 
5950 
5951 
5952 
5952 
5954 
5954 
5954 
5956 
5957 
5960 
5960 
5961 
5962 
5962 
5963 
5964 
5964 
5965 
5965 
5966 
5966 
5966 
5967 
5967 
5967 
5968 
5968 
5968 
5969 
5970 
5970 
5970 
5971 
5972 
5972 
5975 
5975 
5975 
5975 
5977 
5978 
5980 
5980 
5982 
5982 
5982 
5982 
5986 
5986 
5986 
5987 
5987 
5988 
5988 
5989 
5990 
5991 
5991 
5993 
5994 
5995 
5997 
5998 
5998 
5999 
5999 
5999 
6001 
6002 
6002 
6003 
6003 
6004 
6006 
6006 
6007 
6010 
6010 
6012 
6014 
6014 
6015 
6016 
6016 
6016 
6016 
6018 
6018 
6019 
6019 
6020 
6020 
6021 
6021 
6022 
6023 
6023 
6024 
6024 
6026 
6027 
6030 
6030 
6030 
6031 
6032 
6033 
6034 
6036 
6036 
6036 
6037 
6037 
6037 
6039 
6039 
6039 
6040 
6040 
6041 
6041 
6042 
6042 
6043 
6043 
6046 
6046 
6046 
6047 
6048 
6049 
6050 
6052 
6052 
6053 
6054 
6055 
6056 
6060 
6060 
6060 
6061 
6062 
6062 
6063 
6066 
6068 
6068 
6069 
6069 
6070 
6071 
6071 
6071 
6073 
6073 
6074 
6075 
6076 
6076 
6076 
6078 
6081 
6081 
6083 
6086 
6086 
6086 
6087 
6087 
6087 
6088 
6088 
6091 
6091 
6091 
6092 
6093 
6094 
6094 
6094 
6095 
6097 
6097 
6100 
6100 
6100 
6101 
6101 
6102 
6104 
6104 
6104 
6104 
6104 
6105 
6105 
6105 
6107 
6108 
6108 
6108 
6109 
6109 
6111 
6111 
6112 
6112 
6112 
6113 
6113 
6115 
6117 
6119 
6119 
6120 
6120 
6120 
6120 
6121 
6123 
6123 
6123 
6123 
6123 
6124 
6124 
6125 
6125 
6125 
6126 
6126 
6126 
6127 
6127 
6128 
6128 
6131 
6132 
6133 
6135 
6135 
6136 
6136 
6137 
6137 
6138 
6139 
6140 
6140 
6141 
6141 
6141 
6142 
6145 
6145 
6145 
6146 
6146 
6147 
6149 
6149 
6149 
6149 
6149 
6150 
6151 
6152 
6152 
6152 
6152 
6153 
6153 
6154 
6155 
6157 
6157 
6158 
6159 
6161 
6162 
6162 
6162 
6162 
6162 
6162 
6162 
6163 
6163 
6163 
6164 
6164 
6165 
6165 
6167 
6168 
6168 
6169 
6169 
6170 
6170 
6171 
6171 
6171 
6173 
6174 
6174 
6174 
6175 
6175 
6177 
6181 
6181 
6182 
6182 
6185 
6185 
6186 
6188 
6188 
6189 
6189 
6190 
6191 
6191 
6192 
6193 
6193 
6196 
6196 
6197 
6198 
6198 
6198 
6199 
6200 
6201 
6202 
6203 
6204 
6205 
6206 
6206 
6206 
6206 
6209 
6210 
6210 
6212 
6212 
6213 
6214 
6214 
6215 
6216 
6217 
6218 
6220 
6220 
6222 
6222 
6223 
6223 
6223 
6223 
6225 
6226 
6227 
6227 
6227 
6230 
6230 
6231 
6233 
6234 
6234 
6234 
6234 
6235 
6235 
6236 
6236 
6237 
6237 
6237 
6238 
6239 
6239 
6241 
6242 
6242 
6242 
6242 
6243 
6243 
6244 
6244 
6245 
6247 
6247 
6248 
6249 
6250 
6251 
6252 
6252 
6254 
6257 
6257 
6257 
6258 
6258 
6259 
6260 
6260 
6262 
6262 
6262 
6264 
6264 
6265 
6268 
6268 
6269 
6269 
6269 
6272 
6272 
6272 
6273 
6273 
6274 
6274 
6274 
6275 
6275 
6275 
6275 
6276 
6276 
6277 
6278 
6278 
6278 
6278 
6279 
6280 
6280 
6280 
6281 
6281 
6281 
6281 
6282 
6285 
6286 
6286 
6288 
6289 
6289 
6289 
6291 
6291 
6292 
6292 
6293 
6294 
6295 
6296 
6300 
6300 
6301 
6301 
6304 
6304 
6305 
6305 
6306 
6306 
6311 
6315 
6315 
6315 
6315 
6316 
6317 
6317 
6318 
6321 
6322 
6323 
6324 
6325 
6326 
6327 
6327 
6327 
6327 
6327 
6328 
6328 
6328 
6329 
6330 
6331 
6332 
6332 
6333 
6333 
6333 
6333 
6334 
6334 
6334 
6336 
6336 
6336 
6337 
6337 
6337 
6338 
6339 
6339 
6340 
6340 
6340 
6341 
6344 
6345 
6346 
6347 
6347 
6348 
6348 
6348 
6350 
6350 
6350 
6352 
6353 
6354 
6355 
6355 
6355 
6355 
6355 
6356 
6358 
6358 
6358 
6359 
6360 
6361 
6363 
6366 
6366 
6367 
6368 
6368 
6368 
6368 
6368 
6369 
6370 
6372 
6372 
6372 
6373 
6373 
6373 
6374 
6375 
6376 
6376 
6376 
6376 
6377 
6377 
6378 
6380 
6381 
6381 
6381 
6381 
6382 
6383 
6384 
6386 
6388 
6388 
6388 
6389 
6389 
6390 
6391 
6392 
6393 
6393 
6394 
6394 
6395 
6397 
6397 
6398 
6398 
6398 
6398 
6398 
6398 
6399 
6399 
6402 
6403 
6403 
6403 
6403 
6405 
6405 
6405 
6406 
6408 
6408 
6409 
6409 
6409 
6411 
6411 
6411 
6411 
6413 
6413 
6414 
6415 
6415 
6416 
6416 
6416 
6416 
6417 
6417 
6418 
6420 
6420 
6421 
6421 
6422 
6422 
6422 
6424 
6425 
6426 
6426 
6427 
6429 
6430 
6430 
6431 
6432 
6433 
6433 
6434 
6435 
6437 
6437 
6438 
6439 
6440 
6440 
6440 
6441 
6441 
6442 
6442 
6443 
6443 
6445 
6445 
6445 
6445 
6446 
6447 
6447 
6447 
6447 
6449 
6449 
6449 
6449 
6450 
6451 
6451 
6453 
6454 
6455 
6455 
6456 
6456 
6457 
6458 
6459 
6459 
6461 
6462 
6462 
6463 
6464 
6465 
6465 
6466 
6466 
6467 
6467 
6468 
6469 
6469 
6469 
6469 
6470 
6471 
6472 
6474 
6474 
6475 
6476 
6476 
6476 
6476 
6477 
6478 
6478 
6480 
6482 
6484 
6484 
6485 
6486 
6486 
6486 
6488 
6489 
6490 
6490 
6490 
6493 
6493 
6494 
6495 
6498 
6499 
6499 
6499 
6499 
6501 
6501 
6502 
6503 
6503 
6503 
6503 
6506 
6506 
6507 
6508 
6508 
6508 
6509 
6509 
6511 
6512 
6512 
6512 
6512 
6513 
6514 
6514 
6515 
6515 
6516 
6517 
6517 
6517 
6519 
6519 
6520 
6521 
6522 
6523 
6523 
6525 
6525 
6527 
6527 
6528 
6529 
6529 
6530 
6531 
6532 
6533 
6533 
6534 
6534 
6536 
6536 
6538 
6539 
6540 
6540 
6540 
6541 
6541 
6543 
6543 
6544 
6544 
6544 
6547 
6547 
6548 
6548 
6548 
6548 
6548 
6548 
6549 
6549 
6549 
6550 
6550 
6550 
6551 
6551 
6552 
6554 
6554 
6555 
6556 
6557 
6557 
6558 
6558 
6558 
6559 
6560 
6560 
6561 
6562 
6562 
6563 
6563 
6564 
6566 
6566 
6566 
6568 
6568 
6568 
6569 
6570 
6571 
6573 
6573 
6574 
6576 
6576 
6576 
6576 
6577 
6578 
6579 
6579 
6579 
6580 
6582 
6582 
6583 
6584 
6585 
6585 
6586 
6586 
6587 
6588 
6589 
6590 
6591 
6592 
6592 
6592 
6592 
6593 
6594 
6595 
6596 
6596 
6597 
6598 
6598 
6598 
6599 
6600 
6605 
6606 
6606 
6607 
6609 
6609 
6610 
6610 
6610 
6611 
6612 
6612 
6612 
6613 
6613 
6613 
6614 
6614 
6615 
6617 
6617 
6618 
6618 
6618 
6618 
6619 
6619 
6620 
6620 
6622 
6623 
6623 
6623 
6624 
6625 
6626 
6626 
6627 
6628 
6628 
6629 
6629 
6629 
6629 
6629 
6631 
6632 
6632 
6632 
6633 
6633 
6633 
6634 
6634 
6634 
6634 
6636 
6636 
6636 
6638 
6638 
6638 
6639 
6641 
6643 
6644 
6644 
6645 
6646 
6646 
6646 
6647 
6647 
6648 
6649 
6649 
6650 
6650 
6650 
6650 
6650 
6650 
6651 
6652 
6654 
6656 
6661 
6662 
6662 
6662 
6663 
6663 
6663 
6663 
6664 
6664 
6664 
6666 
6666 
6668 
6668 
6668 
6669 
6670 
6670 
6671 
6671 
6671 
6672 
6673 
6673 
6674 
6674 
6674 
6674 
6677 
6678 
6678 
6680 
6681 
6681 
6682 
6685 
6685 
6686 
6686 
6687 
6688 
6688 
6690 
6691 
6691 
6692 
6692 
6694 
6695 
6696 
6696 
6696 
6697 
6697 
6697 
6698 
6698 
6700 
6701 
6702 
6702 
6702 
6703 
6703 
6704 
6705 
6707 
6707 
6708 
6709 
6710 
6710 
6711 
6711 
6714 
6714 
6714 
6715 
6715 
6716 
6716 
6717 
6717 
6719 
6719 
6719 
6720 
6721 
6724 
6724 
6725 
6726 
6727 
6728 
6728 
6728 
6728 
6729 
6730 
6731 
6733 
6734 
6735 
6735 
6736 
6737 
6739 
6740 
6740 
6743 
6744 
6744 
6744 
6745 
6745 
6745 
6746 
6747 
6747 
6747 
6748 
6749 
6749 
6750 
6750 
6751 
6752 
6752 
6753 
6753 
6754 
6754 
6755 
6756 
6757 
6757 
6757 
6757 
6759 
6759 
6759 
6760 
6764 
6765 
6765 
6766 
6766 
6766 
6767 
6767 
6768 
6768 
6768 
6769 
6769 
6769 
6769 
6770 
6771 
6773 
6773 
6775 
6775 
6776 
6777 
6777 
6777 
6778 
6779 
6779 
6780 
6780 
6780 
6781 
6781 
6782 
6783 
6783 
6784 
6784 
6785 
6785 
6785 
6786 
6786 
6787 
6787 
6788 
6788 
6789 
6789 
6789 
6790 
6791 
6791 
6791 
6792 
6792 
6792 
6795 
6795 
6795 
6796 
6797 
6798 
6799 
6801 
6802 
6802 
6802 
6804 
6804 
6804 
6805 
6805 
6805 
6806 
6808 
6810 
6811 
6811 
6812 
6813 
6813 
6813 
6813 
6814 
6815 
6817 
6817 
6817 
6818 
6818 
6818 
6818 
6818 
6818 
6819 
6819 
6819 
6819 
6820 
6821 
6821 
6823 
6824 
6824 
6824 
6826 
6827 
6828 
6828 
6828 
6828 
6830 
6830 
6830 
6831 
6832 
6833 
6836 
6836 
6836 
6836 
6837 
6838 
6839 
6839 
6840 
6841 
6841 
6841 
6843 
6843 
6844 
6845 
6847 
6848 
6848 
6848 
6848 
6848 
6848 
6848 
6849 
6849 
6850 
6850 
6851 
6852 
6853 
6854 
6854 
6855 
6855 
6857 
6857 
6858 
6858 
6859 
6859 
6859 
6859 
6860 
6860 
6861 
6861 
6861 
6862 
6864 
6864 
6865 
6866 
6867 
6867 
6868 
6868 
6868 
6868 
6870 
6871 
6871 
6871 
6871 
6871 
6873 
6874 
6874 
6874 
6875 
6875 
6876 
6876 
6877 
6877 
6877 
6878 
6879 
6879 
6879 
6880 
6881 
6882 
6882 
6883 
6883 
6884 
6884 
6884 
6886 
6887 
6888 
6889 
6889 
6889 
6890 
6891 
6892 
6893 
6894 
6896 
6896 
6896 
6896 
6897 
6897 
6900 
6900 
6900 
6901 
6904 
6906 
6906 
6906 
6906 
6907 
6908 
6908 
6908 
6910 
6913 
6914 
6914 
6914 
6915 
6915 
6916 
6917 
6918 
6918 
6919 
6919 
6920 
6920 
6921 
6922 
6923 
6923 
6924 
6925 
6925 
6926 
6927 
6928 
6929 
6930 
6930 
6930 
6933 
6933 
6934 
6934 
6934 
6936 
6938 
6938 
6938 
6938 
6939 
6939 
6940 
6940 
6942 
6943 
6943 
6944 
6944 
6945 
6946 
6947 
6947 
6948 
6948 
6948 
6949 
6950 
6951 
6953 
6953 
6953 
6954 
6954 
6956 
6956 
6956 
6959 
6959 
6959 
6960 
6960 
6961 
6963 
6965 
6965 
6966 
6967 
6968 
6968 
6968 
6968 
6969 
6969 
6970 
6970 
6970 
6971 
6971 
6972 
6974 
6976 
6977 
6977 
6978 
6978 
6978 
6978 
6979 
6980 
6980 
6980 
6982 
6982 
6983 
6983 
6983 
6984 
6986 
6988 
6988 
6989 
6990 
6990 
6991 
6991 
6992 
6992 
6992 
6992 
6993 
6994 
6994 
6995 
6995 
6996 
6998 
6999 
7000 
7001 
7001 
7002 
7002 
7002 
7002 
7003 
7004 
7004 
7005 
7005 
7008 
7009 
7009 
7011 
7011 
7011 
7012 
7012 
7012 
7015 
7015 
7016 
7017 
7017 
7018 
7018 
7019 
7019 
7019 
7020 
7020 
7021 
7021 
7022 
7023 
7023 
7023 
7023 
7024 
7025 
7025 
7026 
7027 
7027 
7027 
7028 
7029 
7029 
7030 
7030 
7030 
7030 
7031 
7032 
7033 
7033 
7033 
7034 
7035 
7036 
7037 
7038 
7039 
7039 
7039 
7039 
7040 
7041 
7041 
7042 
7042 
7043 
7044 
7045 
7045 
7046 
7046 
7048 
7050 
7050 
7050 
7051 
7051 
7051 
7052 
7052 
7052 
7056 
7056 
7057 
7058 
7058 
7059 
7059 
7059 
7059 
7061 
7061 
7062 
7062 
7062 
7062 
7063 
7063 
7063 
7064 
7064 
7064 
7064 
7065 
7066 
7066 
7067 
7067 
7067 
7067 
7068 
7068 
7069 
7070 
7073 
7074 
7074 
7075 
7075 
7078 
7078 
7079 
7081 
7081 
7081 
7083 
7083 
7084 
7085 
7085 
7085 
7085 
7086 
7086 
7086 
7088 
7088 
7089 
7090 
7091 
7091 
7091 
7092 
7093 
7094 
7094 
7094 
7094 
7095 
7095 
7095 
7096 
7096 
7097 
7097 
7097 
7098 
7098 
7099 
7100 
7101 
7101 
7102 
7103 
7103 
7103 
7103 
7103 
7103 
7104 
7105 
7106 
7107 
7107 
7107 
7107 
7109 
7109 
7110 
7110 
7111 
7113 
7113 
7113 
7114 
7114 
7114 
7114 
7115 
7115 
7116 
7117 
7118 
7119 
7119 
7119 
7120 
7120 
7120 
7121 
7121 
7122 
7122 
7123 
7123 
7123 
7123 
7123 
7124 
7125 
7126 
7126 
7126 
7128 
7129 
7129 
7129 
7130 
7130 
7130 
7130 
7131 
7131 
7132 
7132 
7134 
7136 
7136 
7137 
7138 
7138 
7139 
7140 
7140 
7140 
7141 
7141 
7142 
7143 
7143 
7143 
7144 
7145 
7146 
7146 
7147 
7147 
7148 
7148 
7149 
7149 
7149 
7149 
7150 
7151 
7151 
7152 
7152 
7154 
7156 
7157 
7158 
7159 
7160 
7161 
7162 
7164 
7165 
7166 
7166 
7168 
7168 
7168 
7170 
7171 
7171 
7172 
7172 
7173 
7173 
7173 
7173 
7173 
7174 
7175 
7175 
7178 
7180 
7180 
7180 
7181 
7181 
7181 
7182 
7182 
7183 
7183 
7184 
7185 
7185 
7186 
7188 
7189 
7190 
7190 
7190 
7191 
7191 
7193 
7194 
7194 
7195 
7196 
7198 
7199 
7201 
7203 
7203 
7203 
7204 
7204 
7204 
7205 
7205 
7206 
7206 
7207 
7207 
7208 
7210 
7211 
7213 
7214 
7215 
7216 
7217 
7218 
7218 
7219 
7221 
7222 
7222 
7223 
7223 
7225 
7226 
7227 
7228 
7228 
7228 
7229 
7229 
7229 
7230 
7232 
7232 
7233 
7233 
7235 
7235 
7236 
7236 
7237 
7237 
7238 
7239 
7240 
7241 
7241 
7241 
7242 
7242 
7246 
7246 
7247 
7248 
7248 
7248 
7250 
7250 
7250 
7251 
7251 
7251 
7252 
7253 
7253 
7255 
7255 
7255 
7256 
7256 
7257 
7257 
7258 
7258 
7258 
7259 
7261 
7262 
7262 
7262 
7262 
7263 
7263 
7264 
7264 
7265 
7266 
7267 
7267 
7268 
7269 
7269 
7270 
7270 
7271 
7271 
7271 
7272 
7272 
7272 
7274 
7274 
7274 
7274 
7275 
7275 
7276 
7276 
7276 
7276 
7277 
7277 
7278 
7278 
7278 
7279 
7279 
7280 
7280 
7282 
7282 
7283 
7284 
7284 
7287 
7287 
7287 
7288 
7289 
7290 
7292 
7293 
7294 
7294 
7298 
7298 
7299 
7299 
7299 
7299 
7300 
7301 
7302 
7302 
7303 
7304 
7305 
7305 
7306 
7306 
7308 
7309 
7309 
7310 
7310 
7310 
7311 
7311 
7312 
7312 
7313 
7314 
7314 
7314 
7314 
7316 
7316 
7317 
7318 
7319 
7319 
7320 
7321 
7321 
7323 
7324 
7325 
7326 
7327 
7327 
7328 
7328 
7329 
7330 
7330 
7331 
7331 
7332 
7332 
7332 
7332 
7333 
7334 
7334 
7335 
7338 
7339 
7340 
7341 
7341 
7341 
7341 
7342 
7343 
7343 
7343 
7344 
7345 
7345 
7346 
7347 
7348 
7349 
7350 
7353 
7354 
7354 
7354 
7356 
7356 
7356 
7357 
7357 
7357 
7358 
7358 
7358 
7360 
7360 
7361 
7361 
7361 
7362 
7362 
7362 
7364 
7365 
7366 
7367 
7367 
7367 
7367 
7367 
7368 
7368 
7368 
7368 
7369 
7370 
7370 
7371 
7373 
7374 
7374 
7375 
7376 
7377 
7378 
7378 
7379 
7379 
7380 
7381 
7384 
7384 
7387 
7388 
7389 
7389 
7389 
7391 
7394 
7395 
7395 
7395 
7396 
7397 
7397 
7399 
7400 
7400 
7400 
7400 
7401 
7401 
7401 
7402 
7403 
7403 
7404 
7404 
7404 
7404 
7405 
7407 
7407 
7408 
7408 
7409 
7410 
7411 
7413 
7413 
7413 
7414 
7414 
7415 
7416 
7416 
7416 
7417 
7418 
7419 
7419 
7419 
7420 
7420 
7422 
7422 
7422 
7422 
7425 
7426 
7426 
7427 
7428 
7428 
7430 
7432 
7432 
7432 
7434 
7434 
7434 
7434 
7436 
7436 
7438 
7438 
7438 
7438 
7439 
7439 
7439 
7439 
7441 
7441 
7442 
7442 
7442 
7442 
7442 
7443 
7444 
7445 
7446 
7448 
7448 
7449 
7452 
7452 
7452 
7453 
7453 
7453 
7454 
7454 
7455 
7455 
7457 
7457 
7459 
7459 
7460 
7460 
7461 
7463 
7463 
7463 
7463 
7464 
7464 
7467 
7467 
7468 
7468 
7469 
7472 
7472 
7472 
7474 
7475 
7476 
7476 
7476 
7478 
7480 
7480 
7481 
7481 
7482 
7482 
7482 
7483 
7484 
7484 
7485 
7487 
7488 
7488 
7488 
7489 
7489 
7490 
7490 
7491 
7491 
7492 
7493 
7493 
7495 
7495 
7495 
7495 
7496 
7496 
7496 
7498 
7499 
7500 
7502 
7503 
7503 
7503 
7504 
7504 
7506 
7507 
7507 
7508 
7509 
7510 
7510 
7510 
7513 
7513 
7514 
7514 
7514 
7515 
7515 
7516 
7516 
7517 
7518 
7518 
7519 
7519 
7520 
7520 
7521 
7521 
7522 
7524 
7525 
7525 
7525 
7525 
7525 
7526 
7527 
7527 
7527 
7528 
7528 
7528 
7528 
7529 
7529 
7529 
7530 
7530 
7531 
7531 
7532 
7532 
7532 
7533 
7534 
7534 
7534 
7535 
7535 
7536 
7537 
7537 
7537 
7537 
7538 
7538 
7539 
7539 
7540 
7540 
7541 
7542 
7542 
7542 
7542 
7544 
7544 
7544 
7545 
7545 
7546 
7547 
7547 
7547 
7548 
7551 
7553 
7554 
7555 
7557 
7558 
7559 
7559 
7559 
7559 
7560 
7561 
7562 
7563 
7563 
7565 
7565 
7565 
7566 
7567 
7567 
7568 
7571 
7572 
7572 
7573 
7574 
7575 
7575 
7576 
7577 
7577 
7577 
7579 
7579 
7580 
7581 
7582 
7582 
7582 
7583 
7583 
7583 
7583 
7584 
7585 
7585 
7585 
7587 
7587 
7587 
7588 
7588 
7588 
7588 
7589 
7589 
7589 
7590 
7591 
7591 
7591 
7591 
7592 
7593 
7594 
7595 
7596 
7596 
7597 
7598 
7598 
7599 
7600 
7600 
7600 
7601 
7602 
7602 
7602 
7603 
7603 
7605 
7605 
7606 
7607 
7608 
7608 
7608 
7609 
7609 
7609 
7610 
7610 
7611 
7611 
7611 
7612 
7613 
7613 
7613 
7614 
7614 
7614 
7614 
7614 
7615 
7615 
7616 
7617 
7619 
7620 
7624 
7624 
7624 
7625 
7625 
7626 
7627 
7627 
7627 
7627 
7628 
7628 
7630 
7630 
7630 
7630 
7631 
7632 
7632 
7633 
7633 
7635 
7636 
7637 
7639 
7640 
7640 
7640 
7642 
7642 
7644 
7644 
7645 
7647 
7647 
7647 
7648 
7648 
7649 
7649 
7650 
7651 
7654 
7656 
7656 
7657 
7657 
7658 
7658 
7658 
7660 
7661 
7661 
7661 
7661 
7661 
7661 
7662 
7662 
7663 
7663 
7663 
7664 
7664 
7664 
7665 
7666 
7667 
7667 
7667 
7668 
7669 
7669 
7671 
7673 
7674 
7674 
7674 
7675 
7675 
7675 
7677 
7677 
7677 
7678 
7679 
7680 
7681 
7681 
7681 
7682 
7682 
7683 
7684 
7686 
7686 
7687 
7688 
7688 
7689 
7689 
7690 
7690 
7690 
7690 
7690 
7691 
7691 
7692 
7692 
7692 
7693 
7693 
7693 
7696 
7696 
7697 
7698 
7698 
7698 
7699 
7699 
7699 
7700 
7701 
7701 
7701 
7702 
7703 
7704 
7705 
7705 
7705 
7706 
7706 
7707 
7707 
7708 
7708 
7709 
7710 
7711 
7711 
7711 
7711 
7711 
7712 
7712 
7714 
7714 
7714 
7714 
7715 
7716 
7716 
7717 
7718 
7719 
7722 
7723 
7723 
7723 
7724 
7725 
7725 
7725 
7727 
7727 
7729 
7729 
7729 
7729 
7731 
7731 
7731 
7733 
7733 
7733 
7734 
7734 
7735 
7736 
7736 
7736 
7737 
7737 
7738 
7738 
7740 
7740 
7741 
7745 
7746 
7746 
7747 
7748 
7748 
7749 
7749 
7750 
7750 
7750 
7751 
7752 
7752 
7753 
7755 
7756 
7756 
7757 
7757 
7758 
7758 
7759 
7761 
7762 
7762 
7764 
7764 
7764 
7765 
7768 
7770 
7770 
7771 
7771 
7771 
7771 
7772 
7772 
7774 
7774 
7775 
7775 
7776 
7777 
7778 
7778 
7779 
7780 
7781 
7782 
7782 
7783 
7786 
7786 
7787 
7787 
7788 
7788 
7788 
7789 
7789 
7790 
7792 
7792 
7792 
7793 
7794 
7794 
7795 
7795 
7795 
7796 
7796 
7796 
7797 
7799 
7799 
7800 
7800 
7800 
7800 
7801 
7801 
7802 
7802 
7804 
7805 
7806 
7806 
7806 
7807 
7808 
7809 
7809 
7809 
7809 
7810 
7811 
7811 
7812 
7813 
7814 
7814 
7814 
7815 
7815 
7816 
7817 
7819 
7819 
7821 
7821 
7821 
7821 
7821 
7822 
7822 
7823 
7823 
7824 
7825 
7826 
7827 
7828 
7831 
7832 
7832 
7832 
7833 
7833 
7834 
7834 
7835 
7835 
7837 
7839 
7840 
7840 
7841 
7841 
7841 
7841 
7843 
7844 
7845 
7846 
7846 
7846 
7847 
7848 
7848 
7850 
7850 
7851 
7851 
7852 
7853 
7854 
7857 
7857 
7857 
7858 
7858 
7858 
7858 
7858 
7859 
7859 
7860 
7861 
7861 
7862 
7864 
7865 
7866 
7866 
7866 
7867 
7867 
7867 
7870 
7871 
7871 
7871 
7873 
7873 
7874 
7875 
7875 
7876 
7877 
7877 
7877 
7879 
7880 
7880 
7881 
7881 
7881 
7882 
7882 
7883 
7884 
7885 
7886 
7888 
7888 
7888 
7890 
7890 
7890 
7891 
7892 
7892 
7893 
7894 
7894 
7894 
7894 
7895 
7896 
7896 
7896 
7896 
7897 
7897 
7898 
7898 
7901 
7901 
7901 
7902 
7902 
7902 
7903 
7904 
7904 
7904 
7907 
7908 
7909 
7909 
7909 
7911 
7911 
7913 
7913 
7914 
7915 
7915 
7915 
7916 
7918 
7918 
7918 
7919 
7921 
7922 
7922 
7924 
7924 
7925 
7925 
7927 
7927 
7929 
7929 
7931 
7931 
7931 
7933 
7933 
7935 
7935 
7939 
7941 
7942 
7942 
7942 
7942 
7943 
7943 
7944 
7944 
7947 
7947 
7947 
7947 
7948 
7948 
7949 
7949 
7949 
7950 
7950 
7951 
7952 
7952 
7954 
7954 
7955 
7955 
7955 
7956 
7956 
7957 
7957 
7957 
7958 
7958 
7958 
7959 
7959 
7960 
7960 
7962 
7964 
7964 
7966 
7966 
7966 
7966 
7966 
7966 
7967 
7967 
7968 
7968 
7969 
7969 
7972 
7972 
7973 
7975 
7975 
7976 
7976 
7976 
7977 
7979 
7979 
7979 
7979 
7979 
7979 
7979 
7981 
7982 
7982 
7983 
7984 
7985 
7986 
7988 
7988 
7989 
7991 
7991 
7993 
7993 
7993 
7994 
7994 
7995 
7997 
7998 
7998 
7998 
7998 
8001 
8004 
8004 
8007 
8007 
8007 
8007 
8008 
8008 
8009 
8009 
8009 
8009 
8010 
8011 
8012 
8013 
8013 
8013 
8013 
8014 
8014 
8015 
8015 
8015 
8017 
8020 
8021 
8021 
8021 
8022 
8022 
8022 
8023 
8024 
8024 
8027 
8028 
8028 
8029 
8030 
8031 
8033 
8033 
8035 
8035 
8035 
8036 
8036 
8036 
8037 
8037 
8038 
8039 
8040 
8041 
8041 
8041 
8042 
8042 
8043 
8043 
8043 
8044 
8044 
8044 
8046 
8046 
8046 
8046 
8047 
8047 
8048 
8048 
8049 
8049 
8050 
8052 
8053 
8053 
8053 
8054 
8054 
8055 
8056 
8057 
8058 
8058 
8058 
8058 
8059 
8059 
8060 
8060 
8061 
8063 
8063 
8064 
8065 
8066 
8067 
8070 
8071 
8071 
8072 
8072 
8072 
8073 
8074 
8076 
8077 
8077 
8077 
8077 
8078 
8078 
8079 
8079 
8080 
8080 
8081 
8082 
8083 
8083 
8084 
8085 
8086 
8086 
8087 
8087 
8088 
8088 
8088 
8088 
8089 
8089 
8092 
8094 
8094 
8094 
8094 
8096 
8097 
8098 
8099 
8099 
8101 
8101 
8102 
8102 
8103 
8104 
8106 
8106 
8106 
8107 
8108 
8109 
8110 
8110 
8112 
8112 
8113 
8115 
8115 
8116 
8117 
8117 
8117 
8118 
8119 
8121 
8122 
8122 
8122 
8124 
8124 
8126 
8126 
8126 
8127 
8128 
8128 
8129 
8129 
8132 
8133 
8133 
8134 
8134 
8134 
8134 
8135 
8135 
8135 
8136 
8137 
8142 
8142 
8143 
8144 
8144 
8145 
8146 
8146 
8146 
8147 
8147 
8147 
8148 
8149 
8149 
8150 
8150 
8151 
8151 
8152 
8152 
8154 
8154 
8155 
8155 
8156 
8156 
8156 
8156 
8157 
8157 
8158 
8160 
8160 
8161 
8161 
8161 
8161 
8161 
8162 
8163 
8165 
8165 
8165 
8165 
8167 
8167 
8168 
8168 
8168 
8169 
8169 
8169 
8171 
8171 
8172 
8172 
8172 
8173 
8173 
8174 
8174 
8174 
8174 
8175 
8176 
8177 
8180 
8181 
8183 
8183 
8184 
8185 
8185 
8186 
8186 
8186 
8186 
8186 
8187 
8187 
8188 
8189 
8189 
8189 
8189 
8191 
8192 
8195 
8195 
8196 
8197 
8198 
8198 
8198 
8199 
8199 
8199 
8203 
8203 
8205 
8206 
8207 
8207 
8208 
8208 
8208 
8208 
8209 
8212 
8213 
8213 
8213 
8214 
8215 
8215 
8215 
8215 
8216 
8217 
8217 
8217 
8217 
8218 
8221 
8221 
8222 
8224 
8224 
8225 
8226 
8227 
8228 
8228 
8229 
8229 
8232 
8232 
8232 
8234 
8234 
8235 
8235 
8235 
8237 
8238 
8240 
8242 
8242 
8243 
8243 
8243 
8245 
8246 
8247 
8247 
8247 
8247 
8248 
8248 
8249 
8249 
8249 
8250 
8250 
8250 
8250 
8251 
8251 
8251 
8252 
8253 
8253 
8254 
8255 
8255 
8257 
8257 
8258 
8259 
8259 
8259 
8261 
8264 
8264 
8266 
8266 
8267 
8269 
8270 
8270 
8270 
8271 
8271 
8271 
8272 
8272 
8273 
8274 
8275 
8275 
8275 
8275 
8277 
8280 
8281 
8282 
8282 
8283 
8284 
8284 
8285 
8285 
8286 
8286 
8287 
8287 
8288 
8288 
8289 
8290 
8290 
8291 
8292 
8292 
8293 
8293 
8294 
8294 
8295 
8295 
8295 
8295 
8296 
8297 
8297 
8297 
8297 
8297 
8298 
8298 
8298 
8298 
8298 
8299 
8300 
8302 
8303 
8303 
8305 
8305 
8306 
8306 
8306 
8307 
8309 
8310 
8310 
8310 
8311 
8312 
8312 
8312 
8313 
8314 
8314 
8314 
8315 
8315 
8316 
8316 
8317 
8318 
8319 
8320 
8321 
8321 
8322 
8323 
8323 
8324 
8324 
8325 
8326 
8326 
8327 
8327 
8327 
8327 
8330 
8330 
8331 
8332 
8333 
8334 
8334 
8335 
8335 
8335 
8336 
8336 
8338 
8338 
8340 
8340 
8341 
8344 
8344 
8344 
8345 
8346 
8347 
8347 
8347 
8348 
8348 
8349 
8349 
8349 
8350 
8350 
8350 
8350 
8351 
8351 
8351 
8352 
8352 
8353 
8354 
8355 
8356 
8357 
8357 
8358 
8359 
8359 
8359 
8360 
8361 
8361 
8362 
8363 
8363 
8365 
8365 
8365 
8365 
8366 
8366 
8366 
8367 
8367 
8367 
8367 
8368 
8368 
8369 
8369 
8370 
8370 
8371 
8372 
8372 
8372 
8373 
8375 
8375 
8376 
8376 
8377 
8378 
8379 
8379 
8379 
8379 
8380 
8381 
8382 
8382 
8383 
8383 
8383 
8383 
8384 
8384 
8384 
8384 
8385 
8385 
8385 
8385 
8386 
8388 
8389 
8390 
8391 
8391 
8391 
8392 
8392 
8392 
8392 
8393 
8393 
8393 
8394 
8394 
8394 
8394 
8396 
8396 
8398 
8398 
8398 
8398 
8400 
8400 
8401 
8401 
8402 
8403 
8404 
8405 
8405 
8405 
8406 
8408 
8409 
8410 
8411 
8413 
8413 
8417 
8417 
8418 
8418 
8419 
8419 
8420 
8420 
8420 
8421 
8421 
8421 
8423 
8423 
8426 
8426 
8426 
8427 
8428 
8428 
8428 
8429 
8430 
8430 
8430 
8430 
8432 
8434 
8434 
8434 
8435 
8435 
8437 
8438 
8438 
8439 
8439 
8441 
8443 
8443 
8443 
8444 
8444 
8444 
8445 
8445 
8445 
8445 
8445 
8445 
8446 
8446 
8447 
8447 
8448 
8448 
8449 
8449 
8450 
8451 
8451 
8451 
8454 
8454 
8454 
8455 
8457 
8458 
8458 
8458 
8459 
8460 
8460 
8460 
8461 
8461 
8461 
8462 
8462 
8463 
8463 
8463 
8464 
8465 
8465 
8465 
8465 
8467 
8467 
8467 
8468 
8468 
8468 
8468 
8469 
8470 
8470 
8471 
8472 
8473 
8473 
8475 
8476 
8476 
8477 
8478 
8478 
8478 
8479 
8480 
8480 
8480 
8482 
8482 
8483 
8483 
8483 
8484 
8485 
8485 
8486 
8486 
8486 
8487 
8487 
8488 
8488 
8488 
8489 
8490 
8490 
8491 
8491 
8492 
8496 
8497 
8498 
8498 
8499 
8499 
8502 
8502 
8503 
8503 
8503 
8504 
8506 
8506 
8506 
8506 
8508 
8508 
8509 
8509 
8509 
8510 
8511 
8511 
8513 
8516 
8516 
8517 
8517 
8517 
8519 
8519 
8519 
8520 
8521 
8521 
8522 
8522 
8523 
8524 
8524 
8527 
8527 
8528 
8528 
8529 
8529 
8530 
8532 
8532 
8532 
8532 
8535 
8535 
8536 
8537 
8537 
8537 
8538 
8538 
8539 
8539 
8539 
8539 
8541 
8541 
8541 
8541 
8542 
8543 
8546 
8546 
8548 
8548 
8549 
8549 
8549 
8550 
8550 
8551 
8552 
8553 
8554 
8554 
8555 
8556 
8556 
8557 
8557 
8558 
8559 
8559 
8559 
8560 
8560 
8561 
8561 
8561 
8561 
8562 
8562 
8563 
8563 
8564 
8564 
8567 
8567 
8567 
8568 
8569 
8569 
8569 
8570 
8570 
8572 
8572 
8573 
8573 
8573 
8574 
8575 
8577 
8577 
8580 
8581 
8581 
8581 
8583 
8585 
8586 
8586 
8586 
8587 
8587 
8587 
8589 
8589 
8590 
8590 
8590 
8591 
8591 
8592 
8593 
8593 
8595 
8596 
8597 
8598 
8598 
8599 
8599 
8599 
8600 
8600 
8600 
8601 
8602 
8602 
8603 
8603 
8603 
8605 
8606 
8606 
8607 
8607 
8607 
8608 
8610 
8611 
8611 
8611 
8612 
8613 
8613 
8615 
8616 
8616 
8616 
8617 
8617 
8618 
8619 
8619 
8623 
8624 
8625 
8625 
8626 
8627 
8627 
8627 
8627 
8628 
8628 
8628 
8628 
8628 
8629 
8631 
8632 
8632 
8632 
8633 
8634 
8635 
8635 
8637 
8638 
8638 
8640 
8642 
8642 
8642 
8643 
8643 
8643 
8644 
8645 
8647 
8647 
8647 
8648 
8649 
8650 
8651 
8652 
8653 
8653 
8654 
8654 
8655 
8655 
8655 
8656 
8657 
8657 
8657 
8658 
8658 
8658 
8659 
8660 
8660 
8661 
8661 
8661 
8661 
8662 
8662 
8662 
8662 
8663 
8663 
8663 
8664 
8665 
8666 
8666 
8667 
8667 
8668 
8668 
8669 
8672 
8673 
8673 
8673 
8674 
8674 
8674 
8676 
8676 
8681 
8681 
8681 
8682 
8682 
8683 
8683 
8685 
8685 
8686 
8687 
8689 
8689 
8689 
8690 
8690 
8691 
8692 
8694 
8695 
8696 
8696 
8697 
8697 
8698 
8699 
8699 
8701 
8702 
8703 
8705 
8705 
8705 
8707 
8707 
8708 
8709 
8709 
8709 
8709 
8710 
8710 
8710 
8710 
8711 
8711 
8713 
8714 
8716 
8716 
8717 
8718 
8720 
8720 
8721 
8722 
8723 
8723 
8723 
8724 
8724 
8724 
8725 
8725 
8726 
8726 
8726 
8727 
8727 
8727 
8728 
8728 
8728 
8729 
8730 
8731 
8731 
8731 
8732 
8732 
8732 
8733 
8734 
8734 
8734 
8735 
8736 
8736 
8736 
8736 
8737 
8737 
8738 
8738 
8739 
8740 
8740 
8740 
8740 
8741 
8741 
8741 
8741 
8744 
8744 
8744 
8745 
8745 
8745 
8745 
8746 
8747 
8747 
8750 
8752 
8756 
8756 
8757 
8758 
8758 
8759 
8759 
8760 
8761 
8761 
8762 
8762 
8763 
8764 
8764 
8765 
8766 
8767 
8767 
8767 
8767 
8768 
8768 
8768 
8771 
8773 
8773 
8774 
8775 
8776 
8776 
8776 
8779 
8779 
8779 
8780 
8780 
8782 
8784 
8785 
8785 
8785 
8785 
8785 
8785 
8785 
8786 
8787 
8787 
8787 
8788 
8789 
8789 
8794 
8794 
8795 
8798 
8799 
8799 
8799 
8800 
8800 
8800 
8803 
8803 
8804 
8804 
8804 
8805 
8806 
8806 
8807 
8807 
8807 
8808 
8809 
8810 
8810 
8811 
8811 
8811 
8811 
8813 
8813 
8814 
8814 
8816 
8816 
8816 
8816 
8817 
8818 
8818 
8819 
8819 
8820 
8821 
8821 
8821 
8822 
8823 
8823 
8823 
8823 
8825 
8827 
8828 
8828 
8829 
8831 
8831 
8832 
8835 
8835 
8836 
8837 
8838 
8838 
8839 
8839 
8840 
8841 
8841 
8842 
8842 
8843 
8843 
8844 
8844 
8844 
8844 
8845 
8846 
8846 
8846 
8846 
8848 
8849 
8849 
8850 
8850 
8853 
8853 
8853 
8854 
8855 
8855 
8855 
8856 
8857 
8857 
8858 
8858 
8859 
8859 
8859 
8859 
8862 
8862 
8863 
8864 
8864 
8864 
8864 
8864 
8866 
8867 
8867 
8868 
8868 
8869 
8869 
8870 
8870 
8871 
8871 
8872 
8874 
8875 
8875 
8875 
8879 
8880 
8880 
8881 
8881 
8881 
8882 
8882 
8882 
8883 
8883 
8884 
8884 
8885 
8885 
8885 
8886 
8887 
8887 
8888 
8888 
8889 
8889 
8890 
8890 
8890 
8890 
8890 
8891 
8891 
8891 
8892 
8892 
8894 
8895 
8895 
8897 
8898 
8898 
8899 
8899 
8900 
8901 
8904 
8904 
8904 
8905 
8906 
8907 
8908 
8908 
8908 
8908 
8908 
8908 
8909 
8910 
8911 
8911 
8912 
8914 
8914 
8914 
8915 
8915 
8915 
8916 
8916 
8916 
8916 
8916 
8917 
8917 
8918 
8918 
8918 
8920 
8921 
8921 
8922 
8922 
8922 
8923 
8924 
8925 
8927 
8929 
8929 
8932 
8933 
8934 
8934 
8936 
8936 
8936 
8937 
8937 
8938 
8938 
8938 
8939 
8939 
8940 
8941 
8942 
8942 
8942 
8943 
8947 
8947 
8948 
8949 
8950 
8950 
8950 
8950 
8951 
8951 
8951 
8951 
8953 
8953 
8955 
8959 
8959 
8962 
8962 
8963 
8963 
8964 
8965 
8966 
8966 
8967 
8967 
8967 
8968 
8968 
8969 
8969 
8971 
8973 
8974 
8976 
8976 
8978 
8980 
8982 
8983 
8983 
8983 
8985 
8985 
8986 
8987 
8987 
8988 
8989 
8991 
8991 
8993 
8993 
8993 
8993 
8994 
8995 
8995 
8997 
8997 
8997 
8997 
8998 
8998 
8999 
8999 
9001 
9001 
9001 
9001 
9002 
9004 
9005 
9006 
9007 
9007 
9007 
9007 
9008 
9008 
9008 
9010 
9010 
9010 
9011 
9012 
9012 
9012 
9013 
9013 
9014 
9014 
9015 
9015 
9015 
9015 
9016 
9016 
9016 
9016 
9016 
9017 
9018 
9019 
9019 
9022 
9022 
9022 
9023 
9024 
9024 
9024 
9024 
9024 
9025 
9025 
9026 
9026 
9028 
9028 
9028 
9028 
9029 
9029 
9030 
9030 
9031 
9031 
9031 
9032 
9033 
9036 
9037 
9037 
9037 
9040 
9040 
9041 
9041 
9042 
9042 
9044 
9044 
9046 
9046 
9049 
9050 
9050 
9051 
9051 
9051 
9054 
9056 
9056 
9056 
9057 
9058 
9058 
9059 
9059 
9060 
9060 
9063 
9064 
9064 
9065 
9065 
9065 
9066 
9068 
9068 
9068 
9069 
9069 
9069 
9070 
9070 
9070 
9072 
9073 
9074 
9074 
9074 
9075 
9075 
9075 
9075 
9075 
9076 
9077 
9078 
9078 
9078 
9078 
9080 
9080 
9081 
9081 
9082 
9084 
9084 
9085 
9085 
9086 
9087 
9088 
9088 
9089 
9089 
9089 
9091 
9092 
9092 
9093 
9094 
9094 
9094 
9096 
9097 
9097 
9097 
9098 
9098 
9098 
9099 
9101 
9102 
9103 
9103 
9105 
9106 
9106 
9107 
9107 
9108 
9108 
9110 
9112 
9112 
9113 
9113 
9113 
9113 
9114 
9117 
9118 
9119 
9120 
9121 
9121 
9122 
9122 
9123 
9124 
9124 
9126 
9127 
9128 
9128 
9130 
9130 
9130 
9131 
9131 
9131 
9132 
9132 
9133 
9133 
9135 
9135 
9136 
9136 
9138 
9138 
9138 
9139 
9139 
9139 
9139 
9140 
9140 
9141 
9142 
9142 
9142 
9142 
9142 
9142 
9142 
9143 
9143 
9144 
9144 
9144 
9144 
9144 
9144 
9144 
9144 
9146 
9146 
9147 
9147 
9147 
9149 
9150 
9152 
9152 
9153 
9153 
9153 
9153 
9153 
9154 
9154 
9155 
9155 
9156 
9156 
9156 
9157 
9159 
9160 
9160 
9160 
9161 
9161 
9161 
9161 
9162 
9162 
9163 
9164 
9165 
9166 
9166 
9166 
9169 
9171 
9171 
9172 
9172 
9172 
9173 
9174 
9174 
9174 
9175 
9176 
9176 
9178 
9182 
9184 
9186 
9186 
9186 
9186 
9186 
9189 
9189 
9189 
9192 
9192 
9194 
9194 
9194 
9195 
9196 
9197 
9197 
9197 
9198 
9199 
9199 
9200 
9200 
9200 
9201 
9201 
9202 
9203 
9204 
9204 
9206 
9206 
9206 
9208 
9209 
9210 
9213 
9214 
9214 
9214 
9215 
9215 
9217 
9218 
9219 
9219 
9220 
9220 
9221 
9221 
9222 
9223 
9224 
9225 
9226 
9229 
9229 
9230 
9230 
9230 
9231 
9232 
9232 
9232 
9232 
9233 
9234 
9234 
9234 
9237 
9237 
9238 
9238 
9239 
9239 
9240 
9241 
9242 
9244 
9244 
9245 
9246 
9247 
9247 
9251 
9251 
9251 
9252 
9253 
9253 
9253 
9254 
9254 
9256 
9256 
9256 
9256 
9257 
9257 
9257 
9258 
9259 
9259 
9260 
9262 
9263 
9264 
9264 
9265 
9265 
9265 
9267 
9269 
9269 
9269 
9270 
9272 
9274 
9274 
9274 
9275 
9276 
9277 
9278 
9279 
9279 
9279 
9279 
9279 
9280 
9280 
9281 
9282 
9282 
9282 
9283 
9283 
9284 
9285 
9285 
9285 
9286 
9286 
9287 
9287 
9287 
9288 
9288 
9289 
9289 
9289 
9290 
9291 
9291 
9292 
9292 
9292 
9292 
9293 
9293 
9293 
9293 
9294 
9295 
9297 
9297 
9301 
9302 
9303 
9303 
9303 
9304 
9305 
9306 
9307 
9308 
9308 
9309 
9310 
9310 
9310 
9311 
9312 
9312 
9312 
9315 
9315 
9315 
9315 
9315 
9317 
9317 
9318 
9319 
9320 
9322 
9323 
9323 
9323 
9324 
9324 
9326 
9326 
9328 
9329 
9329 
9330 
9330 
9330 
9332 
9332 
9332 
9332 
9333 
9334 
9334 
9337 
9337 
9338 
9340 
9340 
9342 
9342 
9343 
9343 
9344 
9347 
9347 
9348 
9349 
9351 
9352 
9352 
9352 
9353 
9354 
9354 
9355 
9356 
9357 
9357 
9357 
9358 
9358 
9359 
9360 
9361 
9362 
9362 
9363 
9363 
9363 
9364 
9365 
9365 
9366 
9366 
9368 
9370 
9373 
9373 
9374 
9374 
9375 
9375 
9375 
9376 
9377 
9377 
9378 
9378 
9379 
9379 
9382 
9382 
9383 
9384 
9384 
9385 
9385 
9386 
9387 
9387 
9387 
9388 
9389 
9390 
9390 
9391 
9391 
9392 
9394 
9395 
9396 
9397 
9397 
9398 
9398 
9400 
9401 
9401 
9404 
9405 
9405 
9405 
9407 
9407 
9408 
9408 
9409 
9410 
9410 
9411 
9411 
9411 
9412 
9412 
9413 
9414 
9415 
9416 
9416 
9417 
9417 
9418 
9419 
9419 
9420 
9420 
9420 
9420 
9420 
9421 
9421 
9421 
9421 
9421 
9421 
9422 
9422 
9422 
9423 
9424 
9424 
9424 
9425 
9425 
9425 
9425 
9425 
9427 
9429 
9430 
9430 
9430 
9430 
9430 
9431 
9432 
9434 
9434 
9435 
9436 
9436 
9436 
9437 
9437 
9437 
9438 
9439 
9439 
9440 
9440 
9440 
9440 
9440 
9440 
9441 
9441 
9442 
9443 
9444 
9444 
9445 
9446 
9447 
9449 
9449 
9449 
9450 
9452 
9452 
9452 
9452 
9454 
9454 
9455 
9456 
9456 
9456 
9456 
9457 
9457 
9458 
9458 
9458 
9459 
9459 
9459 
9460 
9461 
9461 
9461 
9462 
9462 
9465 
9465 
9466 
9466 
9466 
9466 
9467 
9468 
9469 
9469 
9469 
9469 
9470 
9471 
9472 
9473 
9474 
9475 
9475 
9476 
9476 
9477 
9477 
9477 
9478 
9479 
9480 
9481 
9481 
9481 
9481 
9483 
9485 
9486 
9488 
9488 
9490 
9491 
9491 
9491 
9493 
9493 
9494 
9494 
9494 
9495 
9496 
9497 
9499 
9499 
9499 
9500 
9500 
9500 
9502 
9502 
9503 
9503 
9504 
9505 
9508 
9509 
9509 
9511 
9511 
9511 
9513 
9514 
9514 
9514 
9516 
9516 
9517 
9517 
9518 
9519 
9520 
9521 
9521 
9522 
9522 
9522 
9523 
9523 
9523 
9524 
9525 
9525 
9527 
9527 
9528 
9528 
9529 
9530 
9531 
9532 
9532 
9532 
9533 
9535 
9535 
9535 
9536 
9536 
9537 
9537 
9538 
9538 
9538 
9539 
9540 
9540 
9541 
9541 
9541 
9542 
9542 
9543 
9544 
9545 
9545 
9545 
9545 
9546 
9547 
9549 
9549 
9550 
9551 
9551 
9551 
9552 
9552 
9554 
9555 
9556 
9558 
9558 
9558 
9559 
9559 
9561 
9562 
9563 
9563 
9565 
9565 
9566 
9566 
9567 
9567 
9568 
9570 
9570 
9570 
9571 
9571 
9572 
9572 
9572 
9572 
9572 
9573 
9573 
9574 
9574 
9574 
9575 
9575 
9575 
9577 
9578 
9578 
9578 
9579 
9579 
9580 
9580 
9581 
9583 
9583 
9585 
9586 
9587 
9587 
9588 
9589 
9589 
9590 
9590 
9592 
9593 
9595 
9595 
9597 
9597 
9597 
9598 
9600 
9602 
9603 
9604 
9604 
9605 
9605 
9605 
9605 
9605 
9606 
9608 
9609 
9610 
9611 
9611 
9611 
9611 
9613 
9613 
9613 
9613 
9615 
9615 
9616 
9616 
9616 
9617 
9618 
9619 
9619 
9619 
9621 
9622 
9622 
9623 
9623 
9623 
9624 
9624 
9626 
9626 
9626 
9629 
9629 
9632 
9633 
9633 
9634 
9634 
9634 
9634 
9635 
9635 
9636 
9637 
9637 
9637 
9638 
9638 
9638 
9638 
9640 
9640 
9640 
9641 
9641 
9644 
9644 
9646 
9646 
9646 
9647 
9647 
9647 
9648 
9650 
9651 
9653 
9654 
9656 
9656 
9659 
9659 
9660 
9660 
9661 
9661 
9662 
9663 
9663 
9663 
9666 
9666 
9667 
9667 
9668 
9668 
9670 
9670 
9671 
9671 
9671 
9672 
9672 
9673 
9673 
9673 
9674 
9674 
9675 
9676 
9677 
9677 
9678 
9678 
9679 
9679 
9679 
9680 
9680 
9680 
9681 
9681 
9681 
9682 
9682 
9683 
9684 
9684 
9685 
9685 
9687 
9687 
9689 
9690 
9691 
9691 
9691 
9692 
9692 
9693 
9693 
9693 
9694 
9695 
9695 
9696 
9696 
9697 
9698 
9699 
9699 
9699 
9699 
9699 
9700 
9701 
9702 
9702 
9704 
9704 
9705 
9705 
9708 
9710 
9710 
9711 
9712 
9712 
9712 
9714 
9715 
9715 
9717 
9718 
9718 
9720 
9720 
9720 
9720 
9720 
9720 
9721 
9722 
9722 
9723 
9723 
9724 
9724 
9727 
9728 
9728 
9729 
9729 
9729 
9731 
9731 
9731 
9731 
9732 
9732 
9735 
9738 
9739 
9739 
9740 
9741 
9741 
9742 
9742 
9742 
9743 
9743 
9744 
9746 
9746 
9746 
9746 
9747 
9747 
9748 
9749 
9750 
9751 
9751 
9751 
9751 
9752 
9755 
9755 
9757 
9757 
9758 
9760 
9760 
9760 
9761 
9763 
9766 
9766 
9766 
9767 
9767 
9767 
9767 
9768 
9769 
9770 
9771 
9771 
9772 
9773 
9774 
9774 
9775 
9775 
9777 
9777 
9777 
9778 
9778 
9778 
9779 
9779 
9779 
9780 
9780 
9783 
9784 
9785 
9786 
9786 
9786 
9787 
9787 
9787 
9787 
9788 
9788 
9788 
9789 
9789 
9790 
9790 
9790 
9791 
9791 
9792 
9792 
9792 
9792 
9792 
9793 
9794 
9794 
9796 
9797 
9798 
9799 
9799 
9799 
9799 
9799 
9800 
9801 
9806 
9806 
9808 
9808 
9808 
9809 
9809 
9809 
9811 
9811 
9811 
9811 
9812 
9812 
9812 
9813 
9813 
9813 
9813 
9815 
9815 
9815 
9816 
9817 
9818 
9818 
9818 
9819 
9819 
9820 
9820 
9821 
9821 
9822 
9823 
9823 
9823 
9824 
9825 
9826 
9827 
9827 
9828 
9829 
9830 
9831 
9832 
9832 
9833 
9835 
9835 
9835 
9835 
9836 
9836 
9838 
9838 
9838 
9838 
9839 
9840 
9840 
9841 
9842 
9842 
9842 
9843 
9844 
9845 
9845 
9845 
9846 
9847 
9849 
9849 
9850 
9850 
9851 
9851 
9852 
9852 
9853 
9854 
9854 
9855 
9855 
9856 
9858 
9861 
9863 
9863 
9864 
9864 
9865 
9865 
9866 
9867 
9867 
9868 
9868 
9869 
9869 
9869 
9870 
9871 
9871 
9872 
9873 
9873 
9874 
9874 
9874 
9874 
9874 
9875 
9875 
9875 
9876 
9877 
9878 
9878 
9878 
9878 
9879 
9879 
9879 
9881 
9881 
9885 
9885 
9885 
9885 
9886 
9886 
9887 
9888 
9888 
9889 
9889 
9890 
9890 
9890 
9890 
9891 
9891 
9892 
9893 
9894 
9895 
9896 
9896 
9898 
9898 
9899 
9899 
9899 
9899 
9900 
9901 
9902 
9902 
9902 
9903 
9903 
9905 
9906 
9907 
9908 
9908 
9908 
9909 
9909 
9910 
9910 
9911 
9912 
9912 
9914 
9914 
9914 
9915 
9915 
9915 
9915 
9916 
9918 
9918 
9918 
9919 
9919 
9919 
9920 
9920 
9920 
9922 
9922 
9923 
9924 
9924 
9924 
9924 
9925 
9926 
9927 
9927 
9928 
9928 
9929 
9930 
9932 
9932 
9933 
9934 
9935 
9936 
9936 
9937 
9937 
9937 
9937 
9937 
9938 
9938 
9938 
9938 
9940 
9941 
9942 
9942 
9942 
9943 
9943 
9944 
9945 
9946 
9947 
9947 
9948 
9948 
9948 
9949 
9949 
9950 
9952 
9952 
9952 
9953 
9953 
9953 
9954 
9955 
9955 
9955 
9957 
9957 
9958 
9959 
9960 
9961 
9961 
9962 
9963 
9964 
9964 
9967 
9968 
9968 
9968 
9969 
9969 
9971 
9971 
9975 
9976 
9977 
9977 
9979 
9980 
9980 
9980 
9981 
9981 
9983 
9984 
9985 
9985 
9986 
9987 
9988 
9988 
9988 
9988 
9988 
9991 
9991 
9993 
9993 
9993 
9994 
9994 
9995 
9995 
9995 
9997 
9997 
9998 
9999 
9999 
