5000
1 
2 
5 
5 
5 
8 
10 
28 
30 
31 
39 
46 
48 
50 
50 
50 
54 
55 
56 
56 
57 
58 
61 
63 
67 
68 
72 
82 
84 
97 
102 
103 
103 
106 
112 
113 
114 
116 
119 
119 
121 
124 
124 
124 
124 
126 
132 
134 
134 
134 
137 
140 
141 
143 
144 
144 
144 
144 
144 
145 
146 
146 
149 
153 
154 
155 
156 
158 
161 
163 
167 
171 
173 
174 
180 
183 
192 
195 
195 
200 
202 
202 
205 
211 
213 
219 
219 
221 
221 
228 
229 
229 
230 
232 
232 
233 
235 
235 
236 
239 
241 
242 
245 
245 
245 
247 
248 
248 
249 
251 
257 
258 
262 
262 
268 
270 
272 
281 
282 
283 
283 
285 
285 
286 
288 
288 
289 
292 
298 
299 
300 
301 
301 
303 
305 
306 
308 
309 
310 
317 
322 
324 
329 
330 
332 
333 
336 
336 
337 
337 
339 
341 
341 
341 
344 
345 
348 
348 
350 
350 
353 
353 
354 
358 
359 
359 
362 
372 
379 
391 
395 
397 
398 
399 
399 
402 
403 
404 
406 
408 
410 
413 
415 
417 
417 
418 
419 
422 
426 
429 
430 
431 
431 
434 
442 
444 
446 
451 
452 
453 
454 
456 
462 
463 
464 
471 
471 
472 
473 
473 
473 
475 
475 
475 
477 
482 
483 
484 
484 
485 
485 
485 
486 
489 
491 
491 
494 
497 
498 
501 
501 
501 
504 
506 
514 
518 
520 
523 
524 
526 
527 
527 
528 
529 
530 
534 
535 
538 
540 
543 
546 
550 
553 
553 
553 
557 
559 
563 
563 
564 
566 
567 
570 
573 
574 
576 
577 
578 
579 
580 
580 
581 
581 
583 
585 
585 
588 
590 
590 
590 
591 
591 
593 
595 
595 
598 
605 
606 
610 
610 
611 
613 
614 
614 
615 
615 
621 
625 
630 
630 
634 
636 
636 
639 
641 
642 
643 
651 
652 
655 
662 
664 
668 
670 
673 
673 
674 
682 
683 
684 
684 
687 
689 
691 
691 
692 
695 
695 
698 
699 
700 
702 
711 
711 
714 
715 
715 
716 
723 
725 
728 
731 
731 
734 
735 
736 
737 
743 
747 
751 
752 
753 
756 
756 
756 
757 
757 
760 
761 
761 
762 
764 
766 
768 
771 
772 
773 
773 
779 
782 
789 
793 
798 
799 
804 
807 
813 
816 
821 
821 
824 
828 
830 
831 
831 
834 
835 
837 
839 
843 
843 
847 
848 
849 
851 
854 
855 
860 
862 
863 
864 
874 
876 
878 
879 
882 
884 
886 
887 
887 
888 
889 
892 
892 
897 
898 
899 
905 
909 
911 
912 
913 
915 
917 
923 
924 
925 
929 
929 
935 
937 
937 
939 
939 
941 
949 
949 
951 
953 
954 
955 
956 
956 
957 
958 
958 
961 
961 
962 
963 
963 
969 
970 
974 
976 
976 
980 
983 
984 
986 
987 
989 
992 
992 
994 
995 
997 
999 
1000 
1002 
1002 
1004 
1007 
1010 
1010 
1016 
1016 
1021 
1022 
1022 
1022 
1022 
1024 
1028 
1028 
1029 
1029 
1032 
1032 
1033 
1034 
1036 
1041 
1042 
1044 
1048 
1052 
1055 
1055 
1056 
1056 
1057 
1058 
1058 
1060 
1061 
1061 
1065 
1068 
1070 
1070 
1071 
1075 
1076 
1078 
1078 
1078 
1080 
1081 
1085 
1085 
1091 
1094 
1095 
1103 
1106 
1110 
1111 
1111 
1113 
1115 
1115 
1120 
1120 
1124 
1125 
1132 
1133 
1133 
1137 
1140 
1141 
1145 
1146 
1152 
1157 
1157 
1158 
1159 
1162 
1163 
1168 
1170 
1173 
1176 
1180 
1181 
1183 
1183 
1183 
1188 
1189 
1190 
1192 
1193 
1194 
1194 
1195 
1197 
1200 
1200 
1201 
1201 
1204 
1205 
1206 
1206 
1210 
1211 
1216 
1219 
1219 
1220 
1223 
1223 
1225 
1226 
1227 
1230 
1234 
1234 
1234 
1234 
1234 
1236 
1240 
1240 
1241 
1242 
1242 
1244 
1246 
1247 
1247 
1250 
1254 
1255 
1255 
1255 
1258 
1261 
1262 
1262 
1265 
1267 
1267 
1269 
1269 
1270 
1271 
1272 
1273 
1273 
1273 
1284 
1288 
1289 
1293 
1294 
1294 
1296 
1298 
1298 
1298 
1299 
1299 
1303 
1305 
1310 
1310 
1317 
1319 
1324 
1326 
1328 
1330 
1336 
1337 
1338 
1339 
1342 
1348 
1349 
1349 
1356 
1357 
1358 
1358 
1366 
1369 
1370 
1371 
1375 
1375 
1377 
1378 
1380 
1386 
1387 
1390 
1390 
1399 
1402 
1406 
1407 
1410 
1414 
1414 
1416 
1417 
1421 
1422 
1427 
1429 
1432 
1435 
1439 
1439 
1439 
1441 
1443 
1448 
1450 
1450 
1450 
1452 
1454 
1457 
1467 
1467 
1469 
1469 
1475 
1476 
1476 
1477 
1477 
1480 
1480 
1485 
1488 
1491 
1494 
1495 
1497 
1498 
1499 
1500 
1500 
1505 
1506 
1508 
1510 
1511 
1512 
1514 
1519 
1519 
1520 
1522 
1523 
1526 
1527 
1527 
1533 
1533 
1533 
1534 
1535 
1537 
1538 
1538 
1541 
1552 
1554 
1560 
1561 
1562 
1562 
1567 
1569 
1572 
1576 
1576 
1577 
1580 
1585 
1585 
1587 
1592 
1595 
1596 
1596 
1598 
1601 
1602 
1602 
1602 
1607 
1609 
1611 
1612 
1613 
1614 
1617 
1618 
1620 
1620 
1621 
1622 
1624 
1625 
1625 
1625 
1626 
1626 
1630 
1632 
1639 
1640 
1644 
1644 
1645 
1646 
1646 
1647 
1650 
1653 
1653 
1654 
1656 
1659 
1659 
1661 
1663 
1664 
1665 
1668 
1668 
1671 
1673 
1674 
1674 
1679 
1681 
1685 
1687 
1688 
1690 
1690 
1690 
1692 
1693 
1694 
1695 
1695 
1696 
1700 
1709 
1715 
1720 
1721 
1722 
1722 
1736 
1736 
1740 
1740 
1741 
1743 
1746 
1746 
1751 
1754 
1755 
1759 
1759 
1761 
1763 
1764 
1768 
1770 
1771 
1773 
1775 
1776 
1777 
1782 
1783 
1783 
1784 
1786 
1792 
1793 
1796 
1797 
1798 
1803 
1809 
1813 
1818 
1820 
1822 
1829 
1833 
1839 
1842 
1855 
1855 
1855 
1855 
1856 
1858 
1861 
1862 
1864 
1865 
1867 
1867 
1869 
1870 
1873 
1877 
1880 
1880 
1885 
1886 
1886 
1888 
1892 
1892 
1893 
1895 
1896 
1898 
1900 
1902 
1904 
1904 
1908 
1911 
1915 
1916 
1917 
1919 
1919 
1919 
1926 
1928 
1931 
1932 
1935 
1938 
1939 
1944 
1945 
1946 
1948 
1949 
1950 
1952 
1955 
1958 
1960 
1962 
1962 
1962 
1963 
1964 
1965 
1968 
1970 
1971 
1972 
1972 
1973 
1974 
1974 
1975 
1983 
1983 
1984 
1986 
1989 
1989 
1991 
1997 
2001 
2004 
2005 
2006 
2007 
2011 
2014 
2022 
2024 
2024 
2027 
2027 
2028 
2029 
2032 
2033 
2034 
2034 
2036 
2039 
2040 
2041 
2045 
2047 
2049 
2050 
2051 
2052 
2053 
2053 
2055 
2055 
2058 
2058 
2059 
2060 
2060 
2064 
2064 
2065 
2066 
2067 
2068 
2068 
2069 
2071 
2073 
2073 
2075 
2079 
2079 
2080 
2082 
2083 
2083 
2091 
2092 
2093 
2094 
2097 
2097 
2097 
2097 
2099 
2100 
2100 
2103 
2109 
2111 
2112 
2114 
2116 
2119 
2124 
2126 
2126 
2127 
2128 
2130 
2131 
2132 
2133 
2134 
2137 
2138 
2138 
2141 
2143 
2144 
2147 
2147 
2147 
2150 
2151 
2153 
2154 
2154 
2160 
2161 
2162 
2165 
2165 
2166 
2168 
2170 
2171 
2172 
2178 
2178 
2179 
2185 
2187 
2190 
2192 
2192 
2193 
2193 
2193 
2198 
2198 
2199 
2201 
2201 
2202 
2203 
2203 
2204 
2205 
2207 
2209 
2210 
2212 
2212 
2213 
2215 
2218 
2219 
2220 
2222 
2223 
2224 
2226 
2229 
2230 
2235 
2235 
2237 
2240 
2245 
2250 
2253 
2259 
2260 
2264 
2264 
2264 
2265 
2265 
2267 
2269 
2271 
2276 
2281 
2282 
2288 
2295 
2296 
2299 
2299 
2305 
2309 
2310 
2311 
2314 
2318 
2322 
2327 
2329 
2331 
2334 
2334 
2336 
2336 
2336 
2339 
2339 
2339 
2345 
2346 
2348 
2348 
2351 
2351 
2356 
2357 
2359 
2359 
2361 
2362 
2365 
2366 
2368 
2369 
2372 
2372 
2376 
2377 
2377 
2380 
2382 
2383 
2390 
2391 
2391 
2392 
2394 
2402 
2405 
2409 
2409 
2413 
2416 
2417 
2421 
2421 
2426 
2429 
2433 
2435 
2438 
2438 
2444 
2449 
2451 
2451 
2451 
2451 
2452 
2462 
2462 
2464 
2464 
2470 
2474 
2480 
2484 
2488 
2489 
2491 
2491 
2497 
2500 
2504 
2505 
2506 
2510 
2511 
2511 
2515 
2518 
2526 
2533 
2537 
2538 
2539 
2544 
2545 
2546 
2546 
2546 
2548 
2550 
2551 
2555 
2559 
2560 
2561 
2565 
2566 
2568 
2575 
2575 
2576 
2577 
2579 
2584 
2586 
2586 
2587 
2589 
2589 
2594 
2597 
2599 
2604 
2604 
2607 
2608 
2612 
2612 
2621 
2621 
2625 
2627 
2629 
2631 
2631 
2633 
2633 
2633 
2634 
2638 
2639 
2640 
2640 
2642 
2642 
2643 
2644 
2646 
2647 
2650 
2651 
2652 
2653 
2655 
2657 
2659 
2660 
2661 
2664 
2664 
2668 
2671 
2674 
2674 
2674 
2677 
2677 
2679 
2681 
2681 
2684 
2684 
2689 
2691 
2692 
2693 
2693 
2696 
2699 
2699 
2701 
2701 
2704 
2704 
2706 
2709 
2711 
2712 
2712 
2714 
2715 
2715 
2717 
2718 
2719 
2722 
2723 
2725 
2726 
2728 
2728 
2731 
2736 
2737 
2740 
2742 
2743 
2744 
2745 
2748 
2748 
2751 
2752 
2756 
2757 
2758 
2758 
2759 
2759 
2762 
2771 
2775 
2776 
2776 
2776 
2777 
2780 
2782 
2782 
2783 
2784 
2786 
2787 
2792 
2793 
2797 
2797 
2798 
2800 
2803 
2804 
2807 
2814 
2816 
2820 
2822 
2822 
2823 
2833 
2838 
2838 
2841 
2841 
2844 
2846 
2851 
2851 
2853 
2857 
2857 
2858 
2862 
2863 
2873 
2874 
2874 
2881 
2882 
2883 
2885 
2885 
2887 
2887 
2888 
2889 
2890 
2890 
2891 
2898 
2901 
2905 
2905 
2908 
2911 
2915 
2916 
2921 
2924 
2924 
2925 
2927 
2930 
2931 
2932 
2935 
2937 
2938 
2941 
2942 
2942 
2943 
2946 
2946 
2946 
2951 
2951 
2956 
2961 
2963 
2964 
2964 
2969 
2970 
2975 
2979 
2981 
2984 
2985 
2986 
2990 
2991 
2993 
3000 
3001 
3003 
3003 
3004 
3006 
3009 
3011 
3012 
3015 
3016 
3018 
3019 
3019 
3020 
3026 
3027 
3027 
3028 
3028 
3031 
3032 
3033 
3033 
3034 
3037 
3038 
3040 
3041 
3042 
3043 
3044 
3044 
3045 
3045 
3046 
3048 
3048 
3049 
3050 
3052 
3054 
3054 
3055 
3057 
3061 
3062 
3065 
3066 
3067 
3068 
3071 
3071 
3073 
3078 
3078 
3082 
3083 
3086 
3088 
3088 
3092 
3094 
3096 
3098 
3099 
3101 
3103 
3106 
3110 
3113 
3119 
3120 
3130 
3133 
3133 
3135 
3139 
3144 
3145 
3147 
3154 
3154 
3160 
3163 
3164 
3165 
3166 
3168 
3169 
3172 
3172 
3173 
3174 
3175 
3176 
3176 
3179 
3181 
3183 
3183 
3184 
3186 
3186 
3190 
3192 
3192 
3194 
3197 
3199 
3200 
3204 
3205 
3205 
3209 
3214 
3216 
3217 
3219 
3220 
3222 
3223 
3225 
3227 
3230 
3231 
3231 
3231 
3235 
3239 
3241 
3242 
3247 
3252 
3254 
3259 
3262 
3266 
3267 
3267 
3268 
3270 
3276 
3279 
3281 
3284 
3285 
3286 
3287 
3288 
3288 
3291 
3296 
3297 
3300 
3306 
3311 
3311 
3313 
3316 
3317 
3320 
3322 
3323 
3326 
3327 
3327 
3327 
3329 
3335 
3337 
3338 
3339 
3340 
3341 
3345 
3346 
3347 
3347 
3348 
3349 
3351 
3352 
3352 
3354 
3358 
3358 
3362 
3362 
3365 
3369 
3373 
3374 
3374 
3375 
3375 
3376 
3378 
3384 
3385 
3388 
3392 
3395 
3396 
3397 
3398 
3399 
3400 
3405 
3411 
3411 
3411 
3413 
3414 
3414 
3420 
3421 
3422 
3426 
3426 
3426 
3428 
3429 
3432 
3433 
3435 
3436 
3437 
3440 
3446 
3448 
3451 
3453 
3454 
3455 
3455 
3463 
3465 
3468 
3468 
3471 
3473 
3477 
3478 
3478 
3484 
3487 
3488 
3491 
3491 
3492 
3494 
3494 
3496 
3500 
3503 
3503 
3504 
3508 
3510 
3515 
3516 
3517 
3524 
3525 
3525 
3527 
3528 
3528 
3528 
3530 
3532 
3534 
3536 
3537 
3538 
3538 
3539 
3541 
3541 
3542 
3545 
3546 
3547 
3550 
3553 
3555 
3556 
3561 
3564 
3565 
3565 
3566 
3567 
3570 
3572 
3579 
3581 
3582 
3587 
3588 
3591 
3592 
3592 
3595 
3595 
3596 
3596 
3600 
3606 
3610 
3610 
3610 
3611 
3611 
3617 
3621 
3624 
3626 
3627 
3630 
3630 
3633 
3634 
3638 
3639 
3640 
3643 
3647 
3647 
3652 
3655 
3657 
3659 
3661 
3662 
3664 
3666 
3669 
3671 
3672 
3674 
3678 
3682 
3683 
3686 
3686 
3689 
3693 
3695 
3695 
3703 
3710 
3711 
3713 
3713 
3714 
3715 
3715 
3717 
3722 
3724 
3725 
3728 
3732 
3737 
3737 
3738 
3741 
3743 
3743 
3748 
3748 
3749 
3752 
3752 
3755 
3755 
3756 
3756 
3756 
3758 
3758 
3763 
3763 
3764 
3764 
3766 
3767 
3767 
3770 
3770 
3772 
3774 
3776 
3781 
3781 
3781 
3782 
3782 
3783 
3783 
3783 
3785 
3787 
3787 
3789 
3792 
3792 
3795 
3795 
3801 
3803 
3804 
3805 
3806 
3807 
3808 
3809 
3811 
3811 
3815 
3816 
3817 
3819 
3820 
3820 
3820 
3823 
3824 
3828 
3831 
3833 
3836 
3836 
3840 
3847 
3849 
3849 
3849 
3851 
3854 
3855 
3855 
3856 
3860 
3864 
3864 
3867 
3867 
3870 
3873 
3878 
3881 
3886 
3889 
3898 
3901 
3904 
3905 
3910 
3914 
3917 
3919 
3920 
3921 
3924 
3924 
3926 
3927 
3928 
3930 
3931 
3933 
3935 
3935 
3936 
3938 
3940 
3941 
3942 
3943 
3947 
3950 
3953 
3954 
3954 
3961 
3961 
3965 
3965 
3967 
3968 
3971 
3982 
3982 
3984 
3986 
3987 
3992 
4001 
4003 
4004 
4005 
4008 
4008 
4009 
4011 
4013 
4015 
4017 
4018 
4023 
4023 
4027 
4029 
4032 
4036 
4036 
4037 
4037 
4037 
4038 
4043 
4047 
4052 
4053 
4053 
4055 
4061 
4062 
4063 
4063 
4068 
4068 
4073 
4074 
4075 
4077 
4078 
4081 
4081 
4084 
4086 
4086 
4086 
4088 
4088 
4088 
4096 
4100 
4101 
4103 
4105 
4105 
4106 
4113 
4116 
4121 
4122 
4123 
4127 
4127 
4128 
4131 
4131 
4131 
4132 
4132 
4133 
4134 
4135 
4135 
4135 
4136 
4138 
4142 
4145 
4150 
4152 
4156 
4156 
4158 
4160 
4161 
4162 
4162 
4163 
4164 
4164 
4168 
4168 
4172 
4175 
4175 
4176 
4179 
4180 
4181 
4184 
4185 
4187 
4188 
4189 
4197 
4199 
4202 
4203 
4205 
4209 
4212 
4212 
4215 
4221 
4223 
4223 
4225 
4226 
4231 
4235 
4237 
4238 
4238 
4238 
4240 
4253 
4254 
4257 
4257 
4258 
4259 
4261 
4269 
4273 
4273 
4274 
4276 
4276 
4279 
4285 
4286 
4289 
4290 
4290 
4291 
4291 
4292 
4299 
4300 
4301 
4302 
4302 
4307 
4307 
4313 
4314 
4314 
4315 
4317 
4319 
4323 
4335 
4335 
4337 
4337 
4340 
4344 
4344 
4346 
4349 
4349 
4350 
4351 
4352 
4357 
4359 
4359 
4360 
4361 
4361 
4364 
4364 
4364 
4366 
4367 
4368 
4368 
4369 
4369 
4370 
4374 
4376 
4379 
4379 
4381 
4383 
4384 
4385 
4387 
4387 
4390 
4393 
4396 
4399 
4399 
4401 
4404 
4406 
4406 
4407 
4410 
4410 
4412 
4412 
4413 
4414 
4414 
4417 
4417 
4419 
4419 
4420 
4422 
4425 
4426 
4426 
4426 
4426 
4428 
4430 
4432 
4434 
4434 
4435 
4437 
4437 
4440 
4440 
4442 
4442 
4446 
4447 
4449 
4450 
4451 
4453 
4455 
4456 
4457 
4459 
4461 
4462 
4464 
4464 
4465 
4466 
4467 
4468 
4472 
4473 
4476 
4478 
4478 
4482 
4482 
4482 
4486 
4488 
4489 
4492 
4494 
4501 
4502 
4503 
4504 
4507 
4508 
4511 
4511 
4512 
4514 
4515 
4519 
4522 
4528 
4529 
4531 
4531 
4533 
4539 
4540 
4542 
4546 
4547 
4549 
4550 
4554 
4555 
4556 
4556 
4557 
4559 
4564 
4565 
4567 
4569 
4573 
4574 
4576 
4579 
4579 
4584 
4585 
4587 
4587 
4587 
4589 
4590 
4590 
4591 
4595 
4597 
4598 
4599 
4602 
4604 
4605 
4610 
4613 
4615 
4615 
4618 
4618 
4625 
4625 
4626 
4626 
4627 
4628 
4629 
4631 
4631 
4634 
4636 
4643 
4646 
4647 
4648 
4648 
4649 
4650 
4650 
4650 
4652 
4655 
4657 
4658 
4659 
4660 
4661 
4664 
4664 
4669 
4669 
4672 
4675 
4675 
4676 
4677 
4679 
4682 
4682 
4683 
4692 
4695 
4697 
4697 
4703 
4705 
4709 
4709 
4712 
4714 
4715 
4718 
4718 
4722 
4722 
4723 
4725 
4727 
4730 
4743 
4744 
4746 
4747 
4749 
4750 
4751 
4751 
4753 
4753 
4755 
4757 
4763 
4766 
4766 
4766 
4769 
4769 
4770 
4770 
4771 
4775 
4778 
4779 
4781 
4782 
4782 
4782 
4783 
4784 
4785 
4786 
4787 
4788 
4789 
4791 
4791 
4791 
4793 
4797 
4797 
4798 
4801 
4804 
4804 
4805 
4806 
4806 
4807 
4810 
4811 
4814 
4815 
4817 
4818 
4820 
4823 
4825 
4825 
4828 
4829 
4831 
4833 
4835 
4838 
4839 
4847 
4849 
4852 
4852 
4853 
4853 
4856 
4859 
4863 
4863 
4866 
4870 
4871 
4872 
4873 
4873 
4875 
4878 
4880 
4881 
4887 
4891 
4892 
4894 
4894 
4900 
4901 
4904 
4904 
4908 
4909 
4913 
4914 
4914 
4918 
4919 
4920 
4920 
4925 
4926 
4927 
4931 
4935 
4939 
4941 
4945 
4946 
4951 
4953 
4955 
4956 
4960 
4961 
4968 
4968 
4970 
4971 
4972 
4976 
4977 
4977 
4985 
4988 
4990 
4992 
4993 
4995 
4995 
4998 
5004 
5004 
5004 
5007 
5009 
5010 
5014 
5014 
5017 
5017 
5020 
5022 
5023 
5023 
5027 
5034 
5036 
5038 
5041 
5042 
5042 
5047 
5052 
5053 
5055 
5055 
5055 
5057 
5058 
5059 
5061 
5061 
5061 
5064 
5065 
5067 
5068 
5075 
5080 
5084 
5084 
5085 
5088 
5088 
5093 
5094 
5094 
5095 
5101 
5102 
5103 
5106 
5108 
5109 
5110 
5110 
5111 
5114 
5117 
5122 
5124 
5125 
5125 
5127 
5128 
5133 
5134 
5135 
5138 
5139 
5140 
5142 
5143 
5151 
5153 
5164 
5165 
5165 
5165 
5167 
5167 
5174 
5178 
5179 
5181 
5181 
5185 
5187 
5193 
5193 
5193 
5194 
5194 
5195 
5196 
5199 
5202 
5206 
5208 
5208 
5212 
5214 
5214 
5214 
5217 
5222 
5229 
5229 
5230 
5244 
5245 
5249 
5250 
5256 
5257 
5258 
5260 
5261 
5262 
5265 
5266 
5267 
5270 
5274 
5275 
5279 
5281 
5282 
5286 
5291 
5293 
5299 
5302 
5309 
5310 
5313 
5313 
5314 
5318 
5320 
5322 
5324 
5328 
5328 
5329 
5329 
5329 
5332 
5334 
5336 
5338 
5341 
5346 
5347 
5349 
5349 
5350 
5350 
5352 
5356 
5357 
5357 
5358 
5358 
5360 
5362 
5362 
5364 
5365 
5372 
5372 
5377 
5379 
5381 
5383 
5385 
5387 
5388 
5388 
5388 
5389 
5389 
5390 
5391 
5392 
5394 
5397 
5397 
5399 
5401 
5401 
5402 
5408 
5409 
5411 
5411 
5412 
5412 
5412 
5412 
5413 
5415 
5416 
5418 
5427 
5429 
5429 
5431 
5431 
5432 
5433 
5434 
5435 
5436 
5437 
5438 
5439 
5440 
5440 
5442 
5442 
5442 
5449 
5451 
5451 
5453 
5454 
5456 
5456 
5456 
5457 
5459 
5459 
5465 
5465 
5466 
5468 
5469 
5477 
5478 
5478 
5484 
5486 
5489 
5492 
5492 
5493 
5493 
5494 
5495 
5495 
5496 
5496 
5498 
5499 
5499 
5501 
5503 
5505 
5505 
5507 
5508 
5513 
5518 
5525 
5525 
5525 
5527 
5529 
5532 
5533 
5537 
5539 
5546 
5547 
5548 
5551 
5553 
5556 
5558 
5559 
5559 
5560 
5561 
5563 
5567 
5572 
5574 
5575 
5576 
5577 
5579 
5579 
5583 
5583 
5584 
5585 
5585 
5587 
5589 
5589 
5590 
5590 
5590 
5591 
5591 
5592 
5594 
5596 
5596 
5600 
5600 
5600 
5601 
5604 
5606 
5606 
5607 
5610 
5615 
5616 
5616 
5618 
5619 
5620 
5621 
5623 
5625 
5628 
5634 
5635 
5641 
5641 
5645 
5648 
5654 
5656 
5657 
5662 
5665 
5665 
5668 
5669 
5669 
5678 
5678 
5681 
5681 
5683 
5683 
5685 
5686 
5692 
5695 
5701 
5709 
5710 
5710 
5710 
5710 
5711 
5719 
5722 
5726 
5726 
5730 
5732 
5733 
5735 
5735 
5737 
5742 
5744 
5744 
5746 
5748 
5750 
5750 
5758 
5762 
5764 
5764 
5766 
5766 
5770 
5771 
5771 
5772 
5780 
5780 
5783 
5787 
5791 
5794 
5798 
5800 
5803 
5803 
5804 
5806 
5806 
5807 
5808 
5808 
5811 
5816 
5817 
5817 
5818 
5818 
5819 
5821 
5822 
5822 
5822 
5822 
5823 
5824 
5824 
5826 
5827 
5828 
5828 
5830 
5832 
5833 
5837 
5838 
5838 
5839 
5840 
5843 
5844 
5846 
5846 
5847 
5849 
5850 
5850 
5851 
5853 
5854 
5855 
5856 
5857 
5857 
5857 
5857 
5861 
5865 
5868 
5875 
5883 
5884 
5885 
5886 
5889 
5890 
5895 
5896 
5897 
5899 
5899 
5904 
5910 
5910 
5917 
5919 
5919 
5922 
5923 
5923 
5924 
5925 
5928 
5929 
5930 
5932 
5934 
5941 
5942 
5948 
5948 
5950 
5952 
5953 
5958 
5960 
5961 
5961 
5963 
5966 
5966 
5968 
5974 
5977 
5981 
5981 
5982 
5986 
5987 
5987 
5988 
5989 
5992 
5994 
5994 
5994 
5995 
5996 
5999 
6001 
6004 
6005 
6008 
6009 
6017 
6019 
6021 
6024 
6025 
6026 
6026 
6029 
6032 
6032 
6033 
6033 
6039 
6040 
6043 
6044 
6049 
6058 
6061 
6061 
6063 
6073 
6074 
6077 
6087 
6087 
6090 
6091 
6095 
6096 
6097 
6097 
6099 
6102 
6103 
6105 
6106 
6106 
6107 
6109 
6113 
6113 
6116 
6116 
6118 
6123 
6124 
6125 
6126 
6130 
6131 
6131 
6132 
6133 
6134 
6136 
6137 
6138 
6139 
6139 
6140 
6143 
6146 
6151 
6151 
6151 
6155 
6161 
6164 
6164 
6166 
6170 
6172 
6173 
6175 
6177 
6178 
6178 
6180 
6183 
6184 
6185 
6186 
6186 
6189 
6191 
6192 
6192 
6193 
6195 
6199 
6199 
6199 
6200 
6202 
6203 
6205 
6205 
6206 
6207 
6209 
6210 
6212 
6215 
6218 
6219 
6219 
6222 
6222 
6222 
6227 
6228 
6229 
6236 
6243 
6243 
6244 
6245 
6249 
6252 
6253 
6253 
6254 
6257 
6257 
6260 
6268 
6271 
6277 
6280 
6280 
6285 
6286 
6286 
6288 
6289 
6292 
6292 
6295 
6299 
6300 
6301 
6303 
6308 
6310 
6313 
6314 
6318 
6322 
6322 
6325 
6329 
6329 
6331 
6332 
6332 
6335 
6335 
6338 
6339 
6343 
6343 
6344 
6353 
6354 
6359 
6360 
6361 
6365 
6365 
6368 
6373 
6375 
6375 
6380 
6380 
6383 
6384 
6385 
6389 
6390 
6391 
6391 
6400 
6402 
6408 
6412 
6413 
6415 
6416 
6418 
6421 
6424 
6426 
6427 
6430 
6431 
6435 
6435 
6436 
6439 
6440 
6442 
6442 
6444 
6445 
6446 
6451 
6451 
6452 
6456 
6456 
6459 
6461 
6463 
6464 
6464 
6464 
6465 
6467 
6469 
6472 
6473 
6477 
6478 
6479 
6485 
6488 
6494 
6496 
6496 
6498 
6499 
6499 
6499 
6500 
6507 
6511 
6512 
6513 
6517 
6517 
6518 
6522 
6524 
6525 
6526 
6528 
6531 
6535 
6536 
6538 
6541 
6542 
6542 
6543 
6545 
6548 
6549 
6551 
6552 
6556 
6560 
6560 
6561 
6563 
6564 
6565 
6567 
6570 
6571 
6571 
6571 
6573 
6573 
6574 
6574 
6576 
6583 
6586 
6587 
6587 
6589 
6589 
6591 
6592 
6592 
6597 
6603 
6610 
6611 
6617 
6620 
6622 
6626 
6626 
6627 
6632 
6636 
6636 
6639 
6640 
6640 
6641 
6643 
6645 
6648 
6651 
6652 
6657 
6658 
6665 
6666 
6667 
6669 
6675 
6675 
6676 
6677 
6678 
6680 
6682 
6689 
6693 
6694 
6694 
6695 
6696 
6697 
6698 
6698 
6699 
6699 
6701 
6702 
6706 
6708 
6709 
6709 
6710 
6713 
6716 
6717 
6720 
6721 
6721 
6723 
6723 
6727 
6733 
6742 
6742 
6743 
6744 
6744 
6745 
6747 
6747 
6747 
6748 
6748 
6751 
6753 
6756 
6757 
6761 
6762 
6762 
6763 
6767 
6768 
6771 
6774 
6777 
6777 
6784 
6785 
6786 
6789 
6791 
6791 
6792 
6792 
6792 
6793 
6793 
6797 
6802 
6802 
6802 
6805 
6806 
6812 
6814 
6816 
6818 
6819 
6821 
6821 
6824 
6825 
6826 
6828 
6828 
6828 
6832 
6832 
6833 
6836 
6841 
6843 
6844 
6845 
6846 
6846 
6847 
6848 
6848 
6853 
6854 
6854 
6855 
6856 
6859 
6860 
6860 
6861 
6862 
6862 
6863 
6863 
6864 
6865 
6866 
6872 
6872 
6873 
6874 
6876 
6878 
6880 
6882 
6884 
6888 
6888 
6888 
6890 
6893 
6898 
6900 
6901 
6902 
6904 
6906 
6906 
6909 
6909 
6910 
6910 
6913 
6913 
6913 
6917 
6919 
6921 
6922 
6927 
6931 
6935 
6938 
6941 
6941 
6941 
6947 
6953 
6956 
6957 
6958 
6959 
6960 
6962 
6963 
6966 
6967 
6969 
6975 
6976 
6979 
6981 
6989 
6993 
6993 
6994 
6995 
6997 
6998 
6999 
7001 
7002 
7003 
7006 
7006 
7007 
7008 
7009 
7011 
7015 
7016 
7017 
7017 
7020 
7021 
7022 
7024 
7027 
7033 
7033 
7034 
7036 
7039 
7041 
7041 
7041 
7042 
7046 
7047 
7047 
7047 
7047 
7049 
7052 
7054 
7058 
7061 
7064 
7064 
7068 
7068 
7069 
7073 
7076 
7080 
7082 
7083 
7083 
7084 
7089 
7090 
7090 
7093 
7094 
7095 
7096 
7096 
7099 
7104 
7106 
7106 
7106 
7109 
7112 
7112 
7113 
7114 
7116 
7117 
7123 
7124 
7126 
7127 
7128 
7128 
7131 
7131 
7135 
7138 
7139 
7139 
7142 
7142 
7145 
7146 
7147 
7150 
7151 
7155 
7157 
7157 
7158 
7159 
7159 
7162 
7165 
7174 
7175 
7175 
7178 
7180 
7181 
7182 
7183 
7185 
7186 
7186 
7186 
7187 
7187 
7187 
7189 
7189 
7193 
7193 
7195 
7196 
7199 
7200 
7201 
7203 
7206 
7212 
7218 
7218 
7219 
7226 
7227 
7228 
7231 
7232 
7236 
7236 
7238 
7238 
7241 
7243 
7243 
7245 
7249 
7251 
7251 
7256 
7264 
7264 
7269 
7276 
7279 
7280 
7283 
7286 
7286 
7291 
7291 
7292 
7295 
7296 
7296 
7296 
7297 
7299 
7299 
7300 
7301 
7302 
7304 
7306 
7309 
7310 
7312 
7315 
7318 
7319 
7322 
7324 
7329 
7330 
7330 
7331 
7334 
7335 
7336 
7336 
7337 
7339 
7339 
7343 
7343 
7345 
7346 
7351 
7353 
7353 
7357 
7357 
7358 
7359 
7359 
7360 
7360 
7361 
7364 
7371 
7371 
7374 
7377 
7379 
7391 
7391 
7393 
7398 
7399 
7400 
7401 
7402 
7402 
7403 
7404 
7406 
7411 
7412 
7412 
7416 
7420 
7421 
7422 
7423 
7423 
7425 
7426 
7427 
7431 
7433 
7434 
7436 
7440 
7445 
7445 
7446 
7447 
7447 
7448 
7452 
7461 
7463 
7465 
7466 
7469 
7469 
7473 
7475 
7476 
7476 
7478 
7481 
7482 
7484 
7486 
7486 
7490 
7491 
7494 
7494 
7496 
7497 
7501 
7503 
7503 
7503 
7504 
7507 
7508 
7512 
7515 
7516 
7521 
7523 
7524 
7524 
7524 
7526 
7527 
7528 
7528 
7529 
7530 
7531 
7532 
7532 
7534 
7537 
7539 
7539 
7540 
7543 
7544 
7548 
7554 
7564 
7569 
7570 
7571 
7573 
7575 
7578 
7584 
7589 
7590 
7591 
7596 
7598 
7599 
7599 
7600 
7601 
7607 
7608 
7616 
7616 
7620 
7621 
7622 
7625 
7627 
7627 
7631 
7634 
7636 
7638 
7639 
7640 
7640 
7643 
7644 
7644 
7645 
7645 
7646 
7651 
7655 
7657 
7658 
7661 
7665 
7668 
7668 
7669 
7671 
7671 
7673 
7675 
7676 
7677 
7680 
7681 
7685 
7692 
7692 
7693 
7694 
7694 
7695 
7698 
7698 
7700 
7702 
7705 
7707 
7710 
7714 
7714 
7714 
7715 
7722 
7727 
7733 
7734 
7735 
7735 
7739 
7739 
7739 
7741 
7750 
7752 
7755 
7756 
7761 
7762 
7766 
7767 
7771 
7771 
7774 
7775 
7777 
7777 
7778 
7778 
7785 
7785 
7792 
7793 
7801 
7804 
7804 
7808 
7809 
7809 
7810 
7811 
7812 
7812 
7813 
7814 
7814 
7816 
7816 
7819 
7825 
7831 
7833 
7836 
7837 
7838 
7839 
7842 
7849 
7849 
7850 
7853 
7853 
7857 
7858 
7860 
7860 
7862 
7866 
7867 
7868 
7871 
7874 
7874 
7875 
7879 
7879 
7887 
7890 
7892 
7893 
7894 
7896 
7896 
7905 
7909 
7915 
7918 
7918 
7924 
7925 
7927 
7928 
7929 
7929 
7930 
7934 
7939 
7939 
7939 
7940 
7942 
7946 
7952 
7952 
7952 
7952 
7952 
7956 
7956 
7961 
7963 
7968 
7970 
7971 
7973 
7976 
7978 
7979 
7981 
7983 
7984 
7986 
7990 
7991 
7994 
7995 
7996 
8000 
8001 
8003 
8003 
8015 
8018 
8020 
8021 
8023 
8024 
8024 
8025 
8025 
8027 
8032 
8033 
8034 
8035 
8040 
8040 
8040 
8041 
8043 
8044 
8045 
8050 
8050 
8052 
8054 
8055 
8057 
8061 
8061 
8065 
8065 
8066 
8066 
8072 
8074 
8076 
8076 
8081 
8082 
8082 
8083 
8086 
8086 
8088 
8090 
8092 
8096 
8097 
8098 
8098 
8099 
8099 
8101 
8101 
8103 
8104 
8105 
8105 
8106 
8112 
8116 
8118 
8118 
8121 
8123 
8125 
8127 
8128 
8130 
8133 
8138 
8138 
8140 
8141 
8141 
8142 
8144 
8158 
8158 
8162 
8162 
8172 
8175 
8176 
8177 
8180 
8184 
8185 
8186 
8186 
8189 
8191 
8192 
8196 
8198 
8199 
8199 
8202 
8203 
8203 
8206 
8208 
8210 
8212 
8214 
8216 
8216 
8217 
8219 
8221 
8221 
8222 
8228 
8231 
8234 
8234 
8235 
8236 
8236 
8238 
8239 
8240 
8242 
8245 
8245 
8245 
8245 
8248 
8249 
8249 
8250 
8252 
8252 
8253 
8253 
8254 
8255 
8255 
8257 
8257 
8258 
8259 
8263 
8264 
8265 
8266 
8270 
8270 
8272 
8272 
8273 
8276 
8277 
8283 
8284 
8285 
8286 
8286 
8287 
8290 
8292 
8294 
8297 
8297 
8299 
8300 
8300 
8300 
8306 
8307 
8308 
8309 
8310 
8313 
8314 
8315 
8315 
8318 
8321 
8323 
8324 
8325 
8325 
8325 
8326 
8327 
8327 
8328 
8330 
8330 
8331 
8333 
8335 
8337 
8337 
8337 
8338 
8339 
8339 
8344 
8345 
8347 
8350 
8350 
8351 
8353 
8355 
8356 
8358 
8359 
8360 
8362 
8369 
8369 
8371 
8371 
8372 
8374 
8376 
8377 
8378 
8381 
8384 
8388 
8389 
8391 
8392 
8393 
8393 
8394 
8397 
8398 
8401 
8404 
8410 
8412 
8413 
8413 
8413 
8415 
8416 
8416 
8421 
8424 
8427 
8435 
8436 
8438 
8438 
8440 
8440 
8440 
8444 
8445 
8445 
8446 
8447 
8448 
8451 
8453 
8454 
8455 
8455 
8455 
8456 
8459 
8463 
8470 
8480 
8483 
8485 
8487 
8488 
8491 
8495 
8495 
8498 
8499 
8502 
8502 
8504 
8505 
8510 
8513 
8514 
8515 
8517 
8518 
8518 
8518 
8519 
8520 
8528 
8532 
8536 
8537 
8538 
8538 
8539 
8541 
8544 
8547 
8549 
8551 
8552 
8553 
8559 
8560 
8561 
8562 
8562 
8564 
8565 
8567 
8569 
8572 
8578 
8581 
8585 
8587 
8588 
8589 
8589 
8591 
8594 
8594 
8597 
8598 
8606 
8607 
8608 
8609 
8610 
8610 
8615 
8615 
8616 
8616 
8617 
8620 
8621 
8621 
8623 
8628 
8635 
8637 
8637 
8638 
8641 
8641 
8642 
8642 
8645 
8646 
8646 
8647 
8647 
8647 
8648 
8649 
8656 
8658 
8661 
8662 
8662 
8663 
8666 
8666 
8667 
8668 
8669 
8670 
8673 
8678 
8678 
8679 
8680 
8686 
8687 
8696 
8696 
8696 
8697 
8698 
8699 
8701 
8702 
8705 
8709 
8710 
8714 
8714 
8714 
8720 
8723 
8725 
8726 
8727 
8729 
8731 
8732 
8733 
8733 
8735 
8735 
8735 
8737 
8741 
8742 
8752 
8753 
8753 
8761 
8762 
8763 
8767 
8770 
8771 
8773 
8773 
8777 
8784 
8787 
8792 
8793 
8793 
8794 
8801 
8803 
8803 
8804 
8810 
8812 
8812 
8813 
8815 
8815 
8817 
8821 
8822 
8823 
8823 
8825 
8825 
8827 
8834 
8836 
8838 
8839 
8840 
8842 
8843 
8843 
8844 
8845 
8845 
8848 
8851 
8852 
8853 
8858 
8859 
8861 
8864 
8865 
8868 
8870 
8878 
8878 
8881 
8881 
8885 
8885 
8887 
8889 
8896 
8906 
8907 
8907 
8909 
8909 
8912 
8914 
8914 
8914 
8915 
8925 
8925 
8925 
8930 
8930 
8932 
8932 
8932 
8934 
8935 
8938 
8939 
8940 
8940 
8949 
8954 
8955 
8955 
8956 
8958 
8959 
8964 
8970 
8970 
8970 
8976 
8976 
8979 
8982 
8983 
8984 
8984 
8985 
8986 
8986 
8992 
8995 
8995 
9002 
9004 
9005 
9005 
9006 
9006 
9008 
9009 
9010 
9013 
9013 
9014 
9026 
9026 
9027 
9028 
9028 
9029 
9032 
9034 
9035 
9035 
9040 
9047 
9048 
9050 
9051 
9053 
9054 
9056 
9057 
9058 
9059 
9059 
9065 
9066 
9067 
9068 
9070 
9071 
9074 
9080 
9082 
9084 
9087 
9088 
9090 
9092 
9092 
9093 
9093 
9096 
9096 
9096 
9097 
9103 
9105 
9106 
9110 
9116 
9117 
9117 
9118 
9123 
9123 
9126 
9128 
9133 
9134 
9135 
9136 
9143 
9144 
9145 
9153 
9155 
9160 
9161 
9163 
9165 
9165 
9172 
9174 
9178 
9179 
9179 
9180 
9181 
9181 
9182 
9186 
9188 
9190 
9192 
9196 
9196 
9197 
9198 
9200 
9202 
9203 
9203 
9204 
9209 
9211 
9217 
9218 
9220 
9221 
9223 
9226 
9227 
9231 
9233 
9235 
9238 
9238 
9240 
9241 
9242 
9244 
9245 
9245 
9247 
9248 
9256 
9258 
9260 
9262 
9262 
9263 
9265 
9266 
9267 
9268 
9269 
9276 
9281 
9284 
9284 
9285 
9286 
9286 
9286 
9288 
9288 
9290 
9292 
9293 
9293 
9297 
9297 
9300 
9302 
9307 
9309 
9309 
9312 
9312 
9321 
9322 
9322 
9324 
9324 
9325 
9327 
9328 
9328 
9329 
9330 
9331 
9334 
9335 
9335 
9335 
9337 
9342 
9347 
9354 
9357 
9362 
9362 
9364 
9368 
9368 
9370 
9375 
9382 
9382 
9383 
9385 
9392 
9396 
9398 
9399 
9400 
9401 
9403 
9403 
9407 
9408 
9408 
9409 
9409 
9411 
9413 
9417 
9417 
9420 
9424 
9426 
9428 
9430 
9431 
9432 
9432 
9433 
9437 
9439 
9441 
9446 
9447 
9448 
9448 
9449 
9451 
9452 
9452 
9452 
9453 
9454 
9459 
9461 
9463 
9464 
9465 
9466 
9467 
9471 
9472 
9485 
9487 
9488 
9490 
9491 
9491 
9493 
9494 
9496 
9497 
9499 
9503 
9505 
9506 
9506 
9508 
9510 
9512 
9512 
9512 
9513 
9514 
9516 
9517 
9518 
9518 
9520 
9523 
9524 
9532 
9534 
9539 
9542 
9545 
9549 
9549 
9551 
9556 
9558 
9562 
9563 
9564 
9568 
9569 
9569 
9575 
9575 
9575 
9576 
9576 
9576 
9577 
9579 
9582 
9582 
9585 
9586 
9587 
9587 
9588 
9588 
9588 
9593 
9597 
9598 
9603 
9606 
9607 
9609 
9611 
9614 
9614 
9614 
9614 
9618 
9619 
9619 
9620 
9625 
9628 
9632 
9633 
9638 
9639 
9650 
9650 
9653 
9656 
9658 
9662 
9663 
9664 
9666 
9668 
9669 
9669 
9674 
9675 
9683 
9684 
9690 
9691 
9692 
9692 
9692 
9694 
9696 
9702 
9706 
9708 
9710 
9717 
9718 
9719 
9720 
9722 
9725 
9726 
9730 
9730 
9730 
9732 
9741 
9741 
9743 
9743 
9744 
9746 
9746 
9747 
9748 
9761 
9762 
9765 
9766 
9767 
9769 
9769 
9775 
9776 
9776 
9778 
9778 
9780 
9780 
9781 
9781 
9787 
9788 
9789 
9790 
9792 
9796 
9798 
9798 
9798 
9799 
9800 
9803 
9804 
9804 
9805 
9808 
9808 
9810 
9814 
9817 
9818 
9818 
9821 
9824 
9828 
9828 
9829 
9829 
9837 
9839 
9840 
9842 
9842 
9843 
9843 
9845 
9850 
9850 
9851 
9852 
9857 
9859 
9861 
9871 
9873 
9875 
9879 
9882 
9886 
9886 
9888 
9889 
9893 
9895 
9899 
9905 
9906 
9910 
9912 
9912 
9913 
9914 
9921 
9925 
9927 
9931 
9932 
9932 
9934 
9939 
9945 
9948 
9955 
9959 
9966 
9967 
9967 
9971 
9972 
9975 
9976 
9979 
9980 
9981 
9981 
9983 
9985 
9985 
9987 
9987 
9988 
9989 
9990 
9992 
9993 
9995 
9999 
