10000
9999 
9999 
9999 
9998 
9997 
9996 
9996 
9996 
9995 
9995 
9994 
9991 
9988 
9988 
9987 
9986 
9983 
9981 
9979 
9978 
9977 
9976 
9975 
9974 
9974 
9973 
9972 
9971 
9970 
9970 
9969 
9966 
9964 
9960 
9960 
9959 
9959 
9958 
9958 
9958 
9957 
9957 
9956 
9955 
9955 
9955 
9954 
9953 
9952 
9952 
9951 
9950 
9949 
9945 
9945 
9943 
9942 
9940 
9939 
9937 
9937 
9936 
9935 
9935 
9934 
9934 
9933 
9933 
9931 
9931 
9930 
9929 
9928 
9927 
9926 
9926 
9924 
9924 
9923 
9922 
9917 
9916 
9915 
9915 
9913 
9908 
9908 
9906 
9906 
9906 
9903 
9901 
9900 
9900 
9900 
9897 
9896 
9894 
9893 
9891 
9890 
9889 
9888 
9888 
9888 
9888 
9888 
9887 
9886 
9882 
9882 
9881 
9880 
9880 
9880 
9878 
9875 
9875 
9874 
9874 
9873 
9872 
9871 
9869 
9868 
9868 
9867 
9865 
9863 
9860 
9860 
9858 
9858 
9858 
9857 
9857 
9854 
9854 
9850 
9850 
9849 
9849 
9848 
9845 
9844 
9844 
9843 
9840 
9839 
9839 
9837 
9837 
9837 
9837 
9836 
9834 
9833 
9831 
9831 
9830 
9827 
9827 
9825 
9823 
9822 
9820 
9819 
9817 
9817 
9816 
9815 
9815 
9815 
9814 
9813 
9808 
9807 
9807 
9806 
9804 
9804 
9802 
9802 
9801 
9800 
9800 
9799 
9799 
9798 
9797 
9797 
9792 
9792 
9792 
9791 
9791 
9790 
9789 
9788 
9787 
9786 
9785 
9784 
9783 
9783 
9783 
9782 
9781 
9780 
9778 
9777 
9777 
9777 
9776 
9772 
9771 
9771 
9770 
9769 
9768 
9766 
9764 
9764 
9764 
9763 
9761 
9761 
9759 
9757 
9757 
9756 
9754 
9754 
9753 
9753 
9753 
9752 
9751 
9750 
9748 
9745 
9744 
9743 
9743 
9742 
9742 
9742 
9741 
9741 
9738 
9736 
9736 
9736 
9736 
9734 
9733 
9733 
9729 
9729 
9729 
9729 
9729 
9727 
9727 
9725 
9722 
9722 
9721 
9719 
9718 
9718 
9718 
9717 
9713 
9712 
9710 
9709 
9707 
9705 
9704 
9703 
9702 
9702 
9701 
9700 
9697 
9697 
9696 
9695 
9692 
9690 
9688 
9687 
9686 
9685 
9684 
9683 
9683 
9683 
9682 
9682 
9682 
9682 
9681 
9681 
9681 
9680 
9680 
9679 
9675 
9675 
9675 
9674 
9673 
9673 
9670 
9668 
9667 
9667 
9666 
9665 
9665 
9665 
9664 
9664 
9663 
9663 
9662 
9662 
9661 
9661 
9660 
9659 
9658 
9656 
9655 
9653 
9652 
9652 
9650 
9650 
9649 
9647 
9646 
9644 
9644 
9643 
9641 
9640 
9640 
9640 
9638 
9638 
9637 
9636 
9634 
9633 
9632 
9632 
9632 
9629 
9629 
9629 
9629 
9628 
9628 
9628 
9625 
9624 
9623 
9623 
9621 
9620 
9620 
9620 
9618 
9618 
9617 
9615 
9614 
9612 
9612 
9611 
9610 
9609 
9609 
9609 
9607 
9606 
9605 
9605 
9605 
9601 
9601 
9600 
9600 
9599 
9598 
9594 
9594 
9593 
9592 
9586 
9584 
9583 
9582 
9582 
9581 
9580 
9578 
9576 
9574 
9574 
9572 
9572 
9570 
9570 
9569 
9568 
9565 
9564 
9564 
9563 
9562 
9560 
9560 
9560 
9558 
9558 
9557 
9557 
9557 
9557 
9556 
9555 
9555 
9555 
9552 
9551 
9550 
9545 
9544 
9544 
9540 
9540 
9540 
9540 
9540 
9536 
9536 
9535 
9535 
9533 
9533 
9529 
9527 
9527 
9525 
9524 
9523 
9522 
9521 
9521 
9520 
9520 
9520 
9518 
9518 
9517 
9517 
9516 
9515 
9512 
9510 
9509 
9508 
9508 
9504 
9504 
9504 
9503 
9502 
9502 
9501 
9501 
9500 
9500 
9498 
9497 
9497 
9495 
9494 
9493 
9493 
9489 
9489 
9487 
9485 
9484 
9484 
9483 
9483 
9482 
9481 
9481 
9478 
9472 
9469 
9467 
9467 
9466 
9466 
9463 
9462 
9462 
9461 
9460 
9457 
9457 
9457 
9457 
9457 
9457 
9456 
9456 
9455 
9453 
9452 
9451 
9451 
9450 
9450 
9449 
9449 
9449 
9449 
9448 
9448 
9446 
9445 
9441 
9440 
9440 
9437 
9436 
9435 
9434 
9433 
9432 
9432 
9432 
9431 
9431 
9431 
9431 
9430 
9430 
9429 
9428 
9428 
9428 
9427 
9425 
9424 
9423 
9423 
9421 
9419 
9417 
9415 
9414 
9411 
9411 
9408 
9408 
9408 
9407 
9406 
9404 
9404 
9403 
9402 
9402 
9398 
9398 
9396 
9395 
9394 
9393 
9391 
9390 
9390 
9390 
9388 
9387 
9385 
9384 
9384 
9384 
9383 
9383 
9382 
9382 
9382 
9382 
9382 
9381 
9380 
9378 
9378 
9376 
9375 
9371 
9370 
9369 
9369 
9365 
9364 
9361 
9361 
9361 
9361 
9360 
9360 
9359 
9358 
9357 
9356 
9355 
9353 
9352 
9351 
9351 
9348 
9348 
9348 
9347 
9346 
9346 
9345 
9345 
9344 
9343 
9343 
9342 
9340 
9340 
9340 
9339 
9335 
9334 
9332 
9331 
9331 
9329 
9325 
9325 
9318 
9318 
9318 
9317 
9317 
9316 
9315 
9312 
9312 
9311 
9310 
9308 
9307 
9304 
9303 
9302 
9300 
9298 
9297 
9297 
9295 
9294 
9293 
9293 
9291 
9291 
9291 
9290 
9290 
9289 
9287 
9287 
9286 
9286 
9285 
9285 
9284 
9284 
9284 
9283 
9282 
9282 
9280 
9279 
9278 
9278 
9276 
9275 
9275 
9275 
9274 
9273 
9273 
9273 
9269 
9268 
9266 
9263 
9262 
9260 
9260 
9258 
9257 
9257 
9257 
9256 
9256 
9254 
9252 
9251 
9250 
9250 
9249 
9248 
9247 
9245 
9245 
9244 
9238 
9236 
9236 
9236 
9235 
9235 
9235 
9234 
9234 
9233 
9232 
9232 
9231 
9230 
9229 
9228 
9228 
9227 
9226 
9226 
9226 
9226 
9225 
9224 
9224 
9221 
9220 
9219 
9219 
9219 
9218 
9215 
9213 
9212 
9212 
9211 
9210 
9210 
9210 
9208 
9207 
9207 
9203 
9203 
9203 
9202 
9202 
9200 
9200 
9200 
9200 
9198 
9197 
9196 
9196 
9195 
9195 
9194 
9190 
9189 
9187 
9187 
9185 
9184 
9184 
9184 
9183 
9183 
9182 
9181 
9181 
9181 
9181 
9177 
9176 
9175 
9175 
9174 
9174 
9174 
9172 
9171 
9169 
9169 
9169 
9168 
9167 
9165 
9165 
9165 
9164 
9163 
9159 
9156 
9156 
9155 
9154 
9153 
9153 
9152 
9152 
9150 
9149 
9149 
9148 
9148 
9147 
9147 
9147 
9146 
9144 
9142 
9141 
9141 
9141 
9141 
9141 
9140 
9139 
9138 
9137 
9137 
9136 
9134 
9133 
9133 
9133 
9133 
9133 
9133 
9132 
9126 
9125 
9124 
9122 
9119 
9117 
9117 
9115 
9114 
9113 
9113 
9112 
9112 
9111 
9111 
9106 
9102 
9102 
9102 
9102 
9101 
9101 
9100 
9099 
9099 
9098 
9097 
9097 
9096 
9094 
9093 
9092 
9091 
9091 
9091 
9090 
9085 
9085 
9084 
9083 
9083 
9080 
9080 
9079 
9079 
9077 
9074 
9072 
9071 
9071 
9071 
9070 
9067 
9067 
9066 
9066 
9066 
9065 
9064 
9062 
9061 
9058 
9057 
9057 
9054 
9053 
9053 
9052 
9052 
9052 
9051 
9051 
9049 
9047 
9046 
9046 
9046 
9041 
9038 
9035 
9035 
9034 
9032 
9032 
9031 
9031 
9030 
9030 
9029 
9028 
9027 
9024 
9023 
9019 
9017 
9016 
9015 
9014 
9014 
9009 
9008 
9007 
9006 
9006 
9005 
9005 
9004 
9003 
9002 
9002 
9002 
9001 
9001 
9000 
9000 
9000 
8999 
8997 
8997 
8997 
8996 
8994 
8994 
8990 
8989 
8989 
8988 
8988 
8986 
8984 
8982 
8980 
8980 
8978 
8977 
8976 
8974 
8973 
8973 
8972 
8972 
8971 
8970 
8969 
8968 
8967 
8967 
8967 
8966 
8964 
8963 
8961 
8960 
8959 
8959 
8959 
8956 
8954 
8953 
8953 
8950 
8949 
8947 
8947 
8945 
8945 
8943 
8943 
8941 
8940 
8939 
8939 
8939 
8939 
8938 
8938 
8938 
8937 
8936 
8936 
8935 
8934 
8932 
8932 
8932 
8928 
8927 
8925 
8925 
8924 
8924 
8923 
8923 
8923 
8921 
8918 
8918 
8917 
8915 
8915 
8915 
8915 
8913 
8912 
8911 
8910 
8908 
8904 
8904 
8901 
8901 
8897 
8897 
8893 
8893 
8892 
8889 
8887 
8887 
8886 
8886 
8885 
8882 
8878 
8877 
8876 
8875 
8874 
8873 
8872 
8872 
8872 
8870 
8868 
8868 
8867 
8866 
8864 
8863 
8861 
8860 
8859 
8857 
8857 
8857 
8855 
8855 
8854 
8854 
8852 
8852 
8850 
8850 
8850 
8849 
8846 
8842 
8841 
8841 
8839 
8839 
8838 
8836 
8835 
8834 
8832 
8831 
8830 
8830 
8829 
8828 
8828 
8827 
8827 
8825 
8824 
8824 
8823 
8821 
8821 
8820 
8818 
8818 
8817 
8815 
8814 
8814 
8814 
8814 
8813 
8813 
8812 
8810 
8807 
8805 
8804 
8803 
8803 
8797 
8797 
8796 
8796 
8794 
8792 
8791 
8790 
8785 
8783 
8782 
8781 
8781 
8780 
8780 
8778 
8778 
8778 
8777 
8773 
8772 
8772 
8772 
8771 
8770 
8769 
8768 
8767 
8766 
8766 
8766 
8764 
8764 
8763 
8762 
8762 
8758 
8755 
8755 
8755 
8753 
8753 
8752 
8752 
8752 
8751 
8748 
8747 
8747 
8747 
8743 
8743 
8742 
8742 
8742 
8742 
8741 
8741 
8741 
8740 
8740 
8739 
8739 
8736 
8733 
8730 
8730 
8729 
8729 
8727 
8722 
8722 
8721 
8721 
8721 
8721 
8720 
8719 
8718 
8714 
8713 
8713 
8713 
8711 
8709 
8708 
8708 
8706 
8705 
8704 
8704 
8704 
8704 
8702 
8702 
8702 
8700 
8699 
8698 
8697 
8697 
8697 
8694 
8691 
8690 
8690 
8687 
8687 
8686 
8686 
8684 
8684 
8683 
8682 
8682 
8681 
8678 
8677 
8676 
8676 
8675 
8672 
8672 
8671 
8670 
8669 
8667 
8667 
8663 
8663 
8660 
8660 
8657 
8657 
8654 
8654 
8653 
8649 
8649 
8648 
8646 
8646 
8645 
8645 
8644 
8643 
8642 
8641 
8641 
8640 
8639 
8638 
8638 
8637 
8636 
8636 
8636 
8635 
8635 
8635 
8634 
8633 
8632 
8632 
8632 
8632 
8632 
8630 
8629 
8627 
8626 
8625 
8625 
8624 
8624 
8623 
8623 
8621 
8620 
8620 
8619 
8619 
8619 
8619 
8618 
8618 
8617 
8617 
8617 
8616 
8614 
8614 
8613 
8611 
8606 
8605 
8603 
8601 
8601 
8601 
8601 
8599 
8598 
8598 
8598 
8596 
8592 
8592 
8591 
8590 
8588 
8588 
8587 
8586 
8580 
8579 
8578 
8578 
8577 
8577 
8575 
8575 
8575 
8573 
8572 
8571 
8570 
8567 
8566 
8566 
8566 
8566 
8566 
8565 
8564 
8564 
8563 
8562 
8561 
8560 
8557 
8556 
8554 
8554 
8553 
8552 
8552 
8550 
8547 
8546 
8544 
8543 
8543 
8542 
8540 
8540 
8540 
8539 
8538 
8538 
8538 
8537 
8536 
8536 
8536 
8536 
8535 
8534 
8533 
8532 
8531 
8530 
8530 
8529 
8528 
8527 
8527 
8527 
8525 
8524 
8521 
8519 
8516 
8513 
8513 
8512 
8511 
8510 
8510 
8509 
8509 
8508 
8508 
8507 
8506 
8504 
8503 
8500 
8496 
8496 
8496 
8495 
8495 
8491 
8490 
8489 
8487 
8486 
8485 
8484 
8484 
8484 
8484 
8484 
8483 
8481 
8480 
8480 
8480 
8479 
8479 
8479 
8478 
8477 
8475 
8474 
8474 
8473 
8472 
8471 
8470 
8469 
8469 
8469 
8468 
8467 
8466 
8465 
8465 
8464 
8461 
8461 
8460 
8459 
8457 
8456 
8455 
8454 
8454 
8450 
8448 
8447 
8446 
8446 
8444 
8444 
8441 
8441 
8440 
8439 
8438 
8437 
8436 
8435 
8434 
8431 
8430 
8429 
8429 
8428 
8423 
8423 
8420 
8419 
8419 
8419 
8418 
8415 
8413 
8411 
8410 
8410 
8409 
8409 
8408 
8407 
8407 
8404 
8404 
8403 
8402 
8401 
8399 
8399 
8399 
8398 
8398 
8398 
8397 
8397 
8396 
8395 
8393 
8393 
8393 
8393 
8392 
8391 
8391 
8389 
8388 
8385 
8385 
8385 
8384 
8382 
8381 
8381 
8380 
8379 
8378 
8377 
8377 
8377 
8374 
8373 
8372 
8367 
8366 
8364 
8363 
8363 
8363 
8360 
8358 
8357 
8356 
8355 
8355 
8353 
8353 
8353 
8352 
8352 
8352 
8351 
8351 
8350 
8349 
8348 
8348 
8348 
8347 
8346 
8343 
8342 
8342 
8341 
8338 
8336 
8334 
8328 
8328 
8327 
8326 
8326 
8325 
8325 
8324 
8324 
8323 
8323 
8322 
8321 
8321 
8319 
8319 
8317 
8311 
8307 
8307 
8307 
8307 
8304 
8303 
8302 
8301 
8299 
8298 
8298 
8298 
8297 
8297 
8297 
8296 
8296 
8296 
8294 
8293 
8292 
8292 
8292 
8291 
8291 
8290 
8288 
8287 
8286 
8286 
8285 
8285 
8284 
8284 
8283 
8282 
8282 
8282 
8280 
8280 
8278 
8277 
8275 
8275 
8275 
8274 
8274 
8271 
8270 
8270 
8269 
8269 
8266 
8265 
8265 
8265 
8262 
8262 
8262 
8261 
8257 
8255 
8255 
8253 
8253 
8250 
8248 
8244 
8244 
8243 
8243 
8241 
8240 
8240 
8240 
8238 
8238 
8237 
8235 
8234 
8234 
8233 
8231 
8230 
8230 
8230 
8229 
8228 
8228 
8226 
8226 
8224 
8223 
8222 
8221 
8220 
8220 
8219 
8217 
8216 
8215 
8214 
8214 
8213 
8211 
8210 
8210 
8207 
8205 
8205 
8204 
8203 
8203 
8197 
8197 
8196 
8195 
8194 
8189 
8188 
8187 
8186 
8185 
8184 
8183 
8183 
8182 
8181 
8180 
8180 
8179 
8175 
8175 
8172 
8172 
8171 
8169 
8169 
8167 
8167 
8164 
8164 
8164 
8160 
8160 
8159 
8158 
8158 
8158 
8157 
8156 
8156 
8154 
8152 
8152 
8151 
8151 
8151 
8150 
8149 
8148 
8147 
8146 
8145 
8144 
8143 
8142 
8142 
8141 
8140 
8139 
8139 
8138 
8137 
8136 
8136 
8136 
8135 
8135 
8134 
8131 
8130 
8130 
8127 
8123 
8123 
8121 
8120 
8118 
8118 
8116 
8115 
8114 
8114 
8114 
8113 
8112 
8112 
8112 
8110 
8110 
8109 
8109 
8108 
8106 
8105 
8105 
8105 
8105 
8102 
8102 
8102 
8101 
8100 
8100 
8100 
8099 
8098 
8097 
8096 
8096 
8096 
8095 
8094 
8093 
8093 
8091 
8090 
8088 
8087 
8086 
8086 
8086 
8083 
8083 
8082 
8080 
8080 
8079 
8079 
8078 
8078 
8074 
8066 
8066 
8066 
8066 
8066 
8065 
8065 
8063 
8063 
8062 
8061 
8060 
8060 
8060 
8059 
8058 
8058 
8058 
8058 
8057 
8057 
8056 
8056 
8056 
8056 
8054 
8054 
8052 
8051 
8051 
8051 
8050 
8049 
8049 
8047 
8045 
8045 
8044 
8042 
8041 
8041 
8040 
8040 
8038 
8037 
8036 
8034 
8033 
8033 
8032 
8028 
8026 
8026 
8025 
8023 
8022 
8020 
8020 
8019 
8017 
8015 
8013 
8011 
8010 
8006 
8005 
8005 
8005 
8004 
8004 
8004 
8004 
8003 
8002 
8002 
8000 
7998 
7998 
7997 
7997 
7994 
7994 
7993 
7992 
7992 
7992 
7991 
7990 
7990 
7987 
7985 
7982 
7981 
7976 
7976 
7976 
7975 
7972 
7970 
7970 
7968 
7966 
7965 
7964 
7963 
7963 
7961 
7960 
7959 
7958 
7957 
7957 
7956 
7955 
7955 
7954 
7952 
7951 
7949 
7948 
7947 
7947 
7946 
7944 
7943 
7943 
7942 
7942 
7941 
7941 
7939 
7939 
7939 
7938 
7938 
7938 
7937 
7935 
7935 
7934 
7934 
7932 
7932 
7931 
7930 
7929 
7928 
7927 
7925 
7925 
7924 
7923 
7921 
7920 
7920 
7918 
7915 
7914 
7914 
7913 
7913 
7912 
7910 
7910 
7910 
7907 
7904 
7903 
7901 
7901 
7900 
7900 
7900 
7900 
7900 
7897 
7897 
7895 
7894 
7892 
7892 
7891 
7889 
7888 
7887 
7886 
7886 
7885 
7884 
7884 
7884 
7884 
7883 
7880 
7879 
7878 
7876 
7876 
7875 
7875 
7874 
7874 
7874 
7872 
7871 
7871 
7871 
7871 
7871 
7869 
7869 
7866 
7865 
7865 
7863 
7862 
7862 
7862 
7861 
7861 
7860 
7856 
7856 
7855 
7854 
7854 
7852 
7852 
7848 
7848 
7847 
7846 
7845 
7844 
7842 
7842 
7842 
7841 
7841 
7840 
7840 
7840 
7839 
7838 
7838 
7838 
7835 
7834 
7833 
7831 
7831 
7830 
7830 
7830 
7829 
7829 
7828 
7827 
7825 
7825 
7823 
7823 
7822 
7820 
7820 
7818 
7817 
7816 
7816 
7815 
7815 
7814 
7812 
7812 
7812 
7811 
7809 
7809 
7809 
7808 
7808 
7807 
7806 
7805 
7804 
7804 
7804 
7803 
7801 
7801 
7801 
7799 
7799 
7798 
7797 
7797 
7797 
7796 
7795 
7794 
7793 
7790 
7790 
7789 
7788 
7787 
7786 
7786 
7786 
7783 
7781 
7778 
7777 
7777 
7776 
7771 
7771 
7770 
7768 
7768 
7766 
7766 
7764 
7764 
7763 
7763 
7762 
7761 
7760 
7760 
7760 
7759 
7759 
7759 
7759 
7758 
7757 
7756 
7753 
7744 
7744 
7744 
7743 
7742 
7741 
7741 
7739 
7739 
7738 
7738 
7733 
7732 
7730 
7728 
7727 
7725 
7724 
7722 
7721 
7721 
7720 
7720 
7719 
7718 
7714 
7713 
7712 
7709 
7707 
7707 
7707 
7707 
7707 
7707 
7706 
7706 
7706 
7706 
7706 
7704 
7703 
7702 
7701 
7701 
7701 
7701 
7700 
7700 
7697 
7696 
7696 
7695 
7695 
7693 
7691 
7690 
7689 
7689 
7687 
7687 
7685 
7684 
7684 
7683 
7682 
7681 
7680 
7679 
7679 
7678 
7678 
7678 
7673 
7673 
7672 
7671 
7669 
7669 
7667 
7666 
7665 
7665 
7665 
7664 
7660 
7660 
7660 
7660 
7659 
7658 
7658 
7658 
7656 
7655 
7651 
7650 
7650 
7649 
7649 
7648 
7647 
7647 
7647 
7646 
7645 
7644 
7641 
7641 
7639 
7639 
7639 
7638 
7638 
7637 
7636 
7635 
7634 
7633 
7633 
7630 
7629 
7629 
7628 
7628 
7627 
7626 
7626 
7625 
7624 
7623 
7621 
7620 
7619 
7619 
7617 
7617 
7617 
7615 
7614 
7614 
7614 
7613 
7613 
7612 
7611 
7611 
7610 
7610 
7609 
7609 
7604 
7603 
7603 
7602 
7602 
7602 
7602 
7601 
7599 
7598 
7597 
7597 
7596 
7596 
7596 
7593 
7590 
7590 
7589 
7589 
7586 
7585 
7585 
7584 
7584 
7584 
7582 
7580 
7579 
7578 
7578 
7578 
7577 
7575 
7570 
7570 
7569 
7569 
7569 
7568 
7566 
7561 
7560 
7558 
7557 
7557 
7555 
7554 
7553 
7553 
7553 
7552 
7550 
7549 
7549 
7548 
7547 
7547 
7544 
7541 
7541 
7541 
7540 
7539 
7538 
7538 
7537 
7536 
7536 
7536 
7534 
7533 
7531 
7531 
7530 
7530 
7530 
7529 
7528 
7528 
7527 
7526 
7524 
7524 
7522 
7522 
7522 
7521 
7519 
7518 
7517 
7516 
7516 
7514 
7514 
7514 
7513 
7511 
7511 
7509 
7508 
7508 
7507 
7506 
7505 
7505 
7505 
7504 
7503 
7503 
7501 
7501 
7500 
7499 
7499 
7499 
7498 
7498 
7498 
7498 
7496 
7495 
7495 
7495 
7493 
7493 
7492 
7490 
7487 
7486 
7486 
7486 
7485 
7485 
7484 
7484 
7479 
7473 
7472 
7470 
7470 
7469 
7469 
7467 
7466 
7466 
7464 
7464 
7464 
7462 
7461 
7461 
7460 
7460 
7460 
7459 
7458 
7457 
7456 
7454 
7454 
7452 
7452 
7452 
7450 
7450 
7445 
7443 
7441 
7441 
7439 
7439 
7438 
7437 
7437 
7437 
7434 
7434 
7433 
7433 
7433 
7431 
7431 
7429 
7429 
7429 
7428 
7427 
7427 
7426 
7426 
7425 
7424 
7421 
7420 
7418 
7414 
7413 
7413 
7409 
7409 
7409 
7408 
7407 
7406 
7405 
7404 
7402 
7402 
7401 
7401 
7398 
7397 
7395 
7395 
7394 
7393 
7393 
7392 
7392 
7391 
7391 
7390 
7385 
7382 
7380 
7378 
7378 
7377 
7376 
7373 
7372 
7371 
7369 
7368 
7367 
7367 
7366 
7366 
7366 
7365 
7363 
7362 
7361 
7360 
7360 
7360 
7357 
7357 
7354 
7352 
7352 
7351 
7349 
7348 
7348 
7348 
7347 
7347 
7344 
7343 
7343 
7342 
7341 
7341 
7341 
7341 
7340 
7340 
7339 
7339 
7339 
7338 
7338 
7338 
7338 
7338 
7337 
7335 
7334 
7332 
7331 
7331 
7331 
7329 
7329 
7327 
7327 
7326 
7326 
7325 
7325 
7325 
7323 
7323 
7323 
7321 
7321 
7321 
7320 
7317 
7316 
7316 
7315 
7312 
7310 
7308 
7308 
7308 
7308 
7307 
7307 
7306 
7306 
7305 
7304 
7304 
7303 
7303 
7302 
7300 
7299 
7299 
7298 
7298 
7298 
7297 
7297 
7297 
7295 
7294 
7291 
7290 
7290 
7289 
7287 
7287 
7287 
7284 
7284 
7282 
7281 
7281 
7281 
7279 
7277 
7277 
7276 
7274 
7273 
7273 
7273 
7272 
7271 
7271 
7270 
7269 
7268 
7267 
7267 
7266 
7266 
7264 
7264 
7263 
7263 
7262 
7260 
7258 
7257 
7257 
7256 
7253 
7253 
7250 
7249 
7248 
7247 
7244 
7244 
7243 
7242 
7239 
7238 
7237 
7236 
7236 
7236 
7235 
7232 
7232 
7231 
7231 
7230 
7229 
7229 
7228 
7228 
7227 
7226 
7225 
7225 
7224 
7223 
7222 
7222 
7221 
7217 
7215 
7215 
7214 
7214 
7213 
7212 
7211 
7211 
7209 
7207 
7206 
7205 
7204 
7204 
7204 
7202 
7202 
7201 
7201 
7200 
7199 
7197 
7196 
7194 
7193 
7192 
7191 
7191 
7190 
7190 
7189 
7188 
7187 
7186 
7185 
7185 
7184 
7183 
7181 
7180 
7180 
7179 
7179 
7177 
7176 
7174 
7174 
7173 
7170 
7168 
7166 
7166 
7164 
7163 
7163 
7163 
7162 
7162 
7162 
7161 
7160 
7157 
7156 
7156 
7156 
7150 
7150 
7149 
7148 
7147 
7145 
7145 
7144 
7142 
7140 
7140 
7139 
7139 
7138 
7135 
7135 
7134 
7133 
7133 
7131 
7131 
7131 
7131 
7130 
7129 
7129 
7129 
7128 
7128 
7126 
7126 
7126 
7125 
7124 
7124 
7123 
7122 
7121 
7121 
7120 
7118 
7118 
7118 
7118 
7117 
7116 
7115 
7115 
7111 
7110 
7108 
7106 
7105 
7104 
7103 
7103 
7101 
7100 
7099 
7099 
7098 
7097 
7096 
7096 
7095 
7095 
7091 
7091 
7090 
7089 
7089 
7089 
7089 
7088 
7088 
7083 
7082 
7081 
7080 
7077 
7075 
7074 
7074 
7074 
7073 
7073 
7072 
7072 
7070 
7070 
7069 
7064 
7060 
7059 
7056 
7055 
7054 
7052 
7051 
7048 
7047 
7044 
7044 
7044 
7043 
7043 
7042 
7042 
7042 
7041 
7041 
7038 
7038 
7038 
7037 
7036 
7036 
7035 
7035 
7034 
7033 
7033 
7033 
7033 
7032 
7031 
7031 
7029 
7029 
7028 
7027 
7026 
7026 
7024 
7024 
7024 
7022 
7022 
7021 
7011 
7011 
7011 
7011 
7009 
7006 
7005 
7005 
7005 
7004 
7004 
7003 
7003 
7003 
7002 
7001 
7000 
7000 
6999 
6998 
6997 
6993 
6992 
6991 
6990 
6990 
6989 
6989 
6988 
6987 
6986 
6985 
6985 
6984 
6984 
6984 
6982 
6981 
6981 
6979 
6979 
6978 
6976 
6975 
6974 
6974 
6973 
6972 
6970 
6970 
6967 
6966 
6965 
6964 
6962 
6962 
6960 
6959 
6959 
6957 
6955 
6952 
6951 
6950 
6948 
6948 
6947 
6947 
6947 
6947 
6946 
6946 
6945 
6945 
6944 
6943 
6942 
6941 
6940 
6940 
6940 
6939 
6935 
6934 
6934 
6933 
6933 
6932 
6931 
6930 
6928 
6927 
6927 
6927 
6923 
6921 
6920 
6916 
6915 
6914 
6914 
6914 
6911 
6909 
6904 
6904 
6903 
6902 
6902 
6901 
6901 
6896 
6896 
6896 
6896 
6895 
6894 
6894 
6894 
6894 
6893 
6893 
6892 
6891 
6890 
6890 
6890 
6889 
6888 
6887 
6884 
6884 
6883 
6882 
6881 
6880 
6879 
6879 
6878 
6877 
6876 
6876 
6875 
6874 
6873 
6872 
6872 
6872 
6870 
6868 
6867 
6865 
6865 
6864 
6863 
6858 
6858 
6857 
6857 
6856 
6855 
6854 
6853 
6850 
6848 
6847 
6843 
6842 
6841 
6839 
6838 
6837 
6836 
6836 
6835 
6832 
6832 
6832 
6831 
6830 
6830 
6830 
6830 
6828 
6828 
6828 
6827 
6824 
6823 
6823 
6822 
6822 
6821 
6819 
6817 
6817 
6816 
6815 
6815 
6814 
6813 
6810 
6809 
6809 
6809 
6809 
6808 
6808 
6808 
6807 
6804 
6804 
6804 
6803 
6803 
6802 
6802 
6802 
6802 
6799 
6798 
6798 
6798 
6798 
6797 
6794 
6793 
6792 
6790 
6789 
6788 
6788 
6787 
6784 
6783 
6782 
6781 
6778 
6777 
6777 
6776 
6774 
6773 
6773 
6773 
6772 
6772 
6771 
6771 
6765 
6763 
6761 
6757 
6756 
6756 
6756 
6756 
6753 
6751 
6751 
6751 
6750 
6750 
6748 
6748 
6747 
6747 
6747 
6744 
6744 
6743 
6739 
6738 
6734 
6733 
6730 
6729 
6729 
6728 
6727 
6725 
6724 
6724 
6723 
6722 
6721 
6720 
6719 
6719 
6719 
6717 
6717 
6715 
6714 
6713 
6713 
6713 
6711 
6711 
6711 
6711 
6709 
6709 
6708 
6706 
6706 
6704 
6703 
6703 
6701 
6701 
6699 
6698 
6696 
6695 
6694 
6692 
6690 
6689 
6688 
6687 
6687 
6686 
6686 
6685 
6685 
6685 
6684 
6682 
6682 
6681 
6680 
6680 
6679 
6679 
6679 
6679 
6678 
6677 
6677 
6677 
6676 
6675 
6675 
6675 
6674 
6673 
6673 
6673 
6673 
6671 
6669 
6669 
6668 
6666 
6665 
6665 
6665 
6665 
6665 
6664 
6664 
6664 
6663 
6662 
6661 
6661 
6658 
6658 
6658 
6657 
6656 
6655 
6654 
6653 
6652 
6652 
6652 
6652 
6651 
6650 
6648 
6647 
6647 
6645 
6645 
6645 
6644 
6643 
6643 
6642 
6641 
6641 
6637 
6637 
6637 
6635 
6635 
6633 
6630 
6629 
6628 
6627 
6627 
6627 
6627 
6625 
6625 
6624 
6624 
6622 
6622 
6622 
6620 
6619 
6619 
6618 
6618 
6617 
6616 
6614 
6613 
6613 
6611 
6610 
6610 
6610 
6608 
6607 
6605 
6603 
6603 
6603 
6602 
6601 
6599 
6598 
6597 
6596 
6596 
6595 
6594 
6594 
6590 
6590 
6590 
6588 
6588 
6587 
6586 
6586 
6584 
6583 
6582 
6581 
6581 
6580 
6580 
6580 
6578 
6577 
6576 
6574 
6573 
6573 
6570 
6569 
6568 
6565 
6565 
6562 
6561 
6560 
6559 
6559 
6559 
6556 
6556 
6552 
6550 
6547 
6542 
6542 
6542 
6541 
6538 
6538 
6537 
6537 
6536 
6535 
6535 
6534 
6533 
6532 
6531 
6529 
6529 
6528 
6528 
6526 
6525 
6525 
6524 
6524 
6524 
6523 
6522 
6522 
6519 
6518 
6518 
6517 
6517 
6517 
6514 
6512 
6512 
6510 
6508 
6507 
6505 
6505 
6501 
6500 
6500 
6499 
6498 
6498 
6498 
6498 
6497 
6496 
6493 
6492 
6490 
6489 
6489 
6488 
6486 
6484 
6482 
6482 
6479 
6478 
6478 
6476 
6473 
6472 
6470 
6470 
6469 
6468 
6467 
6466 
6466 
6464 
6464 
6464 
6464 
6463 
6463 
6463 
6462 
6461 
6456 
6455 
6455 
6452 
6452 
6451 
6451 
6450 
6448 
6447 
6447 
6445 
6445 
6445 
6445 
6445 
6445 
6444 
6443 
6443 
6442 
6440 
6439 
6438 
6438 
6437 
6434 
6433 
6431 
6428 
6428 
6427 
6424 
6423 
6422 
6420 
6417 
6417 
6415 
6415 
6415 
6414 
6414 
6411 
6410 
6409 
6409 
6408 
6408 
6406 
6405 
6403 
6402 
6399 
6399 
6397 
6397 
6397 
6394 
6393 
6393 
6390 
6388 
6386 
6385 
6383 
6383 
6383 
6382 
6380 
6380 
6378 
6378 
6377 
6377 
6377 
6375 
6374 
6373 
6372 
6372 
6370 
6370 
6370 
6369 
6368 
6368 
6367 
6367 
6367 
6366 
6365 
6363 
6363 
6363 
6362 
6361 
6361 
6359 
6359 
6358 
6355 
6354 
6354 
6354 
6352 
6352 
6351 
6351 
6348 
6347 
6347 
6347 
6346 
6346 
6345 
6344 
6344 
6342 
6342 
6341 
6341 
6341 
6339 
6338 
6337 
6337 
6336 
6335 
6335 
6334 
6333 
6330 
6329 
6329 
6329 
6329 
6328 
6328 
6328 
6328 
6326 
6324 
6324 
6323 
6322 
6321 
6321 
6321 
6321 
6321 
6319 
6319 
6319 
6318 
6318 
6317 
6316 
6315 
6315 
6314 
6312 
6311 
6311 
6309 
6309 
6309 
6307 
6306 
6305 
6305 
6302 
6301 
6301 
6299 
6298 
6297 
6296 
6296 
6295 
6295 
6295 
6293 
6292 
6292 
6291 
6291 
6291 
6290 
6289 
6289 
6288 
6286 
6286 
6286 
6286 
6285 
6284 
6283 
6283 
6282 
6282 
6279 
6279 
6277 
6277 
6277 
6276 
6276 
6274 
6272 
6269 
6269 
6268 
6267 
6267 
6264 
6264 
6259 
6258 
6257 
6257 
6256 
6255 
6255 
6253 
6253 
6252 
6250 
6248 
6248 
6246 
6246 
6245 
6241 
6241 
6241 
6238 
6238 
6234 
6233 
6232 
6231 
6231 
6230 
6229 
6228 
6226 
6225 
6224 
6224 
6223 
6222 
6222 
6219 
6217 
6217 
6216 
6215 
6215 
6214 
6213 
6211 
6211 
6210 
6207 
6206 
6206 
6205 
6205 
6201 
6201 
6200 
6199 
6199 
6196 
6196 
6194 
6194 
6189 
6189 
6187 
6186 
6182 
6180 
6180 
6180 
6177 
6177 
6177 
6177 
6177 
6176 
6175 
6175 
6173 
6173 
6171 
6170 
6167 
6167 
6167 
6167 
6166 
6165 
6164 
6164 
6163 
6162 
6161 
6161 
6160 
6159 
6159 
6158 
6158 
6157 
6157 
6157 
6156 
6156 
6153 
6153 
6153 
6151 
6147 
6147 
6146 
6145 
6144 
6142 
6141 
6140 
6140 
6138 
6138 
6135 
6134 
6134 
6133 
6133 
6133 
6131 
6131 
6130 
6130 
6129 
6128 
6126 
6126 
6126 
6124 
6124 
6123 
6123 
6121 
6118 
6116 
6115 
6114 
6113 
6112 
6111 
6111 
6111 
6111 
6109 
6106 
6105 
6105 
6105 
6104 
6101 
6101 
6101 
6100 
6100 
6099 
6099 
6098 
6097 
6096 
6096 
6094 
6093 
6092 
6092 
6090 
6088 
6088 
6087 
6086 
6086 
6086 
6085 
6084 
6084 
6084 
6083 
6083 
6082 
6082 
6080 
6080 
6080 
6078 
6078 
6078 
6076 
6076 
6075 
6075 
6074 
6072 
6071 
6070 
6070 
6068 
6067 
6066 
6065 
6064 
6064 
6064 
6064 
6062 
6061 
6060 
6058 
6058 
6058 
6056 
6055 
6055 
6054 
6054 
6049 
6048 
6047 
6046 
6045 
6044 
6043 
6043 
6042 
6042 
6042 
6042 
6041 
6041 
6040 
6038 
6037 
6034 
6033 
6032 
6032 
6031 
6030 
6030 
6030 
6028 
6027 
6026 
6026 
6025 
6024 
6022 
6020 
6018 
6018 
6018 
6017 
6015 
6014 
6014 
6013 
6011 
6009 
6007 
6005 
6004 
6003 
5997 
5997 
5996 
5996 
5996 
5996 
5995 
5993 
5991 
5990 
5989 
5985 
5981 
5980 
5979 
5978 
5977 
5977 
5976 
5975 
5975 
5972 
5970 
5970 
5969 
5968 
5968 
5967 
5967 
5963 
5962 
5961 
5959 
5957 
5955 
5955 
5955 
5954 
5953 
5953 
5953 
5953 
5952 
5951 
5950 
5949 
5949 
5947 
5946 
5946 
5944 
5940 
5939 
5938 
5937 
5937 
5935 
5934 
5933 
5932 
5932 
5931 
5931 
5930 
5928 
5925 
5925 
5924 
5923 
5920 
5919 
5919 
5917 
5917 
5914 
5912 
5910 
5910 
5910 
5910 
5907 
5906 
5905 
5905 
5903 
5903 
5903 
5900 
5899 
5899 
5899 
5897 
5896 
5895 
5893 
5892 
5892 
5890 
5889 
5889 
5888 
5887 
5887 
5886 
5886 
5885 
5884 
5884 
5883 
5882 
5882 
5882 
5880 
5878 
5876 
5875 
5874 
5872 
5872 
5871 
5869 
5868 
5868 
5867 
5866 
5863 
5862 
5862 
5862 
5862 
5861 
5861 
5860 
5859 
5859 
5858 
5858 
5857 
5856 
5855 
5854 
5852 
5850 
5848 
5847 
5847 
5846 
5846 
5846 
5846 
5845 
5844 
5842 
5839 
5835 
5830 
5830 
5829 
5829 
5828 
5827 
5826 
5826 
5825 
5824 
5824 
5822 
5821 
5819 
5819 
5817 
5815 
5812 
5810 
5807 
5807 
5806 
5806 
5805 
5804 
5803 
5802 
5801 
5801 
5801 
5800 
5799 
5798 
5796 
5796 
5796 
5795 
5795 
5794 
5793 
5791 
5791 
5791 
5789 
5788 
5787 
5785 
5785 
5785 
5784 
5783 
5783 
5781 
5781 
5780 
5779 
5778 
5778 
5775 
5775 
5775 
5774 
5774 
5774 
5773 
5772 
5771 
5771 
5771 
5768 
5767 
5767 
5765 
5763 
5760 
5759 
5758 
5754 
5752 
5751 
5750 
5750 
5749 
5748 
5747 
5746 
5744 
5744 
5744 
5742 
5741 
5741 
5740 
5740 
5739 
5739 
5738 
5738 
5737 
5736 
5735 
5734 
5733 
5733 
5731 
5728 
5726 
5725 
5722 
5720 
5720 
5719 
5717 
5717 
5716 
5716 
5715 
5713 
5712 
5712 
5711 
5710 
5709 
5707 
5706 
5705 
5704 
5700 
5700 
5700 
5699 
5698 
5697 
5695 
5695 
5692 
5692 
5691 
5691 
5690 
5689 
5689 
5689 
5689 
5686 
5685 
5684 
5684 
5681 
5680 
5680 
5679 
5678 
5677 
5676 
5674 
5671 
5670 
5669 
5668 
5667 
5667 
5667 
5666 
5665 
5664 
5664 
5664 
5661 
5660 
5660 
5657 
5657 
5657 
5656 
5656 
5652 
5651 
5651 
5651 
5649 
5648 
5648 
5648 
5648 
5646 
5646 
5645 
5645 
5639 
5637 
5635 
5633 
5633 
5632 
5631 
5629 
5628 
5626 
5625 
5624 
5624 
5624 
5624 
5617 
5617 
5617 
5616 
5614 
5612 
5611 
5609 
5608 
5605 
5603 
5602 
5601 
5601 
5601 
5601 
5600 
5599 
5597 
5596 
5596 
5595 
5595 
5593 
5593 
5591 
5591 
5591 
5591 
5589 
5588 
5588 
5587 
5583 
5581 
5580 
5580 
5579 
5578 
5578 
5578 
5577 
5576 
5575 
5574 
5569 
5569 
5569 
5566 
5566 
5565 
5564 
5564 
5564 
5564 
5562 
5558 
5557 
5555 
5555 
5555 
5551 
5549 
5549 
5548 
5547 
5547 
5545 
5542 
5538 
5536 
5535 
5535 
5534 
5532 
5531 
5529 
5529 
5529 
5529 
5527 
5527 
5526 
5523 
5522 
5522 
5520 
5518 
5518 
5517 
5515 
5514 
5513 
5511 
5511 
5510 
5510 
5510 
5509 
5508 
5507 
5506 
5505 
5504 
5503 
5503 
5502 
5500 
5498 
5496 
5495 
5494 
5494 
5494 
5489 
5489 
5489 
5486 
5484 
5482 
5482 
5481 
5480 
5479 
5476 
5475 
5474 
5474 
5474 
5472 
5471 
5470 
5468 
5468 
5467 
5466 
5465 
5465 
5463 
5463 
5461 
5461 
5461 
5460 
5460 
5455 
5454 
5454 
5451 
5449 
5446 
5446 
5445 
5441 
5441 
5441 
5440 
5439 
5437 
5437 
5436 
5435 
5435 
5434 
5432 
5432 
5431 
5430 
5430 
5428 
5428 
5427 
5427 
5427 
5427 
5427 
5426 
5426 
5426 
5425 
5425 
5424 
5423 
5422 
5421 
5421 
5420 
5419 
5418 
5418 
5417 
5416 
5415 
5412 
5412 
5410 
5409 
5409 
5407 
5407 
5406 
5405 
5405 
5405 
5403 
5403 
5400 
5400 
5400 
5400 
5399 
5399 
5398 
5398 
5396 
5396 
5395 
5394 
5394 
5394 
5394 
5394 
5390 
5387 
5387 
5386 
5386 
5386 
5386 
5385 
5384 
5383 
5383 
5383 
5383 
5380 
5379 
5379 
5379 
5377 
5377 
5375 
5374 
5374 
5373 
5373 
5373 
5372 
5370 
5368 
5368 
5367 
5366 
5366 
5366 
5365 
5365 
5363 
5363 
5361 
5360 
5359 
5357 
5356 
5356 
5354 
5354 
5353 
5352 
5352 
5351 
5350 
5349 
5344 
5343 
5342 
5341 
5341 
5339 
5338 
5338 
5338 
5338 
5337 
5336 
5336 
5336 
5335 
5334 
5333 
5331 
5331 
5329 
5329 
5328 
5327 
5326 
5324 
5324 
5323 
5323 
5323 
5322 
5320 
5319 
5317 
5316 
5315 
5314 
5314 
5312 
5312 
5312 
5311 
5308 
5306 
5305 
5305 
5302 
5302 
5301 
5299 
5298 
5298 
5298 
5297 
5297 
5296 
5293 
5293 
5293 
5293 
5293 
5292 
5290 
5289 
5286 
5285 
5285 
5284 
5284 
5281 
5281 
5281 
5280 
5280 
5279 
5279 
5279 
5275 
5273 
5272 
5272 
5272 
5271 
5271 
5269 
5268 
5267 
5267 
5266 
5265 
5264 
5264 
5264 
5264 
5263 
5263 
5263 
5263 
5262 
5258 
5256 
5255 
5255 
5255 
5254 
5253 
5253 
5251 
5250 
5250 
5248 
5247 
5247 
5246 
5242 
5241 
5241 
5239 
5237 
5237 
5235 
5234 
5233 
5233 
5232 
5232 
5229 
5229 
5228 
5228 
5228 
5227 
5227 
5226 
5225 
5224 
5223 
5222 
5220 
5220 
5219 
5219 
5219 
5219 
5218 
5217 
5216 
5213 
5211 
5210 
5209 
5209 
5207 
5206 
5205 
5205 
5205 
5201 
5201 
5201 
5199 
5198 
5195 
5194 
5193 
5192 
5192 
5191 
5189 
5189 
5188 
5188 
5187 
5183 
5182 
5181 
5180 
5179 
5178 
5177 
5176 
5175 
5174 
5172 
5172 
5172 
5172 
5171 
5170 
5168 
5165 
5163 
5162 
5162 
5162 
5162 
5162 
5158 
5158 
5157 
5156 
5156 
5155 
5154 
5153 
5151 
5150 
5148 
5148 
5148 
5147 
5147 
5147 
5145 
5143 
5142 
5141 
5141 
5140 
5139 
5138 
5138 
5136 
5136 
5136 
5136 
5135 
5133 
5133 
5133 
5131 
5131 
5130 
5130 
5130 
5130 
5129 
5129 
5128 
5128 
5127 
5127 
5126 
5126 
5124 
5124 
5123 
5122 
5120 
5119 
5119 
5116 
5115 
5115 
5115 
5114 
5114 
5114 
5113 
5112 
5111 
5107 
5107 
5107 
5106 
5105 
5105 
5103 
5102 
5100 
5096 
5095 
5094 
5092 
5091 
5090 
5090 
5089 
5088 
5088 
5086 
5084 
5082 
5081 
5079 
5077 
5076 
5075 
5075 
5074 
5074 
5073 
5072 
5072 
5072 
5071 
5070 
5069 
5067 
5067 
5066 
5065 
5065 
5065 
5065 
5062 
5061 
5061 
5061 
5060 
5059 
5058 
5057 
5055 
5054 
5054 
5052 
5050 
5049 
5048 
5047 
5047 
5047 
5046 
5045 
5044 
5043 
5043 
5043 
5042 
5042 
5040 
5040 
5039 
5038 
5036 
5036 
5032 
5031 
5031 
5031 
5029 
5029 
5027 
5027 
5026 
5025 
5024 
5023 
5023 
5022 
5021 
5020 
5019 
5019 
5018 
5018 
5016 
5016 
5015 
5014 
5010 
5007 
5007 
5007 
5006 
5006 
5005 
5005 
5004 
5004 
5003 
5002 
5001 
5000 
5000 
4995 
4994 
4992 
4992 
4990 
4988 
4987 
4985 
4985 
4985 
4985 
4982 
4981 
4980 
4978 
4978 
4976 
4974 
4974 
4972 
4972 
4972 
4971 
4971 
4969 
4968 
4966 
4966 
4965 
4963 
4963 
4962 
4961 
4960 
4959 
4959 
4959 
4958 
4957 
4956 
4956 
4954 
4952 
4952 
4951 
4950 
4950 
4947 
4947 
4947 
4946 
4946 
4945 
4945 
4944 
4944 
4944 
4943 
4943 
4943 
4942 
4941 
4938 
4937 
4934 
4934 
4934 
4933 
4932 
4931 
4931 
4928 
4928 
4925 
4923 
4922 
4922 
4920 
4920 
4920 
4919 
4918 
4917 
4917 
4917 
4915 
4914 
4913 
4912 
4911 
4908 
4908 
4906 
4905 
4905 
4904 
4904 
4901 
4900 
4898 
4898 
4897 
4894 
4893 
4892 
4891 
4890 
4889 
4889 
4888 
4886 
4886 
4884 
4884 
4884 
4883 
4883 
4882 
4881 
4881 
4881 
4880 
4879 
4878 
4878 
4876 
4875 
4875 
4874 
4874 
4873 
4873 
4872 
4872 
4870 
4870 
4870 
4868 
4867 
4866 
4864 
4864 
4862 
4862 
4862 
4862 
4860 
4859 
4858 
4858 
4858 
4855 
4854 
4854 
4854 
4854 
4853 
4853 
4852 
4851 
4850 
4845 
4843 
4842 
4841 
4840 
4838 
4838 
4835 
4835 
4833 
4833 
4833 
4833 
4833 
4831 
4830 
4830 
4829 
4829 
4828 
4826 
4825 
4825 
4824 
4822 
4819 
4819 
4816 
4815 
4814 
4809 
4809 
4806 
4806 
4805 
4805 
4802 
4801 
4800 
4799 
4797 
4795 
4793 
4793 
4793 
4790 
4789 
4786 
4786 
4786 
4785 
4784 
4783 
4782 
4782 
4779 
4779 
4776 
4776 
4775 
4772 
4772 
4770 
4770 
4770 
4769 
4769 
4767 
4766 
4763 
4763 
4763 
4762 
4760 
4760 
4760 
4760 
4760 
4757 
4756 
4755 
4753 
4752 
4752 
4751 
4751 
4751 
4751 
4750 
4748 
4746 
4743 
4743 
4741 
4740 
4740 
4740 
4739 
4739 
4737 
4737 
4734 
4733 
4732 
4732 
4731 
4729 
4727 
4725 
4724 
4722 
4721 
4720 
4718 
4715 
4715 
4715 
4714 
4714 
4714 
4713 
4712 
4711 
4709 
4709 
4708 
4707 
4706 
4706 
4706 
4705 
4702 
4702 
4702 
4702 
4701 
4700 
4700 
4700 
4696 
4695 
4694 
4693 
4693 
4693 
4692 
4690 
4690 
4688 
4687 
4683 
4683 
4681 
4679 
4676 
4675 
4675 
4675 
4670 
4669 
4663 
4663 
4662 
4661 
4661 
4660 
4659 
4656 
4655 
4654 
4653 
4653 
4652 
4652 
4652 
4652 
4650 
4649 
4647 
4646 
4645 
4642 
4640 
4636 
4635 
4635 
4632 
4632 
4631 
4630 
4629 
4627 
4625 
4622 
4621 
4621 
4620 
4620 
4619 
4617 
4616 
4616 
4616 
4615 
4614 
4613 
4612 
4609 
4609 
4608 
4608 
4608 
4604 
4602 
4602 
4601 
4601 
4600 
4599 
4598 
4596 
4596 
4596 
4595 
4593 
4592 
4591 
4591 
4591 
4589 
4589 
4585 
4585 
4583 
4582 
4581 
4580 
4579 
4579 
4577 
4576 
4574 
4574 
4574 
4573 
4572 
4571 
4568 
4568 
4568 
4566 
4564 
4563 
4563 
4562 
4562 
4560 
4559 
4559 
4558 
4554 
4554 
4553 
4553 
4553 
4553 
4551 
4551 
4551 
4548 
4547 
4545 
4545 
4541 
4541 
4538 
4538 
4537 
4536 
4535 
4532 
4532 
4532 
4532 
4530 
4527 
4527 
4526 
4526 
4525 
4524 
4524 
4523 
4522 
4522 
4521 
4520 
4520 
4518 
4517 
4516 
4514 
4513 
4513 
4513 
4513 
4512 
4508 
4508 
4504 
4503 
4501 
4500 
4499 
4498 
4497 
4496 
4496 
4494 
4494 
4494 
4493 
4492 
4490 
4489 
4488 
4487 
4486 
4484 
4483 
4480 
4480 
4478 
4477 
4476 
4476 
4472 
4470 
4470 
4470 
4470 
4466 
4465 
4464 
4463 
4463 
4463 
4461 
4461 
4461 
4460 
4459 
4458 
4456 
4454 
4452 
4450 
4450 
4449 
4449 
4448 
4448 
4447 
4445 
4443 
4442 
4439 
4438 
4437 
4435 
4435 
4434 
4434 
4433 
4433 
4432 
4430 
4430 
4429 
4428 
4425 
4424 
4423 
4422 
4422 
4422 
4421 
4420 
4420 
4420 
4420 
4419 
4419 
4418 
4418 
4418 
4417 
4417 
4416 
4414 
4414 
4414 
4413 
4412 
4412 
4408 
4408 
4407 
4399 
4399 
4399 
4399 
4398 
4398 
4397 
4397 
4396 
4393 
4392 
4391 
4391 
4390 
4389 
4388 
4388 
4388 
4388 
4387 
4385 
4384 
4383 
4383 
4381 
4379 
4379 
4378 
4378 
4378 
4378 
4377 
4377 
4374 
4373 
4373 
4373 
4373 
4372 
4371 
4370 
4369 
4368 
4367 
4367 
4366 
4366 
4365 
4364 
4364 
4363 
4361 
4359 
4359 
4357 
4354 
4354 
4352 
4350 
4349 
4346 
4346 
4343 
4343 
4342 
4342 
4342 
4342 
4341 
4339 
4337 
4337 
4337 
4335 
4334 
4330 
4330 
4329 
4328 
4327 
4327 
4326 
4325 
4325 
4325 
4324 
4324 
4323 
4322 
4321 
4320 
4320 
4318 
4317 
4316 
4314 
4314 
4312 
4310 
4309 
4309 
4307 
4305 
4305 
4305 
4304 
4304 
4302 
4301 
4301 
4300 
4298 
4297 
4295 
4294 
4294 
4294 
4293 
4293 
4293 
4291 
4291 
4291 
4289 
4287 
4285 
4285 
4283 
4283 
4283 
4282 
4281 
4280 
4280 
4279 
4277 
4277 
4276 
4275 
4275 
4274 
4273 
4273 
4273 
4272 
4271 
4270 
4270 
4269 
4267 
4266 
4266 
4262 
4261 
4260 
4258 
4258 
4258 
4257 
4256 
4256 
4254 
4254 
4254 
4253 
4251 
4248 
4247 
4246 
4245 
4243 
4243 
4241 
4240 
4240 
4236 
4236 
4234 
4232 
4232 
4231 
4229 
4229 
4229 
4227 
4227 
4226 
4226 
4225 
4223 
4223 
4222 
4221 
4219 
4219 
4216 
4214 
4212 
4210 
4208 
4207 
4205 
4203 
4202 
4201 
4201 
4201 
4200 
4200 
4198 
4192 
4190 
4189 
4188 
4185 
4185 
4185 
4184 
4184 
4184 
4184 
4182 
4179 
4179 
4179 
4178 
4177 
4174 
4171 
4169 
4168 
4168 
4166 
4165 
4165 
4164 
4163 
4161 
4161 
4160 
4155 
4155 
4153 
4153 
4150 
4148 
4145 
4145 
4145 
4145 
4144 
4143 
4143 
4141 
4140 
4139 
4139 
4138 
4137 
4137 
4135 
4134 
4134 
4134 
4131 
4131 
4131 
4130 
4128 
4128 
4128 
4127 
4127 
4123 
4120 
4120 
4119 
4119 
4118 
4117 
4116 
4116 
4115 
4114 
4113 
4112 
4108 
4107 
4107 
4105 
4105 
4102 
4101 
4100 
4099 
4099 
4097 
4095 
4094 
4090 
4089 
4088 
4086 
4086 
4086 
4085 
4084 
4083 
4083 
4082 
4082 
4081 
4080 
4079 
4076 
4076 
4075 
4075 
4073 
4072 
4072 
4071 
4068 
4068 
4068 
4067 
4067 
4067 
4066 
4063 
4063 
4062 
4062 
4059 
4057 
4057 
4057 
4057 
4054 
4052 
4051 
4051 
4046 
4045 
4044 
4043 
4042 
4042 
4042 
4039 
4039 
4039 
4037 
4036 
4035 
4035 
4034 
4034 
4034 
4032 
4030 
4029 
4029 
4028 
4027 
4027 
4027 
4027 
4026 
4025 
4025 
4024 
4022 
4022 
4020 
4018 
4018 
4017 
4016 
4016 
4016 
4015 
4014 
4013 
4013 
4011 
4008 
4008 
4007 
4006 
4005 
4005 
4004 
4004 
4002 
4001 
3998 
3998 
3997 
3996 
3996 
3994 
3993 
3993 
3993 
3991 
3991 
3990 
3988 
3988 
3986 
3985 
3984 
3982 
3981 
3981 
3980 
3978 
3977 
3975 
3974 
3974 
3974 
3974 
3973 
3971 
3969 
3967 
3967 
3966 
3966 
3965 
3963 
3963 
3963 
3962 
3960 
3958 
3956 
3955 
3954 
3954 
3953 
3951 
3950 
3947 
3947 
3946 
3945 
3945 
3944 
3944 
3943 
3942 
3942 
3941 
3940 
3939 
3936 
3936 
3936 
3935 
3935 
3934 
3932 
3932 
3932 
3931 
3930 
3928 
3927 
3924 
3924 
3923 
3921 
3919 
3917 
3916 
3916 
3915 
3915 
3908 
3908 
3907 
3907 
3907 
3907 
3906 
3906 
3905 
3905 
3905 
3904 
3903 
3902 
3902 
3901 
3899 
3899 
3899 
3898 
3897 
3895 
3895 
3895 
3894 
3894 
3887 
3887 
3886 
3886 
3886 
3886 
3885 
3883 
3882 
3880 
3878 
3877 
3877 
3876 
3876 
3875 
3873 
3873 
3872 
3871 
3870 
3870 
3870 
3869 
3869 
3868 
3866 
3863 
3862 
3860 
3856 
3856 
3856 
3854 
3853 
3852 
3848 
3847 
3846 
3845 
3845 
3841 
3838 
3838 
3837 
3836 
3836 
3835 
3834 
3832 
3831 
3830 
3830 
3828 
3824 
3824 
3823 
3820 
3820 
3818 
3818 
3816 
3813 
3812 
3812 
3810 
3810 
3810 
3810 
3809 
3809 
3809 
3809 
3806 
3805 
3805 
3805 
3803 
3801 
3801 
3800 
3799 
3798 
3797 
3796 
3796 
3795 
3794 
3791 
3786 
3785 
3780 
3780 
3778 
3778 
3777 
3775 
3775 
3772 
3772 
3768 
3768 
3766 
3766 
3764 
3762 
3760 
3758 
3758 
3757 
3755 
3755 
3753 
3752 
3751 
3750 
3748 
3748 
3747 
3747 
3746 
3746 
3745 
3745 
3745 
3745 
3744 
3743 
3743 
3742 
3742 
3741 
3740 
3739 
3739 
3737 
3736 
3736 
3732 
3732 
3731 
3724 
3723 
3719 
3718 
3717 
3716 
3716 
3715 
3715 
3715 
3714 
3714 
3712 
3712 
3710 
3710 
3708 
3708 
3707 
3704 
3703 
3701 
3701 
3701 
3700 
3700 
3698 
3698 
3697 
3696 
3695 
3695 
3694 
3691 
3690 
3690 
3689 
3688 
3687 
3686 
3685 
3684 
3683 
3682 
3681 
3680 
3680 
3679 
3679 
3676 
3674 
3673 
3672 
3671 
3668 
3667 
3666 
3666 
3666 
3664 
3663 
3659 
3657 
3657 
3656 
3655 
3652 
3648 
3648 
3647 
3646 
3646 
3645 
3645 
3643 
3642 
3641 
3641 
3640 
3640 
3637 
3637 
3634 
3632 
3631 
3630 
3630 
3629 
3628 
3627 
3625 
3625 
3624 
3622 
3622 
3619 
3618 
3617 
3615 
3614 
3613 
3609 
3608 
3604 
3603 
3603 
3600 
3599 
3599 
3598 
3598 
3597 
3596 
3595 
3593 
3593 
3592 
3592 
3590 
3589 
3589 
3589 
3588 
3587 
3585 
3584 
3582 
3580 
3579 
3579 
3575 
3574 
3573 
3573 
3572 
3571 
3570 
3569 
3569 
3569 
3569 
3567 
3567 
3567 
3567 
3567 
3561 
3560 
3560 
3559 
3559 
3559 
3559 
3559 
3558 
3557 
3554 
3549 
3547 
3547 
3547 
3545 
3545 
3545 
3544 
3544 
3544 
3542 
3541 
3540 
3538 
3534 
3533 
3531 
3530 
3527 
3525 
3524 
3524 
3522 
3521 
3521 
3518 
3516 
3516 
3515 
3515 
3514 
3514 
3513 
3512 
3512 
3508 
3508 
3508 
3507 
3505 
3504 
3504 
3503 
3501 
3501 
3497 
3497 
3497 
3494 
3494 
3494 
3492 
3492 
3490 
3489 
3488 
3485 
3484 
3483 
3482 
3481 
3479 
3479 
3478 
3478 
3477 
3477 
3477 
3476 
3476 
3474 
3474 
3473 
3473 
3471 
3470 
3470 
3470 
3470 
3470 
3468 
3467 
3464 
3464 
3459 
3456 
3455 
3455 
3455 
3453 
3453 
3451 
3450 
3450 
3449 
3446 
3445 
3442 
3441 
3441 
3439 
3439 
3438 
3438 
3437 
3437 
3437 
3436 
3431 
3431 
3431 
3431 
3430 
3430 
3424 
3423 
3423 
3423 
3422 
3422 
3422 
3420 
3420 
3419 
3418 
3418 
3414 
3414 
3412 
3411 
3411 
3410 
3408 
3408 
3407 
3407 
3406 
3406 
3405 
3404 
3404 
3404 
3403 
3403 
3403 
3402 
3401 
3398 
3397 
3396 
3396 
3394 
3391 
3390 
3389 
3389 
3388 
3388 
3387 
3387 
3387 
3386 
3386 
3386 
3385 
3384 
3383 
3383 
3382 
3382 
3380 
3380 
3379 
3376 
3376 
3372 
3371 
3369 
3369 
3367 
3365 
3365 
3363 
3363 
3362 
3362 
3362 
3362 
3360 
3358 
3354 
3350 
3348 
3348 
3348 
3347 
3347 
3347 
3345 
3344 
3342 
3341 
3341 
3341 
3341 
3339 
3339 
3339 
3339 
3339 
3338 
3337 
3335 
3335 
3334 
3332 
3330 
3329 
3329 
3329 
3327 
3325 
3322 
3321 
3318 
3317 
3312 
3311 
3311 
3309 
3307 
3306 
3305 
3303 
3302 
3301 
3300 
3297 
3297 
3295 
3295 
3295 
3294 
3294 
3293 
3292 
3291 
3291 
3289 
3289 
3286 
3286 
3285 
3284 
3283 
3282 
3282 
3281 
3281 
3278 
3275 
3275 
3275 
3273 
3272 
3272 
3271 
3270 
3269 
3269 
3265 
3262 
3261 
3259 
3259 
3257 
3255 
3255 
3254 
3252 
3251 
3251 
3249 
3248 
3248 
3247 
3247 
3245 
3244 
3244 
3244 
3244 
3243 
3243 
3242 
3240 
3237 
3236 
3236 
3236 
3236 
3235 
3235 
3233 
3233 
3229 
3229 
3228 
3228 
3227 
3226 
3225 
3223 
3219 
3217 
3217 
3215 
3212 
3210 
3210 
3209 
3209 
3206 
3206 
3204 
3203 
3203 
3202 
3200 
3200 
3200 
3199 
3199 
3199 
3197 
3197 
3197 
3196 
3195 
3190 
3188 
3188 
3188 
3187 
3187 
3186 
3185 
3184 
3183 
3183 
3183 
3180 
3179 
3178 
3178 
3177 
3174 
3173 
3172 
3169 
3168 
3167 
3167 
3167 
3166 
3165 
3164 
3163 
3159 
3158 
3158 
3157 
3157 
3152 
3152 
3151 
3150 
3149 
3148 
3144 
3143 
3142 
3141 
3140 
3140 
3139 
3137 
3137 
3136 
3135 
3134 
3133 
3131 
3130 
3127 
3127 
3126 
3124 
3124 
3124 
3123 
3123 
3117 
3117 
3115 
3113 
3111 
3109 
3106 
3101 
3100 
3099 
3099 
3097 
3096 
3095 
3093 
3092 
3091 
3089 
3089 
3088 
3087 
3086 
3086 
3086 
3085 
3085 
3085 
3084 
3084 
3083 
3082 
3076 
3076 
3075 
3073 
3072 
3070 
3066 
3066 
3064 
3062 
3061 
3060 
3060 
3060 
3059 
3059 
3059 
3058 
3057 
3057 
3055 
3053 
3053 
3053 
3051 
3050 
3048 
3047 
3046 
3045 
3045 
3044 
3043 
3043 
3041 
3041 
3041 
3040 
3037 
3036 
3036 
3036 
3035 
3034 
3032 
3030 
3027 
3026 
3025 
3025 
3024 
3023 
3023 
3023 
3022 
3019 
3018 
3017 
3017 
3015 
3013 
3013 
3010 
3009 
3006 
3006 
3006 
3006 
3005 
3003 
3002 
3000 
2998 
2995 
2994 
2994 
2994 
2991 
2990 
2988 
2987 
2984 
2982 
2981 
2981 
2980 
2980 
2979 
2979 
2979 
2977 
2975 
2974 
2973 
2972 
2970 
2969 
2968 
2968 
2968 
2966 
2965 
2963 
2962 
2961 
2960 
2959 
2958 
2957 
2957 
2956 
2954 
2953 
2952 
2950 
2950 
2950 
2949 
2946 
2946 
2946 
2944 
2943 
2942 
2941 
2938 
2938 
2937 
2936 
2936 
2936 
2936 
2934 
2933 
2932 
2932 
2932 
2931 
2930 
2929 
2929 
2928 
2928 
2925 
2925 
2924 
2923 
2922 
2921 
2921 
2914 
2914 
2914 
2914 
2913 
2912 
2912 
2910 
2909 
2909 
2908 
2907 
2904 
2904 
2900 
2899 
2899 
2899 
2899 
2897 
2896 
2895 
2895 
2894 
2890 
2887 
2887 
2886 
2882 
2881 
2880 
2879 
2879 
2878 
2875 
2874 
2874 
2871 
2871 
2870 
2867 
2867 
2867 
2867 
2865 
2863 
2860 
2859 
2859 
2858 
2857 
2857 
2857 
2855 
2855 
2854 
2852 
2848 
2848 
2847 
2846 
2844 
2842 
2842 
2842 
2842 
2841 
2839 
2838 
2838 
2837 
2837 
2836 
2835 
2835 
2833 
2833 
2832 
2831 
2831 
2830 
2828 
2826 
2824 
2822 
2820 
2819 
2818 
2818 
2818 
2816 
2813 
2813 
2813 
2812 
2812 
2811 
2811 
2810 
2808 
2806 
2805 
2804 
2801 
2800 
2800 
2800 
2799 
2799 
2798 
2797 
2797 
2797 
2796 
2796 
2795 
2793 
2792 
2789 
2785 
2784 
2782 
2782 
2782 
2781 
2781 
2778 
2778 
2778 
2775 
2775 
2773 
2773 
2772 
2771 
2770 
2770 
2768 
2764 
2763 
2763 
2761 
2761 
2759 
2757 
2756 
2756 
2755 
2755 
2755 
2753 
2753 
2751 
2748 
2746 
2745 
2743 
2742 
2741 
2741 
2737 
2735 
2735 
2734 
2731 
2731 
2731 
2730 
2729 
2728 
2726 
2725 
2725 
2724 
2723 
2723 
2722 
2721 
2721 
2718 
2716 
2716 
2715 
2715 
2714 
2713 
2712 
2711 
2711 
2711 
2707 
2705 
2705 
2704 
2704 
2702 
2701 
2701 
2700 
2699 
2698 
2697 
2697 
2695 
2693 
2693 
2691 
2691 
2690 
2689 
2689 
2687 
2686 
2685 
2684 
2684 
2684 
2683 
2683 
2683 
2683 
2681 
2681 
2681 
2680 
2679 
2678 
2678 
2677 
2676 
2676 
2672 
2671 
2670 
2670 
2668 
2668 
2667 
2665 
2665 
2664 
2664 
2663 
2663 
2663 
2658 
2656 
2656 
2655 
2653 
2650 
2646 
2645 
2645 
2644 
2644 
2643 
2642 
2641 
2640 
2639 
2637 
2637 
2636 
2636 
2636 
2634 
2634 
2633 
2633 
2632 
2631 
2631 
2629 
2628 
2627 
2627 
2627 
2625 
2623 
2622 
2621 
2621 
2620 
2620 
2619 
2618 
2617 
2617 
2615 
2614 
2613 
2613 
2612 
2612 
2611 
2610 
2609 
2608 
2608 
2608 
2607 
2607 
2607 
2606 
2606 
2606 
2604 
2604 
2603 
2603 
2602 
2601 
2601 
2599 
2595 
2593 
2591 
2591 
2589 
2587 
2586 
2583 
2582 
2581 
2581 
2581 
2580 
2579 
2579 
2578 
2578 
2575 
2573 
2571 
2571 
2570 
2569 
2567 
2567 
2566 
2565 
2565 
2564 
2564 
2564 
2563 
2560 
2560 
2559 
2557 
2554 
2551 
2550 
2549 
2549 
2548 
2547 
2547 
2546 
2546 
2546 
2544 
2544 
2544 
2543 
2541 
2538 
2538 
2537 
2536 
2535 
2535 
2534 
2534 
2534 
2533 
2533 
2533 
2532 
2530 
2529 
2529 
2528 
2522 
2521 
2520 
2520 
2520 
2519 
2519 
2518 
2517 
2517 
2514 
2513 
2513 
2512 
2511 
2510 
2510 
2510 
2507 
2505 
2505 
2504 
2504 
2503 
2502 
2500 
2500 
2499 
2495 
2494 
2493 
2492 
2491 
2490 
2490 
2489 
2486 
2486 
2485 
2485 
2483 
2483 
2482 
2480 
2480 
2480 
2480 
2479 
2478 
2478 
2477 
2476 
2474 
2473 
2472 
2471 
2470 
2468 
2467 
2464 
2464 
2464 
2463 
2462 
2461 
2461 
2461 
2461 
2460 
2460 
2459 
2458 
2458 
2455 
2454 
2453 
2452 
2450 
2450 
2449 
2446 
2444 
2444 
2442 
2442 
2441 
2440 
2439 
2439 
2439 
2439 
2438 
2438 
2438 
2437 
2436 
2436 
2436 
2436 
2434 
2432 
2430 
2430 
2428 
2427 
2426 
2425 
2423 
2422 
2419 
2418 
2416 
2416 
2414 
2413 
2412 
2411 
2411 
2410 
2408 
2407 
2406 
2404 
2404 
2404 
2403 
2402 
2402 
2402 
2402 
2402 
2401 
2401 
2400 
2400 
2399 
2398 
2398 
2397 
2397 
2396 
2396 
2395 
2394 
2394 
2394 
2393 
2392 
2390 
2390 
2390 
2389 
2388 
2387 
2386 
2385 
2385 
2384 
2384 
2383 
2383 
2382 
2382 
2382 
2380 
2380 
2379 
2379 
2379 
2379 
2378 
2377 
2376 
2375 
2372 
2372 
2369 
2368 
2367 
2367 
2366 
2364 
2363 
2362 
2361 
2360 
2360 
2359 
2358 
2357 
2356 
2356 
2353 
2351 
2351 
2351 
2351 
2349 
2349 
2349 
2349 
2348 
2347 
2347 
2346 
2346 
2345 
2344 
2344 
2343 
2342 
2340 
2340 
2339 
2338 
2338 
2338 
2338 
2338 
2337 
2335 
2335 
2334 
2333 
2333 
2333 
2332 
2331 
2329 
2329 
2329 
2327 
2325 
2325 
2323 
2322 
2321 
2319 
2318 
2318 
2317 
2317 
2317 
2316 
2316 
2316 
2315 
2314 
2314 
2312 
2311 
2310 
2309 
2308 
2308 
2306 
2306 
2306 
2304 
2303 
2302 
2302 
2301 
2300 
2299 
2299 
2297 
2297 
2293 
2292 
2291 
2289 
2288 
2287 
2286 
2284 
2283 
2282 
2281 
2279 
2279 
2279 
2279 
2279 
2278 
2278 
2278 
2278 
2278 
2278 
2275 
2275 
2274 
2274 
2274 
2272 
2272 
2271 
2271 
2270 
2267 
2267 
2264 
2264 
2262 
2260 
2259 
2258 
2257 
2256 
2256 
2254 
2254 
2254 
2252 
2252 
2251 
2250 
2249 
2248 
2247 
2245 
2245 
2245 
2244 
2243 
2243 
2243 
2242 
2240 
2238 
2238 
2238 
2237 
2236 
2236 
2236 
2235 
2233 
2232 
2228 
2227 
2226 
2226 
2225 
2225 
2224 
2224 
2224 
2223 
2223 
2220 
2217 
2216 
2216 
2215 
2213 
2213 
2211 
2210 
2210 
2209 
2209 
2209 
2209 
2208 
2205 
2205 
2201 
2201 
2200 
2199 
2195 
2195 
2195 
2194 
2190 
2189 
2188 
2188 
2186 
2184 
2182 
2182 
2182 
2182 
2181 
2181 
2181 
2179 
2178 
2178 
2177 
2176 
2176 
2176 
2175 
2173 
2173 
2170 
2168 
2168 
2166 
2166 
2165 
2164 
2164 
2164 
2163 
2161 
2161 
2159 
2159 
2158 
2154 
2153 
2153 
2152 
2150 
2150 
2150 
2150 
2150 
2150 
2150 
2148 
2148 
2146 
2146 
2145 
2145 
2144 
2144 
2142 
2141 
2141 
2140 
2140 
2140 
2139 
2138 
2137 
2135 
2133 
2130 
2130 
2129 
2129 
2127 
2127 
2126 
2126 
2124 
2123 
2121 
2120 
2119 
2118 
2116 
2116 
2115 
2112 
2112 
2110 
2110 
2108 
2108 
2107 
2105 
2099 
2099 
2097 
2097 
2097 
2097 
2096 
2095 
2089 
2087 
2087 
2086 
2085 
2085 
2083 
2082 
2081 
2080 
2080 
2078 
2078 
2077 
2077 
2076 
2075 
2075 
2074 
2074 
2073 
2073 
2072 
2072 
2071 
2070 
2069 
2069 
2069 
2068 
2068 
2067 
2065 
2064 
2063 
2063 
2063 
2063 
2061 
2060 
2058 
2058 
2057 
2057 
2056 
2055 
2053 
2051 
2050 
2048 
2047 
2044 
2043 
2042 
2041 
2041 
2040 
2038 
2037 
2032 
2030 
2030 
2028 
2027 
2026 
2025 
2025 
2024 
2024 
2024 
2022 
2020 
2018 
2017 
2015 
2014 
2013 
2013 
2012 
2012 
2011 
2011 
2010 
2009 
2007 
2006 
2004 
2004 
2001 
2000 
1999 
1998 
1997 
1995 
1994 
1994 
1992 
1991 
1990 
1989 
1988 
1986 
1985 
1985 
1984 
1983 
1983 
1982 
1982 
1982 
1981 
1979 
1978 
1977 
1977 
1976 
1976 
1976 
1974 
1973 
1972 
1972 
1972 
1971 
1971 
1970 
1970 
1967 
1967 
1965 
1965 
1964 
1964 
1962 
1962 
1961 
1960 
1957 
1955 
1953 
1951 
1951 
1951 
1949 
1949 
1946 
1943 
1941 
1939 
1939 
1938 
1938 
1936 
1933 
1930 
1928 
1927 
1927 
1926 
1925 
1922 
1922 
1920 
1920 
1919 
1918 
1917 
1917 
1916 
1916 
1916 
1916 
1915 
1915 
1912 
1911 
1911 
1910 
1909 
1908 
1908 
1907 
1907 
1907 
1907 
1906 
1906 
1905 
1904 
1903 
1903 
1902 
1902 
1902 
1901 
1901 
1900 
1900 
1900 
1899 
1899 
1899 
1898 
1895 
1895 
1893 
1892 
1891 
1890 
1889 
1889 
1889 
1887 
1887 
1886 
1884 
1883 
1883 
1883 
1882 
1881 
1879 
1875 
1875 
1874 
1872 
1872 
1872 
1871 
1870 
1869 
1868 
1868 
1866 
1866 
1864 
1863 
1862 
1862 
1861 
1860 
1859 
1856 
1855 
1853 
1852 
1852 
1851 
1850 
1849 
1846 
1843 
1842 
1842 
1842 
1841 
1840 
1840 
1839 
1839 
1838 
1837 
1837 
1836 
1836 
1835 
1835 
1835 
1835 
1831 
1829 
1828 
1828 
1826 
1823 
1822 
1821 
1820 
1819 
1819 
1817 
1816 
1816 
1816 
1809 
1808 
1805 
1804 
1803 
1803 
1802 
1798 
1798 
1798 
1798 
1797 
1796 
1794 
1793 
1792 
1790 
1790 
1787 
1786 
1784 
1781 
1781 
1781 
1780 
1780 
1779 
1779 
1778 
1778 
1776 
1775 
1775 
1774 
1771 
1770 
1770 
1770 
1769 
1767 
1767 
1766 
1766 
1765 
1765 
1763 
1762 
1761 
1760 
1759 
1759 
1758 
1757 
1757 
1756 
1755 
1755 
1754 
1754 
1754 
1752 
1752 
1751 
1750 
1750 
1746 
1745 
1740 
1739 
1738 
1738 
1737 
1735 
1732 
1732 
1732 
1731 
1731 
1729 
1725 
1723 
1722 
1722 
1718 
1717 
1717 
1717 
1716 
1713 
1713 
1712 
1710 
1710 
1708 
1705 
1705 
1704 
1704 
1702 
1697 
1697 
1696 
1692 
1690 
1689 
1689 
1688 
1688 
1686 
1686 
1684 
1682 
1682 
1681 
1681 
1678 
1677 
1677 
1676 
1676 
1675 
1674 
1672 
1671 
1671 
1671 
1669 
1669 
1667 
1667 
1667 
1666 
1666 
1665 
1664 
1664 
1661 
1660 
1660 
1660 
1655 
1654 
1654 
1652 
1651 
1651 
1650 
1650 
1649 
1649 
1646 
1645 
1644 
1643 
1641 
1641 
1640 
1640 
1637 
1636 
1636 
1636 
1633 
1632 
1632 
1632 
1632 
1630 
1630 
1630 
1629 
1628 
1626 
1625 
1624 
1624 
1623 
1623 
1622 
1621 
1620 
1619 
1619 
1618 
1618 
1616 
1616 
1616 
1616 
1615 
1614 
1613 
1611 
1611 
1611 
1610 
1610 
1609 
1609 
1608 
1608 
1606 
1601 
1600 
1600 
1599 
1599 
1596 
1596 
1595 
1594 
1593 
1592 
1591 
1591 
1590 
1590 
1589 
1588 
1588 
1587 
1587 
1586 
1586 
1586 
1586 
1585 
1584 
1584 
1583 
1582 
1581 
1580 
1580 
1580 
1579 
1578 
1577 
1575 
1575 
1574 
1573 
1572 
1572 
1571 
1571 
1569 
1569 
1568 
1568 
1567 
1566 
1566 
1563 
1563 
1559 
1557 
1554 
1554 
1553 
1552 
1550 
1548 
1548 
1548 
1548 
1547 
1546 
1545 
1545 
1543 
1543 
1542 
1541 
1540 
1537 
1536 
1536 
1535 
1535 
1534 
1533 
1533 
1532 
1531 
1530 
1529 
1528 
1527 
1526 
1523 
1523 
1521 
1521 
1520 
1520 
1520 
1520 
1519 
1518 
1517 
1517 
1517 
1516 
1516 
1516 
1515 
1514 
1513 
1513 
1513 
1512 
1511 
1511 
1510 
1509 
1508 
1507 
1507 
1506 
1504 
1500 
1499 
1499 
1497 
1497 
1496 
1495 
1495 
1494 
1492 
1490 
1490 
1489 
1489 
1488 
1486 
1486 
1485 
1484 
1484 
1484 
1483 
1483 
1483 
1483 
1482 
1482 
1481 
1481 
1479 
1478 
1477 
1476 
1476 
1476 
1476 
1475 
1475 
1474 
1474 
1473 
1469 
1469 
1467 
1467 
1465 
1465 
1463 
1463 
1463 
1462 
1462 
1460 
1460 
1460 
1459 
1458 
1454 
1453 
1453 
1450 
1449 
1448 
1445 
1445 
1443 
1442 
1440 
1440 
1439 
1439 
1439 
1438 
1438 
1436 
1435 
1435 
1433 
1433 
1431 
1430 
1430 
1430 
1429 
1429 
1428 
1428 
1428 
1425 
1425 
1425 
1424 
1421 
1420 
1420 
1420 
1420 
1419 
1418 
1418 
1417 
1416 
1416 
1416 
1415 
1414 
1412 
1411 
1411 
1409 
1408 
1408 
1403 
1403 
1402 
1399 
1394 
1392 
1391 
1391 
1390 
1390 
1389 
1389 
1388 
1388 
1387 
1386 
1386 
1385 
1385 
1384 
1384 
1383 
1382 
1381 
1381 
1380 
1380 
1379 
1377 
1376 
1376 
1375 
1373 
1373 
1371 
1370 
1369 
1366 
1364 
1364 
1364 
1364 
1363 
1362 
1362 
1360 
1358 
1356 
1356 
1354 
1354 
1353 
1352 
1352 
1351 
1349 
1347 
1345 
1341 
1341 
1339 
1339 
1339 
1339 
1337 
1337 
1337 
1337 
1334 
1333 
1333 
1333 
1332 
1330 
1329 
1329 
1328 
1325 
1325 
1321 
1321 
1321 
1320 
1320 
1319 
1317 
1317 
1317 
1316 
1316 
1314 
1312 
1310 
1308 
1307 
1306 
1305 
1300 
1300 
1297 
1295 
1293 
1292 
1290 
1287 
1283 
1283 
1282 
1282 
1279 
1279 
1278 
1277 
1272 
1272 
1272 
1272 
1270 
1270 
1269 
1267 
1266 
1265 
1264 
1263 
1262 
1259 
1259 
1257 
1257 
1257 
1255 
1254 
1253 
1252 
1251 
1248 
1248 
1248 
1247 
1245 
1244 
1243 
1243 
1243 
1243 
1242 
1242 
1241 
1241 
1241 
1241 
1240 
1240 
1239 
1238 
1237 
1237 
1236 
1234 
1233 
1232 
1231 
1228 
1228 
1227 
1227 
1226 
1226 
1225 
1224 
1224 
1224 
1220 
1218 
1218 
1217 
1217 
1216 
1212 
1212 
1211 
1211 
1209 
1208 
1208 
1208 
1208 
1207 
1207 
1207 
1205 
1204 
1204 
1202 
1199 
1198 
1195 
1195 
1195 
1195 
1195 
1194 
1193 
1191 
1190 
1190 
1189 
1189 
1188 
1187 
1186 
1186 
1185 
1185 
1181 
1181 
1180 
1180 
1179 
1178 
1176 
1176 
1175 
1174 
1174 
1174 
1174 
1173 
1173 
1172 
1170 
1170 
1168 
1167 
1165 
1165 
1165 
1164 
1163 
1163 
1162 
1162 
1161 
1161 
1159 
1159 
1158 
1157 
1157 
1157 
1156 
1155 
1155 
1152 
1152 
1150 
1149 
1149 
1149 
1147 
1147 
1145 
1144 
1144 
1143 
1139 
1138 
1138 
1136 
1135 
1133 
1131 
1128 
1128 
1127 
1127 
1125 
1124 
1124 
1124 
1124 
1123 
1123 
1121 
1121 
1120 
1119 
1119 
1118 
1118 
1118 
1115 
1113 
1113 
1112 
1112 
1112 
1110 
1107 
1107 
1106 
1103 
1103 
1103 
1101 
1101 
1101 
1101 
1101 
1098 
1098 
1097 
1096 
1090 
1089 
1088 
1087 
1083 
1083 
1081 
1080 
1079 
1078 
1078 
1078 
1077 
1077 
1071 
1069 
1069 
1066 
1064 
1064 
1063 
1062 
1062 
1060 
1059 
1058 
1057 
1056 
1056 
1054 
1054 
1052 
1052 
1052 
1052 
1052 
1049 
1049 
1048 
1046 
1046 
1046 
1041 
1039 
1038 
1037 
1033 
1032 
1031 
1029 
1028 
1028 
1027 
1026 
1022 
1021 
1020 
1020 
1020 
1020 
1018 
1017 
1015 
1013 
1011 
1011 
1011 
1010 
1009 
1009 
1008 
1008 
1007 
1005 
1005 
1005 
1000 
998 
997 
996 
994 
992 
991 
991 
990 
990 
989 
989 
988 
986 
985 
982 
982 
981 
981 
980 
978 
976 
975 
974 
973 
972 
971 
971 
970 
970 
970 
969 
968 
968 
967 
967 
967 
967 
966 
965 
965 
962 
960 
960 
960 
959 
958 
958 
956 
955 
955 
954 
953 
953 
953 
952 
951 
951 
950 
949 
948 
946 
946 
945 
945 
944 
944 
943 
942 
939 
939 
939 
939 
938 
934 
931 
929 
928 
926 
925 
924 
923 
923 
921 
920 
920 
919 
919 
918 
918 
917 
913 
909 
908 
907 
906 
904 
901 
900 
900 
898 
897 
897 
896 
895 
892 
892 
891 
891 
890 
890 
889 
886 
885 
885 
884 
884 
883 
880 
880 
879 
879 
878 
877 
872 
869 
869 
867 
864 
862 
862 
861 
861 
860 
860 
860 
859 
858 
856 
855 
855 
854 
852 
852 
852 
846 
846 
846 
845 
844 
844 
842 
841 
841 
841 
838 
836 
834 
834 
832 
832 
831 
831 
830 
827 
826 
826 
825 
824 
823 
822 
820 
818 
817 
817 
816 
816 
815 
814 
813 
812 
812 
809 
809 
808 
808 
805 
804 
804 
802 
799 
799 
799 
798 
796 
794 
794 
793 
791 
791 
789 
789 
789 
789 
787 
787 
786 
783 
783 
780 
780 
779 
779 
778 
778 
776 
776 
775 
774 
770 
769 
765 
765 
764 
762 
759 
758 
758 
756 
755 
754 
752 
751 
751 
749 
749 
748 
748 
746 
746 
745 
744 
743 
743 
742 
741 
739 
736 
736 
732 
731 
731 
730 
727 
727 
726 
726 
725 
725 
724 
724 
724 
723 
722 
722 
720 
720 
720 
720 
720 
718 
717 
717 
717 
716 
715 
715 
714 
712 
711 
709 
708 
707 
707 
707 
706 
706 
706 
704 
703 
703 
702 
701 
700 
699 
699 
699 
698 
698 
695 
695 
695 
694 
693 
692 
691 
690 
690 
690 
690 
690 
690 
689 
689 
688 
687 
686 
686 
686 
682 
680 
680 
679 
679 
677 
677 
675 
675 
674 
673 
673 
672 
670 
669 
667 
667 
666 
665 
664 
664 
664 
664 
663 
662 
662 
660 
660 
660 
658 
657 
657 
657 
656 
655 
654 
653 
653 
653 
651 
648 
648 
646 
645 
644 
643 
643 
642 
641 
639 
639 
639 
637 
633 
631 
629 
629 
628 
628 
627 
625 
625 
624 
624 
624 
624 
623 
622 
620 
620 
619 
617 
616 
615 
615 
614 
613 
613 
611 
611 
609 
609 
608 
608 
607 
606 
606 
605 
604 
603 
603 
601 
600 
598 
598 
598 
597 
596 
595 
595 
594 
591 
586 
585 
584 
583 
582 
582 
581 
580 
580 
579 
579 
576 
575 
573 
573 
573 
572 
572 
571 
570 
569 
569 
568 
567 
566 
561 
560 
557 
555 
555 
554 
551 
550 
550 
546 
545 
544 
543 
543 
541 
541 
540 
538 
538 
536 
536 
536 
535 
534 
534 
533 
532 
531 
529 
526 
526 
526 
526 
525 
525 
524 
523 
522 
522 
521 
520 
518 
518 
518 
516 
514 
513 
513 
512 
512 
511 
509 
507 
507 
507 
505 
505 
502 
502 
500 
499 
497 
496 
495 
493 
489 
489 
488 
486 
486 
486 
485 
485 
485 
482 
481 
480 
480 
479 
479 
478 
477 
477 
476 
474 
474 
472 
471 
471 
470 
470 
469 
468 
466 
464 
463 
462 
461 
461 
458 
458 
457 
457 
457 
457 
455 
455 
451 
451 
451 
451 
450 
450 
449 
449 
448 
446 
446 
441 
441 
441 
440 
438 
435 
435 
435 
433 
433 
433 
432 
432 
432 
431 
431 
430 
430 
428 
427 
427 
425 
424 
424 
420 
420 
418 
417 
416 
416 
415 
415 
415 
413 
413 
413 
409 
409 
409 
409 
408 
406 
406 
405 
404 
404 
402 
402 
401 
399 
396 
396 
395 
395 
395 
394 
393 
393 
391 
390 
390 
389 
388 
387 
386 
385 
384 
384 
383 
382 
382 
381 
378 
378 
376 
376 
375 
374 
374 
374 
373 
371 
371 
370 
370 
369 
369 
368 
367 
367 
367 
364 
360 
359 
358 
358 
356 
355 
355 
355 
354 
354 
353 
352 
352 
350 
350 
350 
349 
348 
348 
348 
348 
347 
346 
345 
345 
344 
344 
344 
341 
339 
339 
337 
333 
333 
332 
332 
331 
331 
331 
330 
330 
330 
328 
325 
325 
324 
323 
320 
319 
319 
318 
318 
318 
317 
315 
314 
314 
311 
311 
311 
310 
310 
309 
309 
308 
306 
305 
304 
303 
303 
303 
302 
299 
298 
297 
297 
295 
293 
292 
292 
292 
291 
291 
290 
290 
286 
286 
286 
285 
283 
282 
282 
282 
282 
280 
279 
278 
277 
276 
275 
275 
275 
274 
273 
272 
272 
270 
270 
269 
269 
268 
267 
266 
264 
263 
262 
261 
261 
260 
260 
258 
257 
254 
253 
253 
253 
251 
250 
249 
249 
247 
247 
247 
246 
246 
245 
244 
244 
242 
241 
240 
240 
240 
239 
238 
236 
235 
233 
233 
233 
231 
230 
226 
225 
224 
223 
223 
223 
223 
221 
220 
219 
218 
218 
218 
216 
212 
212 
211 
211 
210 
210 
209 
209 
208 
208 
207 
206 
204 
202 
201 
201 
199 
196 
196 
195 
194 
193 
193 
192 
191 
190 
189 
187 
187 
187 
186 
186 
185 
185 
185 
185 
185 
185 
183 
183 
182 
182 
181 
179 
179 
177 
177 
175 
175 
174 
172 
172 
169 
168 
167 
165 
164 
164 
162 
162 
162 
160 
159 
159 
159 
159 
156 
156 
156 
153 
151 
151 
149 
149 
149 
148 
148 
147 
147 
147 
146 
145 
145 
145 
141 
140 
138 
137 
136 
133 
132 
131 
131 
130 
127 
126 
125 
124 
124 
123 
121 
119 
118 
118 
117 
117 
116 
115 
114 
111 
110 
110 
110 
106 
104 
104 
101 
100 
98 
98 
97 
96 
95 
91 
90 
89 
89 
89 
88 
88 
86 
85 
85 
85 
85 
84 
84 
82 
82 
81 
79 
78 
75 
75 
73 
72 
71 
71 
71 
68 
68 
68 
67 
66 
65 
64 
64 
64 
64 
62 
61 
61 
61 
59 
55 
54 
52 
51 
51 
50 
48 
46 
43 
43 
41 
41 
41 
40 
36 
36 
33 
30 
29 
29 
28 
28 
27 
27 
26 
26 
25 
24 
23 
21 
20 
19 
19 
19 
15 
15 
14 
11 
10 
10 
9 
8 
8 
8 
5 
1 
