99 99 99
35 95 18 82 51 99 48 24 25 4 10 56 11 25 73 7 51 74 26 62 27 72 80 80 11 92 34 28 33 41 14 4 11 64 56 29 77 92 42 80 10 32 93 36 54 96 96 14 75 77 9 57 80 49 71 31 53 14 85 38 6 34 34 92 62 4 89 26 75 73 97 86 76 0 3 56 65 65 30 32 44 47 38 28 13 77 38 81 30 65 58 8 10 31 13 62 83 23 61 
7 51 63 42 37 12 40 15 15 94 24 85 46 86 62 27 0 11 4 65 83 66 95 21 24 72 79 15 22 65 53 32 38 96 9 5 14 47 68 91 36 87 62 34 43 66 43 31 31 75 96 43 56 63 0 79 5 12 84 42 43 92 43 95 66 11 5 2 27 99 66 51 32 91 95 53 12 24 64 3 53 21 68 64 47 80 53 44 21 29 50 40 5 97 84 50 12 11 87 
43 75 49 58 53 21 26 64 93 70 59 79 19 62 44 18 93 38 72 47 66 86 70 81 35 86 69 94 7 82 53 73 66 45 84 97 98 46 61 50 41 11 49 81 11 33 80 78 7 11 98 79 20 57 41 78 77 45 53 34 29 30 91 80 4 6 83 10 59 90 18 72 40 42 75 62 88 82 69 47 81 72 45 80 83 9 90 68 24 11 54 91 46 20 24 19 4 42 28 
11 27 73 60 4 30 32 71 95 38 63 31 77 37 46 37 42 18 49 9 41 1 96 78 50 26 99 93 17 80 9 25 12 39 49 62 53 59 14 41 10 43 54 97 47 94 54 37 13 91 40 87 53 10 3 77 36 15 67 42 73 59 6 59 58 6 81 62 29 79 73 24 60 13 61 36 44 67 81 20 75 51 48 32 9 15 96 36 21 3 77 55 58 40 6 9 63 31 35 
60 5 67 74 31 34 39 9 47 14 2 22 37 85 84 5 40 54 69 78 12 52 97 26 53 79 43 34 82 33 61 44 28 3 83 6 67 93 64 18 26 37 72 78 52 91 7 62 4 13 5 20 6 35 19 72 83 46 74 99 39 16 62 51 1 50 50 10 77 62 98 81 66 60 12 0 46 7 42 90 64 21 92 86 67 1 36 24 54 7 44 25 49 20 98 21 48 58 22 
55 88 16 19 42 66 83 16 29 57 95 80 89 44 88 75 91 47 25 21 69 63 33 31 64 12 98 42 70 96 52 60 32 41 4 65 44 75 31 20 57 74 53 25 48 72 65 36 1 42 44 45 84 15 47 36 17 26 71 11 50 13 13 31 41 29 4 51 69 33 43 84 34 28 77 36 97 52 61 96 95 60 78 24 15 51 43 98 74 14 42 65 18 93 52 3 47 40 3 
81 58 23 46 16 18 42 9 56 84 80 84 44 29 90 21 26 6 33 17 30 66 9 98 33 99 8 41 57 96 28 44 42 59 52 57 16 56 85 98 8 87 6 59 8 78 2 16 42 68 95 75 51 36 42 15 66 81 76 55 74 57 64 37 17 35 1 68 85 48 83 58 39 88 30 69 9 74 7 87 80 23 29 60 16 76 55 14 27 18 52 61 9 51 81 78 33 85 1 
81 29 94 58 2 69 54 4 55 54 36 12 57 9 51 57 54 81 68 15 74 87 8 79 65 87 25 10 82 40 11 81 38 82 11 58 88 32 57 95 89 26 63 9 12 85 23 29 61 17 28 99 26 83 5 17 66 89 44 8 86 9 75 93 86 35 7 79 5 3 25 24 0 25 79 94 87 0 34 29 11 64 43 79 88 1 2 28 43 70 38 68 29 4 95 43 57 63 47 
56 22 16 16 8 46 52 29 24 45 24 70 97 35 43 46 15 91 11 67 90 11 52 62 19 58 45 63 35 92 16 94 90 85 79 80 73 22 14 60 84 24 71 58 49 71 98 3 28 22 41 90 93 9 82 97 2 31 78 70 99 7 53 10 48 62 0 19 8 10 15 62 13 21 99 47 55 70 34 78 81 42 90 29 53 79 62 76 21 54 17 13 1 70 68 68 32 9 61 
55 31 58 58 65 73 98 93 21 8 23 92 44 55 31 18 70 58 12 96 22 92 61 85 26 95 15 15 25 82 5 8 14 87 41 92 11 64 9 42 82 7 3 67 94 7 92 38 87 42 31 55 38 54 44 6 62 47 43 1 12 31 84 99 94 69 74 95 58 52 12 76 53 25 56 32 97 17 98 27 51 90 60 76 51 94 44 71 33 51 18 87 2 5 34 13 72 17 47 
50 55 20 88 59 72 65 77 84 73 41 42 9 83 30 38 57 43 60 96 87 0 97 40 42 91 2 48 93 74 87 70 39 28 73 20 9 79 98 83 12 95 82 95 94 67 29 90 90 20 45 67 12 50 75 94 95 59 38 16 18 1 16 97 2 59 84 61 78 8 97 96 17 40 60 31 3 8 84 50 79 20 45 82 47 94 7 53 43 51 34 39 63 50 38 28 83 56 96 
42 90 7 22 99 51 86 78 26 17 64 51 77 92 85 54 76 51 19 12 55 73 13 95 50 25 22 63 59 72 50 12 96 38 19 85 90 62 29 95 52 46 46 20 2 95 90 73 9 71 13 48 65 90 76 61 83 34 36 91 73 13 81 49 8 95 99 78 49 20 33 83 52 33 14 70 13 42 64 24 57 56 14 43 32 24 58 30 94 55 2 78 56 60 92 73 36 42 39 
55 1 95 91 67 27 84 25 10 24 45 8 11 35 22 84 88 92 19 30 35 96 9 80 64 29 89 16 31 79 96 0 2 9 42 76 22 64 19 74 5 72 86 34 21 86 63 19 44 12 14 61 77 15 98 49 21 84 85 60 1 51 89 13 91 25 7 90 9 92 10 72 93 20 55 29 18 76 3 64 9 48 94 3 50 74 15 70 57 96 66 74 65 49 58 36 83 82 33 
14 43 34 98 63 25 58 2 1 53 46 17 17 82 66 72 26 77 31 17 58 66 62 28 76 74 60 55 35 21 18 15 80 18 77 81 74 20 76 64 44 4 8 48 39 59 76 14 93 10 55 74 0 72 75 95 48 98 15 47 81 16 90 95 31 68 90 52 96 39 18 71 68 62 35 8 50 8 15 95 33 93 5 75 1 61 3 62 75 55 63 8 58 15 58 69 32 58 42 
20 92 36 76 44 48 93 67 52 81 78 51 65 96 68 42 44 74 13 21 99 28 30 39 10 16 68 40 18 60 54 95 15 54 5 57 5 66 21 20 58 86 98 59 85 79 3 68 38 12 59 1 74 91 17 99 30 43 20 0 81 36 82 10 53 14 59 47 37 45 11 49 99 61 71 56 25 81 69 70 67 43 29 57 72 24 18 0 73 53 21 47 11 78 49 51 56 17 55 
55 58 28 25 18 56 32 94 63 47 55 65 75 22 0 57 42 91 30 20 14 39 41 4 59 51 33 42 23 67 72 14 93 92 95 12 94 59 36 13 28 39 73 33 95 18 55 75 96 60 22 97 64 42 40 48 51 69 54 42 96 66 77 37 16 86 91 98 41 88 32 62 87 7 55 47 15 74 8 34 81 37 87 55 12 4 85 43 39 53 13 92 88 1 47 6 57 91 10 
56 2 12 4 1 49 83 61 31 25 6 30 17 3 65 65 38 50 96 57 8 55 43 91 20 24 20 30 88 9 12 9 85 12 32 83 88 77 87 96 18 27 70 52 2 94 19 34 64 72 15 76 2 78 66 2 26 39 83 2 73 96 52 81 33 88 82 39 84 67 77 86 67 62 40 99 12 49 55 76 51 43 3 86 98 91 21 64 50 64 57 80 94 12 3 23 33 55 82 
25 48 14 57 49 76 55 99 76 64 32 25 18 53 23 15 14 58 37 63 82 62 84 23 15 49 69 4 73 61 5 95 80 54 60 9 0 16 14 38 51 31 54 55 52 94 87 87 76 88 38 89 34 50 16 60 67 10 93 57 66 8 9 7 53 10 11 84 19 1 52 9 29 27 68 56 56 16 86 16 66 19 31 51 28 14 71 38 88 34 71 2 69 20 9 16 50 45 79 
32 87 86 95 57 62 8 74 91 63 62 35 69 85 63 72 1 80 80 56 10 72 43 52 9 79 20 72 47 35 0 59 74 83 18 43 92 19 68 75 26 15 35 98 1 17 58 76 26 59 8 87 87 21 77 39 8 51 73 42 20 99 55 58 19 56 94 96 68 71 20 92 9 80 33 38 37 42 50 75 9 3 39 14 2 76 8 13 28 44 41 6 41 70 34 55 28 56 53 
68 30 65 60 99 10 12 4 70 80 82 5 21 84 67 60 80 21 9 85 34 23 52 72 52 52 8 24 65 75 34 3 70 42 28 64 62 59 34 83 70 76 37 48 23 10 75 90 56 7 59 41 19 96 85 43 97 24 17 78 63 16 85 78 6 85 81 26 22 79 27 65 62 94 44 58 9 81 1 73 86 51 68 61 70 68 98 77 58 91 14 16 84 39 43 66 1 56 33 
1 36 51 20 26 44 21 34 22 92 99 27 20 69 10 53 56 3 28 22 99 17 38 85 84 49 16 40 58 87 31 7 83 29 87 13 49 64 50 15 29 54 41 6 99 5 56 57 1 72 80 87 8 84 79 50 15 21 91 96 95 77 36 70 94 70 26 46 60 33 97 59 51 88 34 87 99 48 63 42 53 96 80 5 71 29 1 37 87 2 13 37 32 55 42 72 2 31 51 
53 4 56 63 12 58 51 16 0 0 80 89 49 45 67 58 90 0 64 9 51 6 1 25 98 96 75 5 33 17 23 41 38 68 49 88 67 17 3 99 3 38 59 34 47 93 26 42 55 66 93 54 16 93 96 89 84 21 88 9 13 49 8 95 60 63 16 56 5 7 41 54 59 63 1 77 29 90 1 97 54 69 65 85 15 44 28 61 18 73 61 1 66 44 49 78 18 90 43 
83 9 91 23 59 31 70 23 41 35 81 51 39 41 45 29 68 4 25 7 72 8 97 7 60 15 4 99 70 55 6 87 32 65 57 59 90 31 85 55 96 13 30 80 2 6 21 69 49 22 20 88 76 93 4 43 51 81 14 42 49 81 93 62 25 73 62 13 26 35 16 26 8 87 86 70 31 20 45 82 97 41 70 96 49 55 94 97 6 78 34 23 0 59 83 98 1 11 98 
81 59 2 35 23 72 30 61 79 88 93 95 40 48 49 47 73 2 72 26 97 87 49 84 85 15 18 37 42 77 85 93 57 45 20 58 45 42 10 3 17 25 96 66 31 1 79 36 94 96 0 83 83 84 25 2 46 13 86 74 98 96 93 20 55 82 99 52 21 55 79 68 59 9 55 91 29 72 94 67 32 68 24 48 38 1 73 28 74 80 66 41 35 53 5 37 35 82 1 
66 88 42 49 49 38 39 36 33 86 12 25 90 12 22 93 44 57 86 97 89 65 80 85 87 32 8 42 44 89 68 18 93 22 58 19 72 12 20 24 48 0 52 71 12 3 86 65 15 55 79 44 37 40 14 49 32 45 71 12 5 24 33 22 58 28 27 25 48 92 57 40 3 5 86 2 84 92 80 0 64 67 71 34 28 62 72 49 2 28 10 34 25 56 36 65 79 41 72 
26 92 93 78 57 88 4 86 8 40 64 80 7 84 7 26 34 46 96 24 85 65 24 82 7 27 88 98 20 1 35 22 30 46 92 10 22 20 95 64 61 72 45 2 91 3 88 72 1 22 11 5 41 45 78 28 35 73 52 57 2 29 0 68 77 26 23 95 9 79 38 26 90 92 28 33 31 28 88 81 18 15 38 69 42 66 89 26 59 25 70 13 76 66 95 43 25 62 33 
19 64 3 9 60 56 71 78 9 83 97 44 92 4 47 72 83 72 12 56 82 86 62 7 95 59 35 54 39 52 83 97 7 69 68 77 18 84 63 9 45 59 5 22 13 50 34 97 31 53 45 48 78 21 88 32 74 9 68 54 97 74 78 76 3 58 4 43 73 64 8 6 27 21 49 73 82 13 3 38 59 7 28 88 96 98 1 6 4 58 74 13 60 53 3 99 43 45 43 
83 94 76 1 18 79 53 49 64 31 22 46 63 33 32 23 5 2 29 66 26 52 86 14 51 33 97 39 13 77 17 66 28 49 49 97 75 34 11 29 21 43 53 46 55 3 67 32 9 14 70 21 64 55 8 85 48 71 91 75 96 48 8 32 0 19 95 46 87 10 3 46 52 5 73 0 87 27 22 92 97 0 57 74 45 59 13 58 94 89 11 73 11 13 45 38 44 83 5 
64 53 98 28 21 28 89 64 20 53 1 19 14 87 46 54 18 58 5 49 81 67 78 67 74 69 66 26 74 47 46 46 48 67 2 8 70 54 41 91 50 56 46 53 17 41 37 56 46 10 13 8 32 43 68 32 1 91 44 78 65 39 18 82 66 11 95 76 53 41 40 65 26 23 19 73 42 45 99 31 24 18 9 66 69 4 42 12 85 35 11 83 19 45 89 44 37 98 43 
70 0 94 50 14 96 0 6 31 45 4 18 4 49 75 90 76 40 1 6 92 51 84 98 78 68 32 32 40 59 83 58 82 85 47 61 90 22 7 85 62 64 92 26 26 25 10 39 34 63 56 97 18 31 83 4 39 60 26 29 26 90 25 49 28 49 89 15 76 65 20 40 99 79 57 42 1 71 22 37 80 52 43 6 8 19 9 23 2 1 84 82 8 33 3 65 34 93 27 
51 89 49 6 77 69 23 7 20 28 66 52 58 99 70 29 39 96 50 73 58 98 50 8 3 73 83 93 74 2 54 51 37 13 32 64 60 26 85 86 46 66 66 16 89 90 40 36 74 95 76 22 85 86 74 2 5 57 48 74 73 60 17 68 83 89 30 34 29 94 58 86 9 6 90 77 44 70 91 30 35 60 0 93 55 47 12 59 66 98 69 86 42 31 63 19 65 11 99 
74 14 91 32 66 40 25 2 19 42 66 94 61 87 46 32 7 72 39 88 91 69 9 30 70 64 76 75 71 52 4 41 66 77 89 73 98 4 34 57 22 85 74 80 71 41 66 80 24 34 68 43 70 86 2 91 51 21 44 95 88 78 4 47 44 95 15 9 38 22 67 54 99 54 91 58 77 99 29 85 13 70 94 80 11 19 48 54 50 98 54 47 82 79 97 86 35 82 81 
7 81 73 5 67 33 97 25 23 99 93 86 99 70 64 23 1 3 26 71 75 54 60 4 97 78 24 54 62 40 95 14 82 43 32 61 0 61 63 75 26 43 82 92 50 8 68 21 21 3 26 41 41 28 61 26 90 86 96 75 13 33 73 49 46 81 2 27 18 94 50 88 71 28 22 57 90 14 16 27 30 46 15 73 21 25 92 28 60 63 23 13 27 73 20 19 49 59 81 
92 49 7 15 61 94 62 63 0 38 43 0 15 57 85 77 93 25 39 56 62 7 88 17 59 13 44 18 14 5 44 18 18 30 97 73 91 18 36 4 56 85 39 70 84 49 85 78 7 29 69 58 54 34 77 99 53 74 10 14 78 43 7 55 30 70 71 80 62 15 55 35 45 63 80 36 51 50 16 7 19 23 47 87 14 73 41 9 81 21 59 93 24 39 30 38 60 9 21 
85 70 96 33 77 79 27 42 31 11 88 16 34 59 51 7 19 9 55 22 31 38 93 77 65 24 71 76 1 61 26 20 82 94 90 54 47 41 75 10 12 23 86 70 13 39 26 47 17 35 29 39 38 97 49 55 54 23 27 13 29 93 76 21 15 27 58 14 39 75 11 86 8 91 0 27 77 23 4 5 28 52 1 52 44 51 28 68 33 94 76 11 8 96 3 81 81 3 95 
21 65 4 52 66 47 90 17 39 0 86 71 72 9 90 12 97 47 75 86 87 37 72 58 74 59 7 41 7 48 61 37 74 96 69 33 64 35 19 17 49 82 52 15 5 5 33 0 64 80 24 26 84 97 95 30 5 37 92 70 44 35 4 0 11 21 17 55 84 26 65 86 21 84 79 2 88 88 67 49 13 92 73 33 6 4 4 39 87 59 52 97 26 57 23 12 6 55 77 
25 48 56 31 43 44 8 61 17 56 78 6 59 60 35 32 3 72 53 81 79 68 19 45 74 26 66 34 29 30 54 85 14 34 46 58 99 14 10 38 81 79 11 57 44 72 37 81 89 19 1 12 29 82 18 19 43 3 73 68 24 76 31 22 19 45 14 33 66 51 40 72 70 41 23 42 21 10 62 97 58 57 65 87 69 11 73 25 82 61 40 73 41 72 1 33 25 84 77 
23 65 38 7 20 17 8 13 8 33 95 64 0 85 66 79 91 91 15 74 57 48 70 95 98 71 78 29 80 85 8 35 0 29 1 65 20 25 12 44 48 71 0 77 65 74 28 44 54 42 46 28 27 61 10 63 36 48 14 92 24 24 5 33 3 94 98 36 60 63 70 53 12 85 29 26 96 29 64 51 62 25 21 74 54 14 12 3 5 27 31 58 37 24 97 55 65 17 76 
60 72 63 29 19 40 46 43 84 17 50 3 68 82 77 32 61 60 95 29 52 96 51 29 95 27 32 31 87 44 60 79 19 25 87 64 52 31 9 95 69 12 99 25 5 85 6 36 67 15 27 11 68 7 28 74 73 39 69 77 52 23 33 49 36 57 89 20 68 34 32 28 68 93 69 8 73 41 94 57 93 59 91 93 44 6 57 93 18 25 44 60 45 91 94 58 36 87 75 
28 80 77 41 61 39 48 51 43 60 84 87 74 49 6 83 39 44 38 29 66 73 85 38 0 38 32 12 12 49 84 40 69 62 97 43 7 18 14 21 29 71 74 63 72 15 10 65 11 82 57 98 64 87 83 71 94 61 71 19 91 93 35 77 57 80 7 35 93 13 51 31 39 25 41 26 74 60 31 11 88 2 32 83 61 54 44 99 93 14 16 34 26 23 95 4 26 54 0 
45 80 54 41 27 46 16 55 9 66 0 72 59 82 4 52 86 57 4 16 74 36 12 53 68 74 53 32 50 38 23 69 15 75 77 19 91 36 37 89 31 58 19 26 66 71 3 73 68 85 12 53 9 62 35 14 6 65 17 24 93 14 75 3 56 12 17 7 11 53 79 75 44 95 68 19 57 78 78 70 18 8 91 4 63 1 97 18 58 45 83 29 26 63 54 33 57 97 22 
18 77 44 13 93 41 52 32 58 7 80 60 1 77 65 28 7 34 97 75 56 55 67 72 64 10 47 28 64 87 65 32 6 98 89 10 34 9 5 94 57 4 45 80 99 42 74 73 20 60 28 10 84 6 21 20 6 5 34 0 17 47 12 29 58 85 33 36 15 33 5 95 83 63 15 26 78 97 65 52 13 60 37 90 32 17 63 65 71 41 21 17 38 20 57 22 69 35 41 
91 22 87 64 33 41 68 12 28 16 59 80 46 7 96 71 11 44 59 84 76 41 24 92 68 0 27 72 19 11 4 96 4 66 31 7 68 53 84 49 30 0 78 93 68 1 18 23 16 18 72 71 11 74 65 24 31 98 2 95 70 55 85 8 44 15 10 63 97 90 59 24 30 72 62 57 58 88 38 2 49 71 83 62 11 87 1 6 16 31 44 50 61 80 50 44 12 20 90 
45 34 35 46 50 69 5 30 63 26 58 32 1 47 74 42 11 69 19 16 88 21 50 32 15 70 2 13 96 31 89 58 32 90 48 99 35 56 20 75 37 43 10 51 80 4 31 59 61 61 94 42 54 9 16 61 68 1 6 95 63 31 87 4 22 71 77 66 64 65 30 29 32 98 1 52 65 41 19 38 99 51 88 47 99 46 33 13 20 40 75 1 1 65 37 26 80 40 76 
32 63 27 2 18 97 94 14 28 74 47 43 51 56 91 70 1 2 12 19 4 55 92 18 96 33 34 64 77 9 10 54 31 51 91 41 94 44 19 72 35 13 31 22 81 62 43 59 70 28 71 27 57 35 78 31 84 38 47 90 73 38 85 91 50 93 49 18 9 28 61 72 17 46 65 8 24 50 77 58 96 25 96 66 63 49 5 42 31 4 59 44 75 35 75 63 39 59 32 
37 50 57 77 4 44 9 6 64 97 35 95 46 84 0 15 98 34 24 24 54 72 41 35 65 74 37 30 4 20 92 23 46 62 30 1 51 21 93 95 79 97 40 39 43 94 5 68 75 77 14 47 73 80 34 18 17 40 30 50 59 89 83 41 34 60 76 96 69 19 86 46 97 19 24 62 22 5 86 58 10 88 25 0 2 6 50 95 68 92 35 31 38 15 64 68 13 46 88 
82 42 29 26 5 21 6 64 43 28 78 10 93 33 27 6 85 97 20 67 72 57 20 69 26 2 87 28 81 84 84 62 81 86 13 94 43 41 4 80 61 52 46 85 70 67 68 83 37 98 48 15 19 57 67 75 43 54 69 8 52 41 82 9 79 62 83 34 94 58 68 75 33 24 27 19 14 44 33 11 63 35 12 31 34 53 63 9 73 91 22 28 9 69 87 0 73 86 42 
96 33 98 83 23 98 67 67 62 25 2 11 72 48 34 72 97 39 87 96 45 15 23 99 8 72 49 90 56 7 59 35 60 8 3 45 50 16 14 98 71 10 65 22 45 25 46 27 3 57 39 84 56 28 46 30 50 1 52 44 6 49 99 59 89 3 0 70 47 52 5 6 41 33 57 60 96 40 92 31 11 37 73 89 12 75 85 42 90 90 60 20 7 34 76 32 3 79 58 
37 41 74 72 34 79 70 65 22 95 96 83 33 18 86 75 48 24 93 76 29 15 26 82 88 36 30 60 96 11 56 30 29 16 78 91 1 40 98 7 53 43 3 29 68 69 85 89 6 9 52 49 8 1 50 85 69 22 19 49 29 65 89 22 39 97 65 40 13 41 50 6 40 96 19 94 31 82 44 87 16 35 99 53 60 99 41 89 10 28 88 43 81 77 87 36 29 37 22 
2 5 78 34 26 27 83 83 6 23 22 77 4 22 29 99 86 40 78 91 71 60 20 5 73 81 24 2 99 9 6 12 44 29 96 53 56 98 0 5 75 77 12 16 97 9 5 55 12 24 76 53 90 14 35 45 63 83 68 58 4 62 16 17 60 79 18 13 7 34 77 22 14 78 49 48 60 95 27 65 88 81 18 96 36 97 62 43 10 57 15 54 14 48 0 10 37 33 34 
52 79 14 3 4 70 21 73 72 14 91 0 11 99 77 94 33 77 0 20 84 8 33 52 4 71 22 63 72 19 95 73 49 53 60 76 52 49 79 91 2 83 13 2 59 84 16 65 89 82 88 28 73 70 77 82 98 77 99 89 99 10 75 18 5 75 52 73 91 25 85 22 54 2 10 9 28 65 70 90 70 91 80 65 86 8 37 41 42 31 91 86 12 30 50 74 23 31 71 
23 95 5 83 44 89 12 87 68 56 35 35 32 34 87 88 62 67 51 78 60 25 34 89 87 85 39 64 81 24 7 0 42 86 64 26 53 40 9 69 49 57 55 87 50 36 15 45 97 96 64 30 35 2 85 0 44 23 49 39 13 64 55 17 72 38 4 52 40 65 5 0 57 63 80 32 87 59 8 99 54 58 3 9 32 82 75 10 16 58 4 46 54 68 27 91 26 6 15 
86 50 59 87 1 97 61 74 18 37 41 51 83 56 47 31 26 9 70 54 52 12 95 97 20 46 62 98 24 10 37 38 47 24 13 30 85 49 53 61 36 13 33 91 70 17 87 80 36 80 48 96 68 97 14 49 91 40 2 47 5 51 8 59 28 2 30 85 82 69 39 14 85 69 16 13 39 37 32 35 5 29 74 53 70 42 91 31 11 11 85 44 18 50 14 27 83 84 35 
28 94 55 41 22 36 21 26 55 59 37 31 33 0 48 95 54 45 72 38 81 80 25 46 44 41 39 55 13 16 20 83 25 43 52 44 53 1 98 44 19 17 56 21 77 26 18 80 87 27 9 37 46 42 65 86 40 37 25 95 57 0 8 81 96 62 96 86 52 11 20 69 16 93 90 40 78 5 50 63 12 48 57 50 72 66 66 34 53 96 12 11 50 57 19 66 43 2 23 
77 58 99 47 37 95 35 57 64 71 74 68 45 20 1 78 45 38 74 46 26 70 5 89 63 63 39 57 9 16 25 97 19 66 8 63 49 56 36 0 94 72 16 40 74 81 70 88 78 49 43 98 99 90 89 23 6 45 8 75 57 75 81 66 22 11 21 98 80 16 52 75 12 74 97 44 58 8 13 10 13 13 97 57 88 18 50 69 6 64 68 4 45 40 24 83 75 18 1 
21 64 76 91 33 35 10 37 7 37 60 73 19 46 34 87 53 63 89 40 10 22 17 75 78 94 50 16 44 55 57 49 22 7 24 50 46 97 93 9 88 87 3 27 38 34 2 21 41 31 38 41 71 86 52 18 13 22 0 72 27 50 43 9 46 51 47 27 73 37 84 96 88 98 67 57 41 44 52 63 40 61 91 81 82 96 54 35 60 90 37 75 72 46 5 45 23 59 53 
74 18 28 28 92 48 84 69 78 72 8 22 70 31 21 19 16 77 57 33 85 92 77 35 77 71 20 88 41 41 65 89 74 60 98 29 48 56 85 17 11 4 32 75 21 52 82 84 42 90 44 56 2 96 12 70 34 29 27 77 99 41 96 33 78 94 55 46 9 29 35 1 11 55 46 61 55 1 12 24 85 54 68 54 86 29 98 22 3 90 90 6 4 54 63 96 74 14 58 
44 65 53 22 46 12 69 81 6 4 44 13 87 49 89 36 77 2 43 56 29 33 36 46 46 41 26 54 59 11 95 70 89 10 22 45 1 70 49 9 32 83 39 20 17 17 35 55 61 48 50 45 8 14 30 35 83 16 51 56 54 55 82 47 98 24 54 92 62 64 53 7 29 27 94 77 46 2 56 64 1 5 1 70 90 48 48 33 16 59 82 76 9 36 14 13 29 46 48 
80 10 41 15 24 23 61 0 8 51 17 57 21 33 44 28 21 45 39 37 41 14 58 71 70 80 94 56 5 16 72 30 14 64 35 99 70 67 5 3 77 2 75 80 97 44 84 59 24 79 75 21 15 13 2 69 34 90 13 47 95 78 17 39 85 91 58 95 53 42 43 23 62 79 73 53 82 77 42 34 16 40 95 50 74 50 19 2 98 65 34 37 43 7 76 24 61 17 88 
55 88 77 26 52 18 80 67 25 97 77 73 62 41 24 98 33 78 38 31 82 0 74 78 93 79 6 85 4 81 12 84 6 59 81 51 35 31 80 51 51 68 51 88 15 38 59 0 35 33 59 45 25 39 24 84 94 79 50 89 95 46 88 51 57 20 81 38 33 0 87 29 30 45 65 1 57 57 16 10 41 65 18 62 87 49 17 82 87 73 62 58 86 11 50 38 95 78 22 
37 8 44 17 43 14 18 5 13 55 74 4 20 32 26 66 69 89 52 45 31 55 35 48 5 66 20 64 85 61 78 60 27 29 25 68 75 3 8 14 89 42 72 66 19 89 6 54 32 65 91 70 64 59 70 22 55 24 78 7 99 36 60 94 92 98 58 15 71 78 56 98 52 37 37 67 29 73 69 95 40 72 57 56 74 7 81 54 61 32 1 7 2 77 60 3 64 12 93 
74 0 7 80 27 86 19 76 81 96 67 70 72 51 32 85 50 33 3 28 67 54 57 4 79 56 97 59 10 73 49 98 7 2 18 46 75 82 87 23 86 10 2 60 17 39 78 24 45 88 99 95 14 68 77 26 32 16 41 88 93 33 60 39 47 41 2 54 76 38 72 86 56 48 65 62 95 74 29 28 54 86 94 9 80 49 76 33 27 97 66 79 89 41 33 87 32 43 13 
66 36 99 25 61 49 1 38 27 48 43 77 81 2 62 0 71 63 66 25 67 99 51 21 56 66 69 20 46 50 72 14 34 86 25 78 40 77 32 87 24 68 81 34 58 9 80 20 14 42 51 64 39 95 98 65 30 84 41 57 88 82 30 47 10 23 67 32 21 65 15 25 26 48 68 50 59 51 45 84 67 60 12 72 82 2 38 51 67 59 17 46 7 48 38 87 7 46 24 
54 83 17 32 11 56 92 35 35 86 45 53 95 1 82 4 86 76 73 69 45 48 97 52 47 69 35 4 66 36 45 26 13 81 79 10 68 64 21 91 83 3 85 22 39 24 51 69 81 67 93 16 30 87 73 77 83 4 10 32 18 17 52 70 91 48 71 26 67 97 88 89 15 46 56 47 37 45 33 35 1 53 92 5 39 58 65 2 41 22 34 84 65 64 16 47 71 15 75 
0 90 53 89 43 47 85 37 94 90 15 66 34 35 9 92 65 63 95 38 48 73 51 93 78 9 40 68 31 72 2 77 84 59 51 58 26 21 66 8 72 61 36 85 10 36 84 42 88 36 9 24 84 27 52 62 58 55 46 74 74 75 54 97 51 93 96 41 40 9 34 19 52 3 17 97 92 92 25 11 31 69 53 5 14 70 85 40 39 88 36 97 65 68 1 1 47 32 96 
75 80 31 13 72 67 19 9 33 11 47 25 6 79 77 17 4 9 95 93 54 56 53 95 49 36 3 27 17 30 47 6 17 93 66 85 95 31 4 32 92 39 49 94 11 4 39 5 66 88 23 78 12 10 73 97 84 61 21 70 36 24 28 29 20 41 46 30 91 51 72 67 25 59 51 5 55 71 28 94 70 58 93 54 96 28 18 62 8 32 85 27 35 36 62 57 85 95 16 
34 33 60 91 27 29 23 42 47 7 58 54 76 35 32 74 8 4 29 78 56 46 32 51 84 38 2 28 52 50 81 43 96 77 49 18 44 29 27 22 64 15 60 60 92 61 35 22 2 26 17 61 99 33 98 97 3 30 93 54 63 7 47 69 4 93 70 99 74 42 85 61 23 5 24 99 34 95 84 37 8 49 22 94 85 17 33 91 29 67 6 0 80 6 11 61 93 80 26 
29 1 46 73 27 10 19 76 50 0 13 64 53 37 29 31 81 23 75 55 5 3 39 83 8 7 0 90 72 87 75 70 78 21 86 47 75 62 57 1 85 93 86 87 48 21 76 39 69 80 46 23 65 79 23 70 30 16 10 56 36 61 42 49 64 69 89 39 30 73 56 6 81 23 94 6 67 55 24 44 80 52 48 23 93 98 44 12 2 6 69 41 8 73 32 92 81 90 17 
9 34 97 83 45 9 24 3 82 63 22 19 67 56 25 50 76 5 18 27 97 95 51 98 32 34 8 78 47 33 73 75 71 95 31 25 98 63 53 2 97 7 88 31 16 60 2 89 50 82 87 18 94 55 44 6 77 42 79 61 64 84 24 85 52 78 22 29 26 73 81 16 79 69 49 57 83 59 75 75 9 81 46 37 91 35 47 29 37 52 59 3 86 70 6 5 74 85 46 
12 73 57 26 42 86 59 55 55 50 50 86 88 69 28 37 58 46 94 32 13 84 99 60 17 29 19 62 4 2 31 66 56 8 12 99 85 9 17 80 76 66 50 46 50 80 72 78 59 43 41 13 74 10 75 99 93 78 35 60 41 93 41 99 85 39 45 96 22 86 85 4 49 18 40 25 67 42 76 76 99 71 60 85 54 67 14 11 88 84 25 37 18 90 37 52 68 90 75 
52 8 16 66 94 93 80 59 88 80 3 26 30 93 5 89 79 73 0 65 77 2 77 71 54 83 43 13 76 99 47 18 98 97 85 73 54 86 89 33 36 37 59 86 84 15 95 8 85 83 26 93 13 10 63 88 79 83 34 27 7 98 23 67 3 93 31 33 1 60 54 62 98 14 70 32 14 81 84 90 27 67 22 35 27 58 33 71 35 45 92 48 2 30 85 18 86 54 84 
89 75 9 35 50 43 5 66 91 92 7 83 68 31 17 35 55 73 18 90 37 27 58 93 38 59 11 19 83 53 3 74 31 49 7 73 17 65 35 48 58 87 97 59 95 26 76 37 85 87 22 1 84 11 35 48 7 24 84 77 72 36 25 23 36 7 7 64 76 49 11 67 4 97 35 58 32 30 66 7 65 70 27 69 99 59 68 87 96 47 25 18 73 57 87 16 16 2 47 
69 67 97 67 68 67 99 78 31 10 91 36 49 75 84 71 21 11 14 16 27 15 77 69 0 27 8 67 62 36 44 45 82 65 98 81 66 19 11 70 34 78 57 65 40 57 16 1 7 79 43 16 68 35 21 65 39 7 28 39 53 50 79 1 1 31 8 56 70 82 47 95 91 25 65 69 11 73 87 89 61 24 91 18 4 37 98 40 75 33 34 19 88 81 9 0 21 58 49 
3 0 3 58 91 61 98 70 84 94 55 17 63 89 7 19 95 82 6 11 29 73 55 80 47 7 35 51 84 61 14 4 51 9 10 10 42 76 37 47 46 9 11 44 20 25 41 41 63 8 15 23 64 71 13 62 57 88 98 24 78 81 53 88 77 25 4 90 99 5 68 21 40 41 37 68 99 44 56 72 13 5 71 27 67 26 62 8 43 9 62 91 93 76 79 39 82 42 59 
22 4 87 6 38 88 49 40 51 44 22 62 5 53 62 7 67 52 45 71 60 59 23 35 88 25 76 61 63 76 72 66 37 23 86 31 42 93 42 19 13 19 42 21 99 50 80 79 44 79 65 6 89 45 26 28 50 32 37 11 52 53 64 39 20 61 86 76 9 23 13 86 28 22 5 67 31 43 22 51 63 28 8 31 45 30 39 93 79 29 57 60 46 39 19 40 89 73 12 
9 97 99 78 35 27 29 64 87 28 50 79 65 41 40 65 55 40 49 85 89 92 68 54 26 13 41 56 24 18 60 78 57 20 52 26 76 29 10 77 89 88 27 76 65 69 31 46 10 11 39 15 24 79 16 92 6 69 25 10 77 9 40 33 14 7 14 53 54 39 69 25 84 96 60 18 98 8 92 86 48 40 73 29 80 83 88 51 90 99 11 4 81 79 27 17 48 46 32 
1 72 62 30 15 17 0 80 41 16 87 80 66 98 16 53 53 71 6 26 19 46 81 53 45 18 10 11 23 33 75 34 30 84 41 70 38 64 6 83 46 41 55 47 33 96 19 32 49 13 25 55 91 65 11 58 17 59 57 96 68 34 53 95 26 42 21 18 44 52 31 35 68 48 30 85 44 8 90 68 10 8 59 23 72 5 91 93 79 33 43 58 72 34 61 99 22 25 57 
30 40 76 41 87 28 85 99 66 40 41 9 28 71 90 89 65 29 38 28 98 99 77 3 88 87 65 52 76 7 18 74 52 73 59 20 38 75 97 98 81 15 38 63 13 84 71 15 80 32 74 14 90 5 62 57 83 46 5 23 5 39 64 92 62 86 27 70 14 10 32 5 93 72 97 92 90 20 71 35 39 26 87 39 88 94 29 49 74 11 41 65 23 69 44 34 54 71 9 
4 38 74 96 87 36 27 20 13 23 36 92 49 83 87 79 54 78 65 78 99 39 4 57 79 70 86 70 6 99 92 28 95 19 18 59 9 11 50 22 57 61 14 94 65 5 43 43 96 90 42 46 40 17 73 2 71 32 5 89 45 99 35 88 45 43 56 28 79 80 12 92 45 72 14 2 65 16 38 67 72 59 91 12 40 17 80 88 4 69 55 72 84 17 30 2 80 0 54 
74 24 30 16 91 54 46 60 78 54 90 27 13 93 79 24 65 28 63 37 9 17 74 16 8 73 31 74 74 6 55 57 30 3 3 69 1 35 98 84 76 65 83 84 83 40 91 10 42 15 3 22 26 88 68 42 48 14 39 35 13 49 98 34 86 5 75 99 37 89 75 46 78 57 56 33 39 57 69 53 97 94 94 33 65 27 17 99 28 88 22 70 28 16 68 68 49 6 34 
23 45 15 10 68 66 93 42 61 66 90 73 24 5 88 50 66 56 98 73 25 47 90 19 75 72 97 66 26 60 92 91 79 44 97 8 28 13 85 33 31 28 54 45 47 2 82 48 92 93 77 0 35 47 99 24 78 13 37 12 75 30 39 84 42 96 74 71 14 72 94 35 72 14 23 37 89 77 97 70 7 32 28 98 50 29 69 52 46 83 48 79 90 35 29 32 1 55 72 
48 10 90 48 48 2 96 72 65 67 52 20 76 91 27 91 14 53 8 62 98 9 18 70 75 91 14 87 38 85 39 30 55 3 5 25 77 33 38 33 73 78 67 49 33 56 27 24 31 7 6 67 16 5 15 46 24 67 65 58 30 1 14 66 90 29 44 48 64 57 37 64 76 46 67 63 90 67 44 64 85 63 78 43 53 26 62 54 64 32 11 8 6 27 51 20 3 38 87 
53 17 76 65 46 71 89 13 72 82 45 85 46 23 60 14 48 81 44 33 70 13 31 57 32 1 96 0 31 11 3 43 67 31 70 44 3 96 67 66 77 34 77 92 9 7 74 39 75 92 68 25 44 14 43 13 76 65 75 5 31 44 80 19 73 96 90 2 13 82 96 60 72 50 74 80 22 60 98 86 91 65 25 84 76 65 71 39 25 58 20 23 93 1 45 10 82 20 65 
3 13 86 54 32 43 35 52 13 25 55 18 27 68 84 0 40 10 30 78 50 54 7 99 15 91 25 14 78 63 61 85 94 39 98 22 83 39 47 82 21 24 25 77 98 41 63 35 69 29 42 52 92 32 12 64 72 63 99 79 17 62 16 68 72 20 92 65 59 90 47 19 22 38 47 36 39 0 68 76 95 49 12 17 70 43 56 11 70 57 9 48 86 91 6 93 13 51 33 
58 96 92 33 73 74 16 99 46 0 92 60 76 61 31 99 22 76 39 97 20 47 48 95 99 93 55 61 49 49 6 57 93 17 93 54 54 49 96 0 64 83 12 1 8 54 35 20 24 36 74 71 13 40 70 49 61 68 58 4 30 82 99 26 42 89 6 46 26 84 19 90 45 64 58 22 36 29 47 68 56 47 67 73 30 27 18 78 12 41 35 64 10 90 47 94 14 69 95 
18 55 90 75 76 7 43 94 25 92 84 21 16 70 6 35 53 25 43 41 68 26 71 43 78 10 22 83 61 9 11 7 89 56 39 64 4 21 46 74 69 27 28 24 22 93 44 42 5 35 37 76 64 47 19 91 37 71 82 55 20 21 19 80 47 9 44 13 27 17 29 73 92 55 40 16 82 23 3 61 76 28 59 7 48 70 78 56 56 59 66 96 23 91 8 39 40 85 51 
72 20 38 2 9 6 68 55 75 10 55 73 28 96 11 85 3 41 25 52 85 39 51 69 87 93 27 30 64 62 6 75 65 43 14 4 39 28 56 40 85 32 98 91 8 14 2 14 82 46 29 3 87 5 28 71 75 34 74 39 35 13 19 3 22 18 76 11 3 53 64 7 24 23 55 43 18 55 76 94 28 21 24 63 71 27 91 42 22 97 43 77 2 74 65 91 19 43 86 
71 11 79 28 25 76 96 76 51 8 78 97 47 59 59 45 12 22 40 48 93 46 78 48 57 32 90 2 90 9 16 70 48 40 53 65 67 80 75 66 90 71 74 55 91 38 23 87 50 86 95 20 83 2 66 7 70 36 47 94 59 28 33 49 8 32 21 52 4 64 95 64 42 6 29 76 91 40 67 71 97 44 42 16 1 57 87 99 51 67 34 31 34 88 46 88 40 29 99 
64 38 68 2 21 1 69 95 78 95 60 87 35 62 53 88 37 14 51 51 17 94 43 98 93 76 58 68 29 73 12 65 98 8 47 49 59 74 70 11 25 66 47 12 27 5 39 20 7 27 50 82 80 26 62 37 82 60 63 8 55 6 44 82 68 86 21 33 74 58 96 12 51 29 14 83 80 32 92 20 85 4 64 5 97 14 46 2 63 63 58 32 41 11 86 77 56 59 21 
29 57 83 61 65 37 95 85 72 59 69 31 90 5 79 24 78 71 59 81 15 80 21 4 57 71 95 99 43 37 34 91 38 91 41 36 57 14 50 34 8 34 31 72 38 25 37 52 20 31 3 1 44 73 13 12 72 12 99 3 40 88 80 81 0 69 62 82 74 48 25 82 55 28 91 56 64 18 8 81 91 73 91 1 21 23 14 93 26 96 37 13 78 32 55 12 46 28 84 
81 8 19 55 63 62 90 50 56 53 13 98 93 83 47 3 36 57 77 3 97 86 80 24 49 87 23 49 10 26 65 26 48 85 73 45 34 16 7 61 67 45 81 22 7 81 69 45 9 88 71 80 99 42 54 51 44 79 3 80 51 10 99 87 29 80 59 47 86 90 39 11 55 5 6 70 39 60 90 92 41 83 97 43 58 36 59 27 25 54 25 76 73 90 39 63 55 2 61 
18 60 66 93 22 24 34 60 87 50 39 64 63 51 90 14 88 21 60 90 63 34 4 91 65 67 91 75 57 12 58 46 28 68 88 49 70 27 28 10 6 65 25 7 20 57 65 82 29 50 94 72 66 56 84 98 25 36 60 90 48 88 98 77 9 12 99 31 74 57 91 85 28 29 92 56 6 84 94 95 68 45 30 18 38 86 12 21 41 51 39 22 45 6 43 24 29 15 8 
74 40 86 62 7 59 43 24 90 42 23 38 73 6 93 78 76 12 0 10 37 58 90 95 67 36 93 47 27 64 59 92 20 20 40 50 80 29 34 53 42 51 23 1 94 24 22 14 50 14 30 92 68 93 91 18 42 90 55 92 82 10 98 8 43 26 81 61 36 21 55 32 43 38 95 44 52 43 88 68 18 33 64 6 32 86 93 19 6 83 22 4 67 17 71 40 50 9 1 
15 29 16 56 43 13 16 61 64 7 40 50 14 35 32 30 21 6 66 80 66 55 82 34 49 43 44 26 21 33 23 41 12 72 47 27 98 13 42 6 95 42 27 40 1 7 7 60 72 66 97 55 63 96 27 72 25 26 47 13 99 18 15 36 41 69 15 74 44 85 76 92 15 84 36 49 62 5 29 33 93 44 63 47 25 87 62 6 47 34 76 81 53 56 90 86 71 10 55 
80 11 20 71 30 92 42 57 30 80 78 56 46 19 23 36 71 21 56 77 12 54 2 53 21 59 3 31 81 3 44 13 95 33 10 30 16 48 20 72 54 57 3 49 21 58 69 68 33 80 45 83 4 54 5 16 60 71 63 0 9 30 25 61 29 47 35 35 91 47 75 85 98 19 81 29 86 43 42 11 16 87 38 42 38 19 93 68 56 62 93 59 90 25 78 35 48 83 35 
32 88 86 44 95 45 0 45 6 25 54 13 53 0 29 71 71 16 68 31 92 43 49 71 75 20 1 84 72 41 63 66 20 50 61 30 49 96 87 89 18 20 11 17 35 72 74 94 46 12 41 70 67 97 64 66 9 18 50 71 54 17 74 20 93 56 88 81 26 60 0 93 97 30 77 41 20 88 53 9 48 67 2 71 15 46 75 27 66 10 96 54 15 91 94 14 34 45 29 
5 24 69 70 94 4 89 77 70 67 77 74 40 52 48 39 80 6 57 32 21 75 56 49 75 26 77 83 70 89 81 9 84 78 40 16 38 90 42 16 43 50 85 14 7 82 96 64 26 7 77 1 49 29 98 4 16 23 25 37 3 82 94 74 5 10 50 80 17 58 71 75 87 6 51 7 57 52 95 48 31 10 57 60 47 60 78 50 48 69 17 88 20 96 30 47 21 55 12 
44 59 83 68 87 85 65 19 35 67 80 98 42 99 11 63 94 74 85 3 67 54 50 60 14 66 89 99 98 42 82 17 52 51 97 77 81 59 30 51 0 91 31 55 54 77 14 32 68 52 84 76 3 28 65 9 38 4 84 97 23 95 18 59 33 22 68 85 94 5 86 5 98 12 51 90 28 53 85 44 10 24 23 72 75 30 70 32 54 99 66 97 63 40 77 94 93 45 58 
12 12 26 44 17 64 36 7 2 67 77 13 21 60 53 24 17 64 48 21 91 9 57 46 3 43 3 30 66 49 38 41 58 15 14 70 69 73 0 42 52 79 58 79 62 88 21 75 10 65 32 48 27 62 56 14 13 64 98 56 59 98 99 33 92 0 59 20 5 99 13 93 61 4 22 68 75 52 16 13 11 38 76 33 64 28 25 71 8 44 78 5 49 5 51 27 75 7 66 
0 7 3 0 0 7 0 4 6 1 2 7 1 5 5 8 8 1 3 7 6 5 7 5 4 2 4 6 4 3 6 2 7 2 9 0 8 5 0 7 9 8 1 1 0 2 8 6 0 6 3 9 2 6 6 8 2 8 8 6 7 3 0 8 3 2 7 5 1 9 6 9 8 5 7 8 1 1 0 3 2 9 8 3 1 7 6 3 5 5 2 5 1 8 3 4 6 3 6 
4 4 2 4 0 8 0 8 9 7 3 0 0 3 7 7 4 5 8 1 3 4 9 9 4 7 7 4 2 9 7 7 9 9 7 4 3 5 7 5 1 4 8 8 6 7 6 9 4 1 6 0 4 8 8 7 5 9 9 6 5 8 6 5 1 0 3 9 9 2 1 2 7 1 8 1 1 5 5 2 4 4 1 4 1 8 2 5 7 4 6 0 9 4 0 1 5 3 8 
4 3 1 8 1 0 5 9 5 4 3 8 4 2 0 3 7 0 4 8 8 7 0 0 5 1 8 0 0 2 7 1 8 4 8 0 8 8 2 6 4 1 8 7 5 1 0 0 8 4 3 7 9 4 4 8 4 5 9 4 3 3 4 9 4 1 8 5 7 4 0 1 2 1 7 9 7 2 3 0 7 1 5 7 7 2 4 7 5 5 8 1 8 5 0 1 1 8 2 
7 7 3 1 0 3 2 1 2 8 5 2 6 6 0 8 4 4 2 8 3 8 8 2 8 3 8 7 8 6 2 0 9 8 5 5 7 3 8 4 8 3 2 3 0 7 0 2 3 9 3 9 3 7 0 0 5 6 9 2 4 5 4 6 0 5 4 5 6 0 5 3 9 5 0 8 2 6 7 2 1 9 8 2 8 5 0 2 4 2 0 0 8 4 2 9 9 8 9 
7 4 6 0 7 0 1 4 2 7 1 1 1 5 5 9 4 1 5 0 7 1 0 3 8 8 7 2 3 7 5 2 2 4 9 3 7 5 3 8 9 8 2 8 2 2 7 2 1 7 4 6 4 0 3 9 8 8 6 0 8 1 6 2 9 4 1 9 5 7 3 7 3 7 7 8 8 0 8 0 1 7 6 6 1 6 5 2 3 2 3 0 3 4 7 6 0 2 0 
4 5 7 1 7 6 4 5 2 7 9 2 0 6 0 4 6 8 1 4 5 4 8 4 8 9 5 7 4 8 2 2 6 1 7 5 0 6 7 9 1 9 1 6 9 5 8 8 9 1 3 8 1 3 6 0 7 2 8 8 7 9 3 8 4 6 3 6 8 6 3 6 3 8 8 3 3 8 0 2 1 8 6 5 2 8 6 2 3 2 2 2 5 5 6 9 1 8 3 
0 5 6 1 9 0 4 1 5 9 7 6 0 8 4 3 5 7 0 9 2 3 5 4 8 9 2 7 7 9 0 8 5 9 3 7 2 8 6 9 2 1 0 1 2 7 3 6 6 8 1 3 3 5 8 0 7 1 6 0 2 8 1 9 9 7 4 8 1 4 0 1 2 1 6 0 8 1 4 9 1 8 9 7 8 3 8 5 7 4 3 3 4 5 5 6 2 7 8 
7 1 8 9 0 0 7 0 3 1 8 2 9 9 8 7 8 3 5 9 2 4 9 2 3 7 4 1 2 8 9 8 6 4 3 2 1 5 7 6 1 5 8 3 8 4 0 3 4 9 2 8 2 6 2 6 6 5 1 3 0 6 9 8 9 7 1 6 1 6 7 0 8 1 9 9 4 9 2 5 9 8 0 5 8 7 7 1 1 8 2 2 9 7 0 2 6 8 1 
6 7 7 1 2 1 6 0 5 5 0 3 1 4 7 8 9 6 2 2 4 0 0 7 4 9 9 6 5 8 5 2 7 4 9 2 8 1 0 2 0 9 5 6 0 5 9 9 0 7 3 3 7 7 8 6 9 2 9 2 7 7 3 3 9 7 2 2 1 6 1 5 3 1 0 3 9 9 2 4 1 5 0 8 6 3 3 5 6 7 7 7 9 2 1 1 5 8 0 
3 5 1 4 4 2 4 4 6 8 4 9 3 6 3 8 0 8 1 6 1 9 3 7 2 8 2 1 4 5 2 1 6 7 7 1 7 4 4 6 4 1 8 7 5 6 2 5 3 9 3 8 2 3 2 3 3 9 2 0 3 6 7 5 3 3 6 7 4 9 1 3 6 5 3 3 9 3 2 3 7 7 2 6 6 6 5 8 9 1 0 8 1 3 0 8 8 8 0 
7 4 7 4 9 3 7 2 7 7 6 4 4 2 4 1 2 9 4 1 3 9 0 4 4 5 3 3 6 0 6 0 0 4 4 8 5 0 8 1 7 5 2 9 5 6 0 3 1 0 4 9 6 8 5 0 6 5 2 6 7 3 2 1 8 7 9 5 3 2 0 5 8 6 7 9 6 2 5 8 5 1 1 8 3 9 8 1 4 9 6 5 7 3 7 1 7 4 6 
4 3 0 2 3 2 9 1 1 8 7 5 1 3 5 1 1 5 7 4 3 3 0 0 3 9 9 0 9 9 9 9 2 6 4 0 5 4 3 3 0 8 0 1 5 8 9 9 4 0 0 3 0 8 0 8 9 2 2 4 3 8 6 6 5 2 0 7 4 9 7 6 7 6 2 3 6 9 3 8 7 0 2 1 5 2 0 7 1 6 6 9 3 5 6 7 9 3 4 
5 0 5 9 5 9 7 6 9 5 6 2 5 3 8 0 0 2 8 5 8 9 8 1 0 7 9 3 2 1 3 9 5 0 9 0 8 7 7 2 6 0 0 9 1 1 1 4 5 4 4 3 6 4 8 9 3 0 1 7 1 7 9 5 7 7 6 9 0 5 0 8 1 2 5 9 6 7 5 9 9 4 4 9 6 3 7 6 6 7 2 5 1 9 0 6 0 6 3 
9 8 3 6 2 3 6 5 9 4 3 1 8 7 0 8 6 1 4 2 5 6 0 4 4 9 1 2 5 5 8 8 6 8 1 5 9 9 2 3 6 9 6 0 1 6 6 8 1 3 9 4 0 2 0 6 3 4 3 4 0 9 6 1 4 7 5 3 1 4 1 3 6 1 4 0 2 2 5 6 2 7 9 2 4 4 3 2 4 8 2 6 2 0 1 3 1 6 5 
3 7 7 5 6 7 7 2 2 5 4 8 4 1 7 6 2 8 7 5 5 3 0 1 1 5 4 1 3 6 1 5 4 5 0 5 6 0 3 5 3 0 4 5 3 5 0 5 1 9 9 8 9 7 7 1 0 1 4 6 5 2 3 0 9 6 4 2 3 4 9 8 1 5 1 2 4 7 3 3 2 0 9 7 1 9 2 2 6 4 9 7 1 4 3 9 5 9 2 
5 1 2 4 3 3 6 4 9 7 1 9 4 5 0 1 5 2 4 9 7 2 1 2 5 8 9 6 6 5 0 3 6 5 8 3 2 7 5 7 5 4 7 2 7 5 4 5 7 8 1 7 9 2 1 8 0 1 7 1 7 9 6 5 5 6 9 5 1 7 7 6 2 5 0 7 3 8 5 5 8 8 7 7 5 4 9 0 0 1 1 8 6 0 5 6 0 7 1 
3 2 1 3 9 9 3 6 3 4 4 5 5 0 1 8 2 6 9 4 0 8 7 5 4 9 2 4 8 1 6 8 1 4 3 4 0 6 5 6 6 4 3 2 2 1 5 6 1 9 7 4 4 2 2 0 5 2 8 7 9 5 3 9 0 1 5 0 9 7 4 8 2 9 0 9 6 2 4 9 6 3 3 2 0 7 6 5 3 7 3 7 4 5 5 4 3 0 2 
5 4 7 4 1 8 3 2 0 7 4 0 3 1 9 5 6 0 4 8 7 0 9 7 2 3 8 0 1 9 1 8 1 2 9 2 1 9 2 3 0 1 6 9 8 4 1 1 8 9 6 8 7 1 1 0 2 0 3 0 5 7 7 1 0 6 5 7 6 2 4 4 9 5 9 2 3 8 6 0 9 9 3 5 2 8 1 0 9 4 2 6 8 3 9 7 2 2 0 
4 4 1 2 4 2 0 1 8 0 9 3 9 7 8 1 5 7 4 9 0 7 4 0 1 1 5 4 2 5 1 0 9 4 1 6 1 5 8 6 9 8 7 7 1 3 3 4 6 0 7 5 0 0 6 7 0 1 6 4 9 0 2 3 9 2 4 6 5 7 3 2 8 7 8 9 2 1 4 4 9 2 4 8 3 6 8 5 5 3 3 4 5 7 5 3 3 7 2 
0 1 3 8 5 9 2 6 7 0 4 9 0 0 2 7 4 4 7 4 3 2 7 0 9 7 6 6 8 5 6 4 5 5 1 9 4 8 7 3 2 3 2 5 1 2 8 3 7 5 7 5 0 7 0 8 0 0 7 3 0 7 4 8 3 8 4 1 1 3 5 7 3 7 5 0 5 8 4 1 4 6 5 9 7 1 3 6 4 3 9 6 8 9 6 9 7 5 5 
4 8 8 1 2 8 7 3 2 1 3 2 0 9 1 2 1 6 3 7 7 9 2 0 4 2 8 5 9 1 6 5 7 1 7 6 1 3 6 2 0 1 2 5 6 5 7 1 0 8 8 8 7 2 2 6 0 6 5 4 2 9 9 1 3 4 1 6 0 5 2 9 6 4 8 5 1 6 8 7 6 8 4 9 6 9 6 6 9 5 4 5 7 3 5 8 4 4 0 
1 8 6 1 2 1 4 3 6 4 2 1 5 2 2 1 3 9 3 8 6 6 5 9 4 7 7 5 1 1 5 8 4 7 4 3 3 2 6 5 4 3 4 8 2 4 0 6 0 1 0 5 7 4 6 8 6 4 5 2 9 4 8 4 5 5 1 7 5 9 0 2 4 9 4 1 4 4 6 6 8 5 2 3 7 7 0 7 7 4 6 3 9 6 2 9 2 7 6 
3 1 1 5 3 0 7 9 8 4 3 0 5 0 0 7 1 0 1 8 9 4 3 0 8 5 8 0 7 9 1 2 2 6 6 8 4 7 2 6 0 3 9 0 8 6 1 8 7 6 2 7 0 2 6 4 4 6 7 3 9 6 8 7 4 4 8 1 9 5 4 8 9 9 3 8 0 1 2 3 6 2 9 8 9 8 5 1 1 7 9 7 7 1 8 4 2 9 3 
5 6 4 6 5 6 4 2 4 2 2 7 1 1 7 8 1 9 2 0 8 3 5 9 5 5 0 3 1 6 7 7 0 7 3 4 4 4 3 7 9 9 8 9 5 6 5 6 4 5 1 8 5 8 0 4 9 5 6 8 6 1 5 2 5 5 6 2 6 8 7 0 9 7 1 8 8 1 3 9 5 4 6 2 0 7 9 7 4 4 8 1 1 2 5 8 6 5 7 
3 5 9 4 5 0 2 9 0 6 7 9 4 3 0 8 6 1 8 1 6 0 0 0 4 5 5 5 5 9 5 4 1 1 7 9 7 8 6 8 4 9 5 9 0 7 7 4 9 0 7 0 8 2 6 8 2 2 1 6 6 3 2 9 1 4 9 4 5 1 1 8 5 4 9 5 1 9 6 2 3 2 0 5 0 0 5 7 3 4 0 4 7 0 5 3 3 4 2 
0 2 2 0 1 7 8 2 5 4 2 5 5 3 6 4 1 4 2 5 7 0 6 4 5 6 4 3 0 6 2 2 4 5 5 6 8 0 1 5 6 3 7 1 2 6 1 0 4 0 6 1 9 7 6 3 1 9 4 1 5 7 9 5 6 2 1 9 5 0 6 3 3 3 4 1 6 6 1 0 1 1 3 8 4 6 8 6 9 2 4 9 5 9 3 9 3 9 0 
0 2 7 3 2 4 2 0 2 6 0 2 8 8 8 1 5 6 2 3 4 7 6 3 7 6 6 9 8 4 5 6 4 7 0 8 7 6 1 9 9 5 7 2 9 4 8 5 6 8 1 1 4 6 6 3 4 0 2 5 6 7 9 1 3 6 9 9 4 1 6 3 2 3 0 3 1 4 1 6 8 1 6 3 4 6 6 5 1 1 1 2 7 0 2 4 5 0 8 
2 4 2 3 6 1 3 4 4 3 7 1 8 8 8 7 5 4 0 1 8 5 6 5 7 9 5 3 1 0 8 8 0 1 8 9 4 9 1 1 4 4 4 6 3 2 9 2 9 5 7 6 2 8 9 2 6 9 4 8 9 2 3 8 7 7 8 2 8 6 4 4 3 5 8 5 0 2 6 7 6 1 5 7 6 1 6 3 7 1 8 6 3 1 0 5 3 3 8 
9 3 3 0 8 6 6 1 0 1 9 2 9 5 9 2 5 5 2 6 3 2 7 8 2 8 1 8 1 3 6 2 8 7 9 3 0 1 3 4 0 4 1 2 6 0 7 0 7 8 9 7 4 8 8 7 1 3 7 3 6 0 6 2 2 8 6 6 8 5 6 5 0 0 5 8 7 5 2 0 9 6 6 7 5 4 4 8 6 2 0 4 4 0 0 9 0 9 7 
5 3 5 7 3 1 7 2 8 4 7 5 1 7 4 5 3 6 0 1 7 5 9 5 1 1 5 7 5 3 4 5 5 5 6 4 4 9 1 7 3 6 3 3 5 6 5 3 5 5 3 9 8 1 3 9 1 6 2 3 2 1 1 7 8 6 1 8 9 4 5 4 8 3 8 6 7 5 6 7 9 9 6 1 9 0 7 9 6 4 8 7 6 0 1 5 0 3 1 
1 0 3 3 0 1 0 7 1 0 4 1 3 5 6 7 1 9 1 4 5 6 5 3 8 2 4 2 7 8 5 2 0 9 5 2 9 8 3 0 4 7 4 9 6 9 7 4 9 6 1 3 3 5 8 3 1 3 8 8 2 3 5 2 8 2 4 8 6 9 9 5 2 5 7 5 9 1 3 8 4 0 8 2 3 5 9 4 2 8 4 6 1 6 8 7 0 1 4 
3 7 1 4 5 3 5 9 5 4 4 6 9 9 7 2 1 2 6 7 7 2 0 7 6 6 0 4 8 9 5 7 4 8 9 3 6 5 9 5 1 4 3 7 8 7 2 8 8 3 5 9 6 2 2 9 8 2 3 4 6 3 1 5 8 7 2 1 7 5 9 3 2 9 4 7 5 8 6 9 1 3 7 9 6 9 9 7 4 6 2 8 4 5 5 9 0 3 3 
2 3 4 4 7 3 5 4 7 0 4 0 1 2 6 8 6 6 9 5 4 1 2 0 0 9 7 5 5 6 1 2 7 2 7 4 5 5 6 0 7 0 1 2 1 8 7 7 7 3 9 7 2 3 6 7 5 4 8 6 7 5 6 9 0 0 0 3 3 3 0 0 2 6 7 5 8 0 8 3 2 7 0 2 8 0 7 4 0 3 5 2 0 7 1 6 3 3 5 
9 0 7 7 6 3 0 3 4 9 5 6 9 0 6 6 0 5 9 5 1 2 5 4 5 0 9 7 3 0 4 8 3 5 4 6 4 2 7 9 0 2 1 9 7 4 9 4 1 1 9 9 6 7 0 5 3 9 3 2 6 1 5 5 3 9 9 4 8 7 4 5 2 8 3 4 4 8 4 1 8 8 5 2 9 1 3 7 1 5 6 6 5 9 8 6 2 5 3 
9 1 5 6 5 8 0 0 5 6 8 1 8 3 3 0 7 9 9 3 2 7 5 3 5 4 5 9 4 8 8 4 7 9 6 8 0 1 6 3 4 8 1 2 9 1 1 0 0 7 6 4 7 6 9 8 3 5 2 1 6 9 4 2 0 7 7 5 0 5 3 3 2 4 3 0 6 1 6 2 1 1 7 6 9 1 2 7 1 7 1 1 7 2 8 0 4 4 3 
7 7 5 1 9 2 3 0 5 3 9 1 1 6 5 9 3 4 9 9 3 9 0 6 4 4 8 8 4 3 7 4 6 9 9 1 2 1 3 6 8 0 0 8 6 7 0 2 6 6 2 4 5 4 7 1 2 3 5 9 7 2 2 5 6 2 0 5 9 8 2 9 3 1 5 6 2 6 7 9 3 9 7 8 0 1 2 7 4 6 7 5 3 5 1 4 3 7 1 
2 8 8 2 7 4 5 8 7 9 3 3 8 3 2 8 6 5 3 9 3 0 4 3 7 5 2 1 6 9 7 3 9 2 3 2 8 1 7 9 8 4 7 6 4 7 6 0 9 7 6 0 5 7 7 6 0 2 4 5 7 5 9 5 0 4 4 7 4 0 5 0 5 8 5 6 7 8 1 2 2 4 8 0 4 5 3 6 3 8 2 3 7 6 9 3 5 0 6 
6 2 0 5 1 1 7 9 7 0 8 1 2 7 7 5 7 3 2 9 3 1 4 0 3 4 4 8 0 9 2 0 2 5 5 2 0 8 6 3 2 2 1 8 3 3 1 1 6 4 2 0 4 0 4 8 2 7 0 9 8 8 6 6 0 1 7 1 5 3 9 7 5 2 9 1 5 1 1 2 7 8 1 2 5 1 7 4 8 7 5 4 0 4 2 6 4 1 6 
9 2 0 5 5 8 9 1 2 3 1 8 6 3 4 5 7 7 5 1 1 1 4 6 7 0 8 0 9 1 2 3 1 9 0 1 0 1 1 7 8 8 6 3 8 8 1 1 4 2 9 4 8 1 9 6 2 3 0 7 2 3 1 5 2 8 6 8 5 6 2 7 8 2 3 6 9 5 8 9 6 7 3 9 0 9 0 2 6 6 2 1 1 7 4 8 7 6 2 
1 1 0 7 1 7 6 1 8 8 9 0 9 0 7 4 5 6 0 8 1 2 9 4 8 8 7 7 1 8 2 8 0 0 2 6 9 5 8 0 8 4 4 5 1 2 0 5 7 8 9 1 6 8 3 9 1 9 0 2 2 7 1 0 5 4 5 3 8 5 2 8 1 8 9 0 8 0 3 6 2 6 4 0 3 7 0 9 3 9 6 9 4 2 5 5 2 1 0 
1 6 3 6 2 1 7 5 2 6 3 4 3 7 8 5 3 1 3 8 6 7 2 5 8 7 5 7 9 0 5 4 1 4 3 4 7 6 6 2 9 8 2 1 9 0 0 8 5 3 6 9 3 4 9 6 1 1 2 3 9 2 3 9 0 8 1 8 0 6 7 6 7 2 2 4 5 9 3 6 2 7 0 1 9 2 0 5 7 7 9 9 8 7 1 8 4 0 2 
7 0 1 6 6 1 2 6 9 1 5 9 6 0 6 1 6 5 3 7 6 4 9 0 3 3 0 6 2 3 8 0 4 6 5 5 1 4 2 3 2 6 4 2 3 9 4 2 5 6 6 9 5 1 6 0 7 0 8 8 8 1 0 3 1 4 4 9 6 7 2 0 2 3 2 9 7 6 2 8 4 6 3 5 1 3 1 3 6 5 9 8 7 1 8 8 0 8 4 
7 1 9 5 1 7 6 7 9 0 0 0 2 7 4 1 0 5 1 8 4 3 5 5 2 7 2 1 2 3 5 2 7 2 9 7 3 7 4 5 8 5 5 6 3 6 3 2 0 9 9 9 2 6 1 5 0 3 0 2 2 8 2 7 7 4 3 3 6 4 7 6 4 4 7 9 7 2 0 1 9 7 6 7 3 0 4 5 3 9 9 2 6 3 1 8 6 7 9 
9 8 4 6 1 7 2 8 9 6 2 8 5 2 1 4 9 8 4 6 1 4 4 8 5 8 8 0 9 1 6 8 1 1 2 9 6 8 1 8 8 0 4 3 1 9 3 3 9 7 9 3 7 7 3 2 2 8 1 3 4 1 8 5 5 9 1 1 4 3 4 8 2 0 0 1 6 1 3 0 4 7 4 6 9 3 8 5 5 8 4 8 3 1 1 5 2 9 5 
1 8 1 3 3 8 7 4 0 5 2 8 8 7 6 8 0 1 5 7 0 6 1 3 3 5 1 3 9 2 8 5 6 9 9 5 7 8 3 1 4 4 1 3 8 5 3 4 1 1 7 4 6 6 6 6 0 6 1 4 5 8 7 4 9 3 1 1 5 5 2 7 7 1 3 5 5 6 8 3 6 7 8 1 5 5 4 7 1 0 3 9 9 5 5 4 1 7 5 
8 1 2 6 3 0 5 8 2 1 2 7 3 8 0 1 2 7 6 1 1 8 1 4 9 3 0 7 8 4 8 6 4 6 7 0 0 0 1 1 2 6 3 1 4 7 9 5 7 3 7 1 1 5 6 2 9 3 0 5 7 4 1 8 4 4 8 6 1 6 1 4 6 7 8 0 3 6 3 6 2 1 6 1 7 4 0 1 9 7 0 0 7 7 4 2 0 4 9 
1 0 7 3 8 8 2 2 8 4 4 6 0 9 0 2 5 4 7 3 3 2 8 0 6 0 9 8 1 3 7 7 0 3 5 9 3 5 6 5 7 6 7 2 0 1 2 1 4 7 6 1 5 1 0 0 7 5 5 9 1 0 5 2 5 7 5 4 0 5 4 7 2 8 7 3 6 0 2 5 1 6 9 1 6 2 4 5 9 1 0 2 8 5 2 8 1 3 7 
6 7 0 6 4 4 7 1 6 3 6 4 4 2 3 8 2 4 7 9 4 2 1 2 3 6 5 3 9 3 6 7 2 7 8 0 9 7 5 0 4 5 1 8 7 7 7 9 8 7 2 5 8 2 5 2 0 8 1 8 0 3 5 9 0 4 1 7 7 5 1 3 6 8 2 5 3 8 9 8 4 5 3 2 1 0 0 8 8 6 8 0 1 1 4 7 9 8 0 
9 1 1 0 9 3 7 1 8 4 4 5 1 2 7 0 5 7 6 4 6 0 2 9 4 2 4 6 0 2 9 3 9 0 6 3 0 5 4 4 6 6 3 5 6 5 4 8 1 6 8 0 6 4 7 1 5 7 0 1 0 5 9 5 3 8 0 2 5 5 9 8 7 1 0 8 7 9 3 3 8 0 6 8 8 4 4 3 8 2 5 1 6 3 1 0 2 3 1 
8 8 5 2 7 5 9 0 4 4 2 5 7 0 2 9 4 2 5 6 9 7 0 3 7 1 7 8 4 2 3 4 1 1 3 8 7 2 5 2 1 3 7 0 8 2 1 3 9 5 0 1 0 8 3 8 8 1 1 0 4 2 8 4 1 1 9 6 4 9 5 3 5 3 0 7 9 3 4 4 4 0 0 9 7 4 7 9 4 5 1 0 9 5 5 2 4 8 6 
5 3 1 9 7 5 7 5 3 2 7 1 3 3 6 2 0 3 9 0 1 1 6 9 3 9 9 0 2 5 1 4 9 3 8 8 6 4 3 3 8 2 3 0 4 5 4 7 6 1 7 4 4 2 0 1 5 5 2 7 3 0 5 3 2 5 9 6 7 9 7 2 6 8 1 9 7 5 8 0 1 5 9 1 8 4 5 9 2 4 2 1 9 5 1 8 2 4 8 
9 9 2 8 1 2 8 3 3 3 6 1 7 9 8 9 3 1 8 1 6 4 2 1 5 4 2 7 7 1 8 4 6 2 8 9 7 3 9 5 8 1 2 3 7 4 9 4 5 5 0 7 5 3 7 5 6 9 9 2 7 2 1 2 1 8 0 3 1 4 7 7 3 9 1 5 5 2 8 3 9 0 2 8 7 5 0 0 6 5 4 0 6 6 5 9 1 7 4 
2 0 5 9 2 3 2 9 0 3 2 1 8 6 6 7 8 2 7 0 8 1 1 3 4 9 5 7 7 4 3 7 3 1 4 0 9 4 2 5 0 5 6 8 3 8 0 8 6 4 8 9 7 2 9 1 4 5 3 8 8 1 1 7 4 6 6 7 5 2 8 5 1 8 6 1 8 4 5 7 6 1 7 8 2 6 5 3 4 4 8 4 5 0 0 3 5 8 4 
9 5 7 5 4 5 6 2 9 1 9 9 7 5 7 2 6 1 3 3 4 4 4 3 4 9 6 1 6 3 7 4 7 1 2 6 2 8 5 8 2 0 9 4 7 5 4 8 3 3 9 4 6 9 0 8 8 5 1 8 2 9 3 3 6 7 2 1 7 1 7 0 3 7 1 5 9 2 5 1 1 3 3 3 0 7 3 7 9 3 3 5 5 5 8 5 9 2 3 
2 4 5 7 2 1 6 8 0 5 5 9 5 1 7 8 8 2 2 3 7 1 5 1 2 5 5 7 7 6 3 4 5 0 1 4 3 9 5 2 3 5 7 4 7 6 0 1 4 0 9 1 3 7 9 9 0 4 8 3 6 7 7 0 9 5 0 7 6 3 8 2 2 6 3 9 1 1 9 8 6 0 7 9 4 0 4 5 0 5 4 5 9 4 7 0 1 7 9 
5 7 9 6 1 7 4 8 2 1 7 8 7 5 0 1 9 6 6 0 9 0 6 8 3 7 9 0 2 1 5 0 2 3 6 4 6 1 7 5 4 6 4 3 8 3 2 6 2 3 0 2 0 8 1 2 9 6 9 8 9 3 6 7 5 9 5 4 8 2 3 3 6 8 4 3 3 0 1 3 2 5 8 2 0 9 4 0 4 4 4 9 2 8 6 0 2 9 5 
1 6 6 5 7 0 6 9 6 7 5 4 6 2 7 1 4 2 8 8 8 8 4 5 3 0 7 1 9 4 9 3 1 8 7 4 5 9 1 9 6 5 2 7 4 1 9 6 9 6 1 4 7 3 4 7 5 5 3 0 3 9 0 5 5 3 8 8 9 1 2 8 4 6 7 3 9 7 5 6 0 7 8 9 2 6 4 4 5 8 6 8 4 8 5 0 2 4 9 
6 7 1 2 7 5 4 8 3 0 3 8 0 5 7 2 0 0 8 3 2 8 9 9 8 6 5 0 7 9 6 2 3 4 2 9 0 6 3 5 7 8 7 1 4 9 8 0 4 8 1 7 0 6 8 9 5 4 9 8 5 7 3 2 4 2 8 7 5 5 6 6 4 2 5 5 3 2 5 1 1 4 6 2 7 0 0 1 1 4 6 4 4 4 5 6 2 7 9 
0 4 8 6 6 6 9 6 6 2 2 4 8 5 6 6 0 0 3 4 6 4 5 7 6 4 0 6 8 8 6 6 1 2 1 9 7 3 7 9 3 9 3 3 5 6 8 8 9 5 8 3 3 2 5 1 3 5 8 3 6 3 7 2 1 9 6 7 8 0 2 8 0 4 5 9 5 2 1 2 3 0 3 1 8 9 5 3 0 8 6 9 5 3 1 8 2 1 2 
1 1 5 6 9 1 9 7 3 4 5 5 7 7 5 5 6 6 2 0 3 7 0 8 4 8 8 1 5 1 4 4 1 8 2 0 1 3 5 9 4 3 5 3 6 6 8 2 6 4 3 7 8 8 6 0 3 3 7 7 8 0 4 8 5 2 9 4 8 2 8 0 3 2 1 7 7 1 6 2 5 9 2 9 7 2 8 9 8 0 1 1 7 8 0 3 9 8 7 
0 4 2 8 7 0 0 0 8 7 3 1 2 8 3 2 0 6 3 2 7 4 4 9 4 0 7 7 5 4 1 7 3 7 1 9 4 2 1 2 7 2 8 7 9 3 0 2 3 1 3 7 1 1 9 0 5 8 9 8 0 0 3 6 5 7 8 2 1 2 6 2 1 1 5 3 1 2 8 6 0 7 1 9 8 8 6 9 6 7 8 8 9 7 3 8 3 5 5 
4 4 8 9 0 9 9 1 0 9 0 3 6 6 8 6 5 1 5 0 9 9 0 8 5 6 8 3 3 1 9 6 0 1 9 5 3 7 5 1 7 2 6 4 1 3 3 2 5 7 3 9 2 5 8 0 7 6 3 2 5 2 3 8 0 8 9 1 8 4 9 8 2 6 4 2 7 0 3 4 5 2 7 5 1 7 9 7 7 1 8 9 8 3 9 6 4 4 0 
0 5 5 6 7 7 8 9 0 4 4 4 4 8 3 6 6 8 3 2 7 4 9 5 8 3 6 9 0 9 3 1 1 1 0 5 0 1 2 1 5 7 0 5 4 1 5 0 3 2 9 0 9 1 4 4 1 1 7 4 0 5 9 3 7 6 2 6 7 2 6 2 8 1 6 7 0 1 4 8 7 5 0 4 2 8 8 5 9 5 8 8 0 3 8 6 8 6 0 
3 6 5 5 4 4 9 5 1 8 3 0 1 4 5 9 6 6 6 3 3 1 9 4 3 0 1 7 7 7 1 2 3 1 1 1 5 9 4 2 3 9 8 0 1 6 9 6 6 5 4 8 5 4 0 1 7 7 2 1 5 5 4 6 3 9 1 1 7 3 4 5 1 7 1 3 1 0 8 5 1 8 9 0 5 7 6 3 5 8 5 9 2 5 5 2 2 6 0 
9 8 5 5 1 0 4 5 2 0 3 5 2 9 4 4 9 2 5 2 3 2 2 2 2 5 0 9 9 6 1 9 9 6 8 3 2 1 3 4 9 2 1 5 2 4 7 1 6 8 9 1 4 0 9 2 2 5 9 4 1 5 7 4 5 4 0 7 3 3 2 5 0 7 2 3 2 0 0 4 0 7 8 2 8 9 8 2 2 9 7 0 4 5 2 7 2 7 2 
7 6 7 3 0 7 4 3 7 7 2 6 7 0 4 5 3 8 6 6 6 0 8 6 4 4 6 4 1 1 7 1 0 0 4 9 9 2 7 4 8 7 6 1 6 4 8 8 0 5 8 9 5 7 1 2 0 0 5 0 5 1 8 6 4 1 9 9 7 1 8 1 3 8 8 2 0 0 1 2 7 7 4 7 4 4 5 0 8 0 9 6 3 5 3 7 5 1 0 
8 2 7 3 6 6 3 7 7 4 6 6 7 5 2 3 0 7 8 7 3 2 2 1 5 9 3 0 6 4 8 2 8 9 2 4 3 6 1 1 8 6 1 5 1 4 6 5 8 4 6 4 9 0 2 1 9 4 4 8 5 3 1 7 3 7 8 0 5 0 8 8 5 1 7 6 6 1 5 7 1 8 5 8 7 0 8 1 2 5 8 7 7 3 2 4 2 6 9 
4 9 9 9 0 3 3 1 9 7 8 7 0 7 5 9 6 8 7 6 8 4 2 9 0 2 9 6 7 4 5 7 6 1 0 0 1 7 3 9 8 6 4 1 0 1 1 9 7 7 5 3 6 5 6 1 7 5 4 2 8 1 3 5 8 5 8 2 9 9 8 1 3 9 4 6 5 1 3 0 8 6 1 1 4 8 2 9 0 0 1 8 9 7 3 0 2 9 6 
2 2 3 5 5 4 0 7 9 4 5 0 0 7 6 3 2 5 1 0 0 7 7 3 4 6 3 3 4 0 2 1 3 2 7 4 3 4 9 9 0 1 3 2 1 7 9 8 1 7 3 1 5 9 5 1 5 2 2 5 5 1 9 7 9 0 4 6 0 7 7 1 9 8 0 6 5 1 6 9 5 0 0 7 7 2 4 5 5 5 9 7 5 2 4 8 7 6 9 
8 4 3 3 7 0 8 7 8 0 2 4 7 9 7 9 8 1 2 3 0 3 0 3 0 1 7 9 5 0 2 9 7 2 6 0 6 3 3 5 2 5 0 6 7 0 4 2 0 7 2 9 4 9 0 3 1 6 8 8 4 8 7 7 8 0 6 1 6 3 8 8 0 4 2 9 5 0 4 3 5 1 4 5 0 1 9 3 6 1 1 4 4 3 5 8 1 1 1 
0 2 2 3 2 9 2 2 7 5 5 7 7 6 5 7 6 8 7 1 5 0 2 1 3 4 6 2 6 0 1 5 8 8 4 4 0 4 7 9 6 4 0 6 5 6 8 0 8 9 5 2 5 3 4 9 4 1 7 3 2 1 9 6 2 7 5 1 8 0 4 0 1 5 6 3 4 9 9 6 4 0 8 6 4 0 0 2 9 9 4 2 5 1 5 6 5 7 3 
2 4 9 1 0 8 5 2 9 9 1 4 9 4 1 6 6 6 5 3 9 3 5 1 0 9 4 7 9 3 9 0 5 7 0 3 5 4 3 7 6 5 2 0 1 6 7 4 4 5 1 9 4 2 5 4 8 3 8 9 3 0 2 3 7 6 2 4 0 9 3 8 6 4 0 1 8 5 3 2 8 7 5 4 8 5 2 7 0 7 1 1 6 9 4 2 1 8 3 
3 4 8 1 3 1 8 6 0 6 1 0 2 7 0 5 3 7 3 9 9 5 9 4 1 8 1 8 0 7 8 9 0 3 5 0 2 5 9 1 4 6 5 3 1 0 3 2 4 4 8 8 1 7 0 5 2 0 3 0 6 5 6 7 3 3 0 3 0 0 5 6 0 8 5 0 7 7 7 8 7 1 8 0 3 6 0 0 6 6 0 3 0 3 8 5 5 7 6 
4 3 1 8 1 2 2 5 9 3 8 4 4 8 3 3 3 9 6 8 2 4 4 8 8 8 3 1 9 5 1 3 9 4 4 7 2 3 8 5 1 2 9 4 9 5 1 5 3 4 5 2 3 6 7 9 7 2 6 7 0 4 6 5 7 7 4 4 9 5 8 5 0 2 0 5 1 2 7 5 3 2 8 6 4 8 1 1 6 0 3 6 3 7 2 3 3 1 0 
4 1 1 4 6 2 0 1 8 9 7 1 0 3 8 8 8 6 6 0 6 4 3 8 9 5 5 7 3 3 8 0 6 7 5 6 3 9 0 4 2 8 4 3 7 4 0 5 4 2 4 1 5 2 5 4 9 6 3 8 1 8 7 3 3 5 6 0 3 0 4 4 8 3 1 6 8 6 6 0 2 9 4 6 9 0 4 7 3 9 6 2 7 7 8 0 7 4 0 
0 6 8 6 3 8 0 4 7 1 6 2 3 3 2 6 1 4 0 5 8 5 2 0 5 6 5 6 2 6 1 2 9 4 4 2 0 4 9 0 0 2 4 3 3 1 9 9 9 3 5 8 4 6 9 5 2 8 2 2 3 6 5 5 0 7 6 8 6 6 3 3 3 8 2 8 7 5 2 8 8 1 5 7 8 7 8 4 5 2 5 5 9 2 1 2 2 2 1 
1 0 5 3 5 8 9 4 3 2 1 5 9 9 1 1 5 9 4 4 3 0 0 4 4 1 8 9 1 3 8 2 5 2 8 5 0 6 5 8 8 3 4 9 7 1 2 7 3 2 3 4 0 9 4 0 7 6 8 2 8 8 9 9 0 2 1 6 0 2 4 9 9 0 8 8 4 5 4 0 8 0 2 2 9 9 2 1 1 5 8 9 8 3 0 4 3 6 8 
4 1 0 7 7 7 7 7 9 6 0 1 2 1 1 0 9 2 3 1 3 3 7 2 2 7 6 7 4 2 2 5 9 4 7 8 9 8 4 7 7 1 0 0 8 9 9 7 6 1 7 5 1 6 3 8 4 9 6 4 6 3 0 8 3 0 4 7 2 5 0 0 3 8 9 2 6 4 8 4 8 2 0 5 3 7 4 2 1 7 7 9 4 5 3 1 7 3 6 
6 3 5 2 5 5 6 3 0 9 2 2 6 0 2 8 6 6 0 9 0 5 6 3 3 1 3 9 4 8 9 3 4 2 3 7 7 6 2 8 1 6 7 0 9 1 2 5 6 0 2 1 7 5 0 8 5 6 7 7 6 2 1 4 2 7 2 7 5 3 2 2 7 1 8 9 2 0 5 9 5 8 8 0 3 1 0 3 6 8 5 0 0 2 9 6 5 3 0 
1 2 9 9 5 9 0 3 4 7 3 4 9 3 6 9 2 6 0 4 0 8 2 0 8 7 9 7 8 7 5 1 3 6 6 2 0 3 7 8 9 1 1 2 9 9 8 4 2 3 2 1 5 7 0 3 5 0 6 1 0 5 8 1 3 5 4 8 9 8 4 2 4 4 3 2 5 5 5 1 5 9 1 8 6 4 6 6 2 9 6 6 1 5 4 6 9 5 3 
6 1 7 9 1 8 8 8 2 1 8 9 8 6 4 9 5 3 0 0 3 5 0 8 9 7 1 6 6 9 7 0 9 8 1 0 4 9 5 2 3 6 6 2 2 7 0 8 0 9 8 3 6 7 1 3 9 6 7 6 5 1 1 1 1 2 6 5 7 2 5 5 2 2 8 4 6 0 0 3 2 0 8 4 6 8 2 2 3 0 1 0 5 3 5 1 0 3 1 
2 7 7 7 2 4 1 8 6 2 0 0 8 2 7 6 2 1 4 3 2 6 1 2 5 6 5 1 1 8 8 0 5 6 0 2 3 7 3 5 0 0 6 1 9 7 3 8 8 6 7 3 7 2 5 0 2 0 7 0 6 8 2 6 7 3 9 8 4 7 2 9 6 2 8 8 6 0 5 9 3 9 1 1 7 9 7 4 4 9 3 6 5 6 3 1 2 7 1 
3 4 0 0 7 7 0 1 5 3 7 1 6 4 1 7 7 5 4 1 3 7 0 5 2 6 4 3 6 2 9 6 9 3 9 1 4 0 5 7 1 2 2 4 4 0 9 8 4 9 8 4 9 3 0 9 2 2 6 2 7 3 1 3 1 2 9 1 4 2 2 6 2 3 4 9 6 2 2 8 9 0 4 5 3 5 6 0 7 5 5 2 2 2 8 7 4 0 5 
6 2 1 1 8 6 8 4 1 7 2 1 8 2 7 8 7 3 3 9 4 2 9 8 7 5 0 9 4 3 4 3 9 1 1 0 7 9 1 6 0 2 8 8 2 7 5 6 5 6 0 7 5 7 1 6 5 6 2 0 2 7 7 4 6 8 1 9 2 5 2 8 8 2 7 6 4 5 6 5 0 3 5 8 9 6 8 7 0 8 3 7 6 8 2 5 2 4 1 
9 2 5 1 9 4 6 6 6 7 7 4 8 7 1 0 6 0 9 8 8 7 9 7 1 8 2 8 3 5 1 8 8 2 4 7 9 2 2 0 9 4 6 6 6 2 2 7 3 4 7 0 4 8 7 4 3 5 7 2 4 1 3 5 4 9 3 3 2 9 1 8 7 7 5 4 2 8 8 8 1 9 9 4 8 6 4 4 9 8 4 8 6 8 3 6 4 2 5 
9 9 1 3 3 7 2 3 9 4 6 5 6 7 3 0 2 7 5 0 2 2 4 0 6 6 6 8 5 2 1 4 2 4 9 0 9 3 6 5 7 4 9 2 0 7 8 1 2 0 3 8 4 0 3 9 8 2 0 7 5 6 8 8 9 5 7 1 1 4 0 3 5 2 8 2 7 9 0 5 9 0 1 2 6 4 9 5 1 9 1 0 9 3 1 0 9 7 4 
0 7 6 5 7 5 0 3 1 1 0 5 8 4 3 1 2 2 5 4 9 6 4 3 7 0 3 2 9 2 3 1 6 4 6 3 5 1 3 8 6 9 5 5 5 3 5 1 7 9 1 1 3 0 9 9 2 1 0 0 7 1 4 1 1 1 4 7 7 5 8 4 5 6 5 8 6 4 5 5 3 8 9 6 2 9 4 7 0 9 4 8 9 9 6 0 6 7 7 
4 9 0 8 2 4 7 1 1 8 2 7 2 1 5 1 0 7 8 7 4 2 6 2 4 4 8 1 6 5 1 1 5 8 7 5 1 6 0 7 5 9 9 7 1 8 7 4 6 7 0 6 0 8 8 7 2 3 9 4 7 7 2 7 8 7 8 4 5 1 6 8 2 5 9 8 4 9 9 0 4 4 2 3 6 5 2 8 4 6 8 2 1 9 6 7 6 3 1 
4 7 6 2 8 4 7 4 0 6 9 3 8 0 7 6 5 8 3 8 9 7 3 9 4 5 8 3 8 2 0 0 2 1 4 7 6 3 0 1 6 7 1 3 3 4 9 5 3 0 0 1 5 7 9 1 1 7 7 3 2 5 7 9 2 8 8 2 8 9 1 2 4 1 3 6 4 9 2 8 5 0 0 2 8 2 3 9 1 2 3 0 0 8 6 5 6 5 7 
5 8 5 0 5 7 2 2 8 1 5 1 2 0 4 8 6 0 3 3 8 1 6 1 2 7 1 4 9 4 7 0 0 0 6 9 5 0 8 4 8 8 8 9 8 8 7 8 3 2 5 7 8 4 4 7 8 8 5 3 2 3 4 7 8 8 7 4 3 6 3 1 7 6 0 0 9 9 6 5 3 8 4 9 7 9 3 8 2 7 7 2 0 3 6 0 3 6 1 
8 5 9 3 3 2 1 4 4 3 4 2 2 1 8 5 0 5 8 0 4 2 5 6 9 2 2 3 2 8 8 1 2 6 7 4 8 2 1 7 3 2 5 1 2 1 3 3 5 2 4 9 7 2 9 6 6 6 7 1 0 1 9 8 2 5 5 0 7 3 9 5 5 2 6 9 2 5 3 7 2 3 6 2 3 2 6 3 0 9 4 2 6 6 1 6 1 1 7 
6 0 6 1 6 9 0 8 5 5 5 6 6 9 8 1 9 4 9 5 1 6 0 8 4 2 0 8 0 3 7 1 0 9 6 1 8 4 4 8 7 1 0 8 8 7 0 3 5 2 6 4 5 9 3 5 0 2 1 1 6 5 8 5 2 0 4 9 8 6 0 7 8 1 6 3 9 3 6 5 5 8 1 2 4 9 6 8 2 9 8 4 0 5 6 9 1 4 6 
4 2 5 8 2 1 2 0 2 6 7 8 7 3 7 0 8 9 5 0 3 0 3 1 5 9 2 1 2 4 4 8 0 2 6 1 8 3 3 0 4 1 7 8 4 7 6 1 0 3 2 2 9 7 9 9 0 5 0 3 6 8 9 4 9 3 6 5 9 2 1 8 0 6 9 6 3 2 2 3 5 0 4 4 7 5 4 8 2 2 8 2 3 6 2 9 0 0 0 
3 6 1 7 4 9 5 8 1 2 6 3 4 0 1 0 3 1 4 9 3 3 7 0 5 5 0 2 3 7 7 8 7 2 7 0 6 1 6 3 8 7 8 4 3 4 7 9 0 2 7 7 8 5 3 2 1 7 9 6 1 3 1 1 3 3 8 9 2 9 0 1 1 9 4 2 7 6 1 3 4 2 1 0 0 8 3 0 7 0 2 5 3 2 8 6 2 6 5 
5 8 3 3 7 7 4 9 1 4 2 8 7 1 0 3 8 7 2 0 0 6 2 3 9 0 4 8 2 3 1 0 0 9 8 3 3 8 0 2 2 5 2 7 6 0 4 4 4 9 9 2 6 1 3 7 2 8 7 3 4 8 6 6 4 7 2 3 5 2 4 2 0 3 3 6 0 1 5 8 2 9 5 1 6 6 3 8 1 5 3 6 4 1 9 0 5 9 7 
9 3 1 4 8 6 4 6 3 3 4 6 2 3 7 7 6 3 1 6 5 1 3 6 5 9 7 1 5 2 9 8 6 7 0 8 3 1 9 5 5 3 5 4 3 4 8 9 6 7 4 9 4 3 8 8 8 5 7 3 5 2 3 7 3 2 0 4 5 0 1 4 4 4 4 5 5 7 8 4 9 8 7 3 2 9 5 0 0 2 6 6 2 0 3 8 8 3 8 
6 1 3 0 2 5 7 1 8 6 5 8 8 1 0 0 8 8 8 3 0 6 2 5 6 1 5 3 7 0 3 2 5 3 2 0 6 1 1 2 9 0 7 0 9 8 4 1 7 7 9 1 2 9 0 5 7 5 9 0 5 1 1 4 5 4 2 4 3 3 4 2 4 6 4 7 8 5 0 3 9 6 3 2 0 1 7 6 2 8 1 4 0 9 0 7 7 7 7 
9 9 7 9 4 2 7 5 9 5 5 3 6 1 8 9 6 0 1 6 3 2 9 0 6 1 8 8 0 7 9 0 6 7 6 2 5 7 7 6 5 8 5 6 8 3 8 1 3 1 7 9 0 7 4 3 0 1 6 7 6 9 3 4 5 6 9 3 6 0 8 2 9 1 5 4 6 9 2 6 9 6 6 5 8 5 6 9 3 8 7 0 6 1 0 8 9 9 7 
0 0 8 8 0 3 1 1 0 9 5 3 0 5 1 2 9 0 6 8 2 5 0 7 4 4 2 4 1 7 2 7 3 4 5 7 4 4 7 9 8 8 4 4 8 3 0 8 9 2 6 6 0 5 2 8 2 7 3 4 7 0 4 0 4 8 3 0 3 8 0 8 3 9 6 8 7 9 0 6 5 0 2 2 5 3 1 1 2 8 2 5 0 2 4 0 1 9 5 
