51 51 51
68 39 29 18 23 82 73 15 64 94 88 62 37 41 74 66 70 35 88 25 2 69 15 4 70 83 58 30 86 37 57 60 64 97 19 16 1 70 97 62 19 60 62 4 56 75 20 34 43 84 36 
98 19 38 13 64 86 27 46 95 27 90 68 42 46 38 32 25 99 76 51 66 52 70 14 61 79 77 77 40 12 70 35 2 19 59 51 45 99 62 44 17 95 7 21 72 93 83 4 42 91 41 
40 44 64 27 7 99 67 57 65 20 26 1 33 75 33 28 66 69 36 24 97 86 45 92 15 1 91 86 25 38 34 66 72 21 84 58 77 79 1 9 90 69 9 7 56 50 20 38 55 94 76 
95 28 36 23 33 49 2 92 30 2 86 89 85 26 23 45 71 7 75 11 6 73 41 56 47 49 9 51 74 55 33 96 23 11 2 22 28 3 63 77 61 40 79 25 86 10 33 13 5 48 48 
19 33 14 27 35 38 33 17 68 65 39 16 90 40 57 4 46 72 70 16 53 59 14 58 46 79 19 35 88 17 23 8 52 22 73 26 57 61 5 82 92 1 11 65 41 68 41 55 60 88 25 
66 41 81 46 27 39 98 30 75 53 27 93 98 92 8 19 92 69 44 23 86 81 10 13 67 92 37 85 37 16 96 24 31 3 14 6 96 33 44 26 53 25 72 6 31 93 11 74 96 57 82 
58 85 30 95 72 6 15 66 99 85 92 65 1 34 13 36 79 77 3 31 54 87 93 61 89 77 49 19 21 20 88 11 46 20 40 88 94 41 85 76 24 82 39 64 79 57 97 89 8 17 74 
83 0 31 37 90 70 40 3 79 20 97 80 93 81 37 56 44 99 3 60 85 56 75 46 56 40 32 39 73 18 19 1 22 56 98 79 19 17 63 27 83 2 53 99 67 20 16 42 16 13 63 
81 42 84 34 50 19 43 14 90 16 99 88 34 40 0 94 52 75 31 55 85 78 93 3 33 27 36 3 40 3 89 91 90 14 25 35 86 10 98 47 13 56 82 31 58 67 58 22 50 37 17 
38 93 6 2 59 11 75 55 26 34 93 21 3 12 67 65 42 28 72 50 87 60 5 45 92 15 56 61 11 9 2 94 25 41 57 41 79 91 86 60 59 51 80 5 88 86 40 70 98 14 71 
38 19 71 29 80 1 50 90 19 82 96 42 73 20 38 13 44 19 8 67 59 76 24 82 29 57 16 8 95 84 6 70 98 24 84 62 9 82 24 39 71 99 66 73 32 76 98 46 77 22 56 
16 11 21 57 33 17 19 83 49 42 56 78 61 49 90 31 70 14 6 50 2 80 18 53 3 18 36 58 70 84 47 97 49 61 76 84 91 71 95 76 73 77 72 26 47 60 4 27 71 96 21 
37 96 5 89 70 45 55 13 24 7 87 80 69 1 38 59 0 49 41 97 33 49 29 75 20 17 53 43 70 92 18 58 39 12 22 48 89 60 54 35 78 58 45 70 21 91 73 82 22 0 58 
69 61 33 0 19 29 21 59 41 77 57 40 68 99 59 65 0 81 27 0 94 80 64 20 78 83 35 62 88 95 36 80 91 44 34 74 68 61 26 27 73 94 65 10 97 60 62 93 14 21 14 
53 86 28 50 58 38 44 10 39 52 48 50 11 98 66 87 94 38 99 2 46 7 93 99 24 98 88 9 84 15 65 22 91 90 26 38 90 86 64 92 95 47 96 83 57 45 91 82 91 78 31 
2 50 9 27 21 87 39 41 98 71 19 79 94 46 74 11 45 71 70 46 42 21 0 50 37 32 46 78 37 70 92 39 24 2 61 19 77 30 82 15 59 99 5 73 30 22 17 41 80 95 18 
44 49 48 45 2 58 41 74 23 84 1 74 56 89 11 11 38 12 93 46 4 49 42 53 77 81 43 64 4 60 7 98 18 1 85 14 38 7 75 53 58 82 50 4 85 48 62 43 31 75 31 
41 91 18 71 19 44 93 82 22 66 58 10 7 26 77 90 93 58 4 96 9 22 2 96 25 14 7 60 28 80 48 96 35 12 50 62 26 87 10 83 99 73 73 88 38 94 15 74 31 15 37 
11 21 40 84 22 73 24 25 36 73 39 10 81 36 52 81 22 37 33 79 25 88 4 11 47 54 31 41 22 35 15 40 58 68 12 61 87 0 64 36 58 35 87 33 73 11 82 57 32 83 37 
25 21 25 5 13 56 89 65 98 66 50 50 54 53 80 76 57 3 17 8 15 80 77 66 78 87 29 97 28 83 21 14 41 5 25 27 27 2 95 39 31 26 46 92 94 80 41 6 54 71 13 
4 80 78 16 39 37 72 38 17 33 22 1 24 78 96 52 60 41 40 9 19 40 89 18 71 67 9 40 36 88 84 53 89 13 27 22 79 62 10 53 63 95 75 90 94 52 93 25 79 83 65 
30 61 89 0 85 65 18 46 58 40 21 10 97 65 50 58 60 62 35 83 16 32 60 64 36 46 11 40 34 18 62 52 87 58 85 22 52 94 69 90 51 62 50 65 60 22 29 32 78 7 14 
21 12 4 93 37 45 92 64 88 33 86 8 71 13 81 60 50 68 82 88 68 59 52 58 80 75 0 81 98 37 42 42 92 74 96 58 75 26 42 68 20 68 94 83 73 62 71 17 72 53 74 
33 98 72 5 13 47 20 82 91 75 52 41 34 86 72 86 14 9 48 8 77 25 56 42 70 67 53 57 87 56 60 86 2 89 72 68 28 53 87 58 27 3 61 57 67 47 10 97 67 13 86 
62 68 5 11 2 72 64 55 44 28 82 65 97 18 93 9 33 14 70 57 33 56 66 60 71 83 20 15 81 51 53 96 46 32 59 71 24 79 30 88 83 86 66 15 16 92 83 28 15 17 52 
12 24 13 28 86 33 62 63 16 93 98 76 82 12 16 49 88 76 59 0 40 36 21 28 92 75 89 95 55 21 65 7 54 31 89 68 44 73 41 34 24 3 74 28 31 78 78 57 14 36 86 
14 77 48 76 29 91 11 58 94 30 93 64 77 19 30 59 45 63 37 3 65 43 63 37 55 55 39 4 80 88 6 75 11 33 17 19 86 32 50 43 81 31 92 11 58 0 89 94 73 67 11 
38 83 26 61 64 50 68 25 32 43 71 25 4 25 17 8 14 49 90 71 1 69 56 97 25 49 56 55 86 6 12 44 4 56 85 42 49 29 58 60 19 64 92 86 30 17 54 80 18 91 77 
96 22 51 6 11 31 7 91 88 58 21 44 48 44 7 85 49 88 43 40 45 23 29 49 19 54 7 53 64 21 55 26 76 68 25 92 17 30 16 67 5 92 80 13 66 91 10 61 85 74 22 
17 16 90 65 53 48 13 96 6 95 41 8 27 89 45 83 77 8 20 54 23 57 19 45 22 11 97 86 44 54 11 54 39 54 27 68 8 27 60 20 6 68 29 39 99 72 92 18 24 20 74 
34 23 11 46 34 23 50 58 89 84 83 95 21 13 93 27 79 9 24 48 46 7 49 14 24 91 73 2 0 73 1 46 98 97 25 61 94 88 2 2 44 57 51 95 59 82 42 88 37 10 66 
19 54 66 99 34 86 23 7 95 80 22 54 99 0 19 11 48 94 63 52 20 57 31 25 46 16 31 73 77 13 16 89 64 48 29 87 75 15 67 20 7 15 69 1 28 85 31 31 44 63 19 
76 26 30 24 42 83 90 88 20 27 34 10 85 4 41 34 35 45 21 41 35 27 44 15 44 4 95 2 45 96 3 19 84 42 44 2 42 90 23 96 30 17 72 79 84 68 71 86 88 70 74 
36 51 92 92 49 25 98 18 24 75 38 70 89 74 46 13 27 83 7 78 77 84 28 39 47 17 52 3 58 23 23 88 21 26 36 21 51 40 92 28 81 76 74 23 25 61 19 5 8 30 94 
54 72 58 80 57 35 45 86 67 73 78 29 40 57 40 30 2 32 4 1 2 88 37 20 77 76 24 58 55 14 22 9 15 75 40 40 74 23 34 57 1 12 94 72 7 67 36 84 36 58 35 
6 94 87 0 35 42 31 42 26 15 62 67 40 0 85 37 88 4 7 45 67 36 54 57 51 54 79 94 94 39 41 28 82 18 21 3 15 44 93 18 47 86 77 65 86 56 32 67 86 44 12 
79 91 31 44 49 32 60 75 33 86 79 24 52 15 91 77 4 6 94 17 33 33 56 80 70 38 60 72 78 43 31 9 29 16 53 86 18 44 68 13 6 70 63 45 51 9 92 60 19 63 24 
11 53 9 48 79 69 1 80 66 85 80 54 92 15 64 27 71 97 36 43 21 46 62 23 13 51 6 14 44 93 73 52 83 73 9 48 21 46 91 6 65 0 22 80 13 65 18 28 92 48 9 
31 80 48 12 57 60 96 20 38 28 89 6 29 85 33 64 74 16 11 6 72 64 93 54 34 96 19 39 25 1 60 52 37 8 58 60 61 19 24 75 54 91 56 96 41 3 11 58 83 55 51 
71 28 2 16 58 19 3 91 9 74 78 74 70 47 25 35 41 19 44 7 4 23 41 1 95 29 65 28 68 85 87 13 58 3 22 57 58 5 32 33 23 99 43 8 35 57 16 70 96 49 26 
83 33 83 62 3 61 39 39 66 9 3 98 50 57 44 93 62 13 82 74 5 37 45 23 93 18 99 40 76 19 94 54 84 38 51 90 60 32 40 44 87 4 56 24 54 32 66 9 35 21 13 
67 24 93 30 99 50 22 60 15 56 6 81 10 11 50 88 13 98 26 52 5 0 67 77 48 24 39 85 60 10 5 37 59 25 38 37 99 49 97 39 96 37 19 19 49 29 0 86 64 9 79 
87 21 2 7 22 27 28 98 81 17 14 9 8 99 6 24 74 1 87 28 58 33 38 26 21 18 91 1 56 49 61 70 96 45 2 48 61 42 95 38 82 78 88 4 65 83 95 51 40 54 77 
30 91 32 18 17 73 83 15 69 78 78 81 88 34 32 7 11 55 88 17 8 16 60 85 54 61 25 86 86 75 74 12 61 3 60 27 29 42 86 86 83 17 96 95 18 86 47 23 56 79 86 
91 37 84 21 92 38 21 71 18 52 29 56 28 0 15 47 89 54 47 83 43 60 52 10 36 67 59 71 48 44 74 84 82 66 32 1 2 85 47 42 42 60 73 87 76 93 88 56 19 93 80 
46 30 34 75 22 93 90 34 85 4 52 88 76 65 12 23 25 35 18 94 14 27 62 17 68 12 71 39 35 29 43 35 62 7 33 74 22 17 84 21 79 23 9 10 59 33 10 48 63 94 94 
50 7 19 61 66 53 30 11 41 44 5 25 58 13 94 85 63 86 40 28 99 93 55 56 57 88 51 13 89 37 35 57 85 71 65 51 72 86 46 87 0 60 7 31 89 4 38 81 41 85 4 
48 16 11 48 14 89 52 51 11 89 57 66 36 3 59 85 71 22 1 15 57 15 99 29 60 28 88 4 63 25 6 18 61 91 76 97 31 10 9 11 87 85 10 82 81 76 59 94 83 66 53 
75 45 36 5 55 94 43 60 28 37 54 81 98 67 66 99 74 61 26 1 24 11 88 24 51 0 56 74 38 35 1 32 20 29 83 47 72 49 77 90 3 83 7 35 74 68 40 73 77 1 5 
16 59 58 90 69 26 47 98 48 91 75 93 15 41 11 50 91 26 26 84 35 35 45 85 33 85 9 96 13 85 25 70 89 64 68 88 84 89 1 39 34 82 17 61 17 64 14 90 8 17 57 
93 73 87 84 23 99 47 70 69 86 61 8 78 59 95 57 25 87 90 20 26 43 40 96 50 24 4 85 52 98 50 33 10 0 86 91 66 29 68 19 6 10 12 9 31 47 81 48 25 90 40 
3 4 5 5 0 0 0 2 8 0 5 9 4 9 8 2 6 6 5 1 4 4 2 6 1 5 5 4 8 0 5 5 3 4 7 0 6 8 3 5 1 6 1 0 7 7 1 5 8 5 7 
6 4 8 8 2 8 4 9 3 7 9 9 6 9 1 3 8 6 7 1 5 6 2 5 3 8 7 4 2 0 9 1 9 2 2 0 6 2 0 4 4 5 2 7 7 8 9 2 8 2 1 
2 7 2 6 7 7 0 4 1 3 3 6 4 5 5 0 5 6 5 8 8 4 9 9 6 3 6 3 5 2 8 3 3 8 2 5 9 2 2 6 0 1 2 4 8 7 3 1 9 3 2 
7 7 1 0 8 1 9 9 1 1 0 9 3 4 6 1 2 9 7 9 5 9 8 0 5 2 0 9 4 9 9 4 8 5 8 5 4 4 2 4 8 4 8 6 5 8 9 5 7 8 0 
0 6 1 4 8 9 3 9 5 0 3 9 3 2 7 5 0 8 7 1 9 8 3 7 0 6 1 7 0 4 3 5 8 1 2 5 8 0 2 3 8 3 0 2 3 9 2 8 1 2 1 
9 7 3 9 6 8 2 0 4 8 6 2 5 3 2 4 9 8 1 6 9 3 5 7 2 2 0 3 8 0 5 6 5 4 5 3 3 7 1 8 6 3 2 0 2 4 7 7 0 6 1 
4 0 1 6 8 7 9 3 9 6 0 8 4 1 0 5 0 8 2 9 4 2 4 8 1 7 8 9 4 4 6 2 2 8 5 3 3 0 4 7 7 3 8 6 3 5 8 6 6 8 4 
8 0 1 7 3 9 9 9 2 3 4 5 0 6 7 3 4 0 5 2 8 2 4 3 5 2 8 3 7 1 2 4 5 5 3 0 2 3 2 4 4 5 0 2 6 9 9 7 5 7 9 
9 6 3 4 9 5 0 3 8 1 5 3 0 6 5 0 2 5 5 0 0 3 1 3 4 0 1 8 7 4 5 2 4 8 6 4 8 8 9 4 8 8 1 1 9 7 5 8 5 4 0 
0 2 7 1 9 3 6 8 2 1 8 3 0 9 9 9 0 5 5 4 3 6 5 8 9 9 5 4 7 7 8 8 7 0 1 8 5 9 0 3 6 7 0 4 4 3 7 9 8 1 7 
2 6 0 8 4 9 9 3 2 3 4 6 5 5 1 0 4 2 0 2 6 4 9 8 5 3 9 6 3 0 1 4 6 8 9 0 7 5 4 6 3 5 2 1 5 1 0 3 7 4 9 
4 1 8 6 0 3 2 1 2 3 9 5 9 9 8 0 0 7 0 9 4 6 5 3 9 4 6 9 8 9 7 3 8 7 8 5 0 3 0 5 6 7 3 1 8 4 8 6 6 4 8 
2 5 5 1 4 1 0 4 8 7 0 4 0 9 4 8 1 9 6 6 6 2 3 9 5 9 7 8 5 9 7 6 4 4 5 0 9 0 8 6 6 3 3 2 1 5 6 6 8 4 0 
9 0 0 5 6 7 3 3 3 7 2 8 8 5 8 2 1 9 8 0 9 1 3 2 3 2 4 4 0 0 7 3 0 1 7 9 6 9 3 3 0 1 6 3 8 6 7 9 6 8 7 
9 5 7 7 3 4 6 0 2 0 7 5 6 7 6 0 1 2 5 9 4 4 1 2 6 2 2 5 9 3 2 6 3 5 2 3 6 6 7 6 7 6 5 6 2 4 6 7 2 9 6 
5 6 5 4 0 0 7 7 8 8 0 4 3 6 8 7 1 3 4 9 3 1 1 5 4 1 4 8 5 2 5 2 3 4 6 1 9 8 2 8 2 9 2 1 1 2 3 2 5 1 4 
9 1 0 2 5 0 8 7 0 9 3 6 5 8 7 9 1 0 4 3 1 0 0 1 6 5 0 1 3 7 0 8 5 4 4 0 2 6 8 8 1 4 9 8 1 3 4 1 2 8 0 
4 7 2 1 4 6 9 6 8 3 3 6 6 4 5 0 0 3 0 1 9 8 1 8 5 3 9 4 7 4 0 3 9 6 5 6 1 8 8 6 2 0 1 4 2 1 8 5 8 7 5 
2 4 5 5 2 2 5 7 7 3 7 3 3 2 5 0 4 4 8 2 4 6 9 0 4 9 1 1 1 4 2 0 1 6 4 9 6 0 3 5 3 3 9 1 9 8 3 7 2 1 2 
4 0 0 5 9 5 6 0 1 6 4 4 9 1 2 2 7 6 9 2 9 3 1 1 9 2 5 2 4 7 5 7 7 8 4 5 8 8 3 9 9 2 3 4 7 2 0 1 9 8 6 
6 7 3 8 1 9 0 5 6 0 0 2 8 3 0 6 5 8 3 6 6 4 7 9 1 9 5 6 4 3 7 4 9 9 2 4 0 3 5 6 6 5 9 3 1 4 8 1 5 7 8 
9 3 5 9 0 1 9 8 6 1 1 2 3 7 8 2 5 7 5 0 5 2 7 8 4 7 8 5 1 7 6 6 1 5 4 3 3 6 6 9 7 1 5 4 5 7 2 1 2 5 8 
1 3 5 3 7 0 6 6 1 2 2 5 1 6 6 2 6 9 7 1 2 3 6 1 1 4 4 1 3 5 1 9 6 8 2 9 1 4 5 5 5 5 0 5 8 5 1 9 9 0 2 
5 4 5 3 4 2 2 3 8 4 8 5 5 2 2 7 4 4 6 9 7 8 5 4 0 4 6 5 2 1 3 4 6 5 6 6 7 5 7 8 8 5 0 6 9 7 5 8 2 1 2 
0 1 5 7 6 2 7 5 4 1 2 9 1 5 4 2 5 3 3 1 7 8 4 5 8 7 3 9 6 2 2 1 7 3 4 4 8 9 1 2 1 0 2 7 2 2 2 6 6 0 1 
1 2 4 8 1 9 3 4 3 4 5 8 6 9 1 1 0 5 5 9 1 4 1 7 8 9 6 3 1 8 5 8 6 1 7 3 8 0 2 7 9 1 3 2 8 7 6 3 9 8 0 
9 4 3 1 3 1 6 9 3 7 4 7 0 1 2 2 1 6 5 1 8 9 4 9 1 5 6 7 9 1 9 3 9 7 7 2 9 3 6 2 8 4 5 1 8 4 3 9 7 5 7 
8 3 9 2 2 3 3 6 9 1 2 9 0 0 7 1 4 6 9 1 3 7 2 7 0 5 0 4 0 4 9 3 2 7 6 1 5 9 0 3 6 3 1 7 7 3 2 6 5 1 6 
0 5 6 8 2 2 8 9 6 1 6 2 1 9 1 6 2 7 5 8 0 5 9 0 0 4 3 0 3 9 1 5 8 1 7 4 2 4 3 8 2 3 9 8 3 8 5 7 3 0 7 
8 9 9 0 3 1 6 2 3 3 8 2 1 2 1 0 1 7 1 8 7 9 6 1 9 3 9 5 4 6 3 4 0 6 5 4 8 4 2 6 5 8 8 0 1 7 8 1 6 8 1 
8 6 1 7 7 3 7 1 0 0 2 5 1 5 6 1 7 9 0 4 2 9 9 8 0 2 6 9 4 7 4 1 9 0 3 1 8 1 4 8 7 2 6 2 1 2 2 8 8 9 0 
0 9 7 6 1 4 8 4 1 6 5 3 7 0 6 5 3 8 9 3 5 3 0 8 8 0 7 9 0 3 5 2 4 8 6 5 3 5 3 5 8 2 3 0 8 2 3 5 8 0 1 
4 2 4 1 0 3 4 5 5 1 3 3 4 6 7 3 5 8 5 3 4 2 1 8 5 3 5 4 8 0 0 7 3 0 7 7 4 1 8 6 6 0 1 6 2 9 7 6 0 1 5 
9 7 3 2 5 6 4 9 0 2 0 2 5 2 5 5 7 3 2 0 8 0 9 9 3 9 5 8 9 2 3 9 1 5 3 0 4 9 8 5 7 8 5 2 0 5 3 7 8 1 9 
3 9 6 8 3 4 5 7 3 6 4 5 7 6 7 9 9 8 4 7 7 5 6 2 8 0 1 7 9 0 2 4 3 3 4 3 0 3 4 6 3 5 7 2 5 2 6 8 4 0 8 
1 2 7 1 4 5 9 6 5 3 1 3 2 9 0 5 0 2 7 6 0 7 3 2 8 5 7 6 8 4 4 7 3 2 2 5 6 4 0 0 9 2 6 0 5 9 1 5 8 5 8 
9 8 2 0 8 4 0 8 3 8 6 3 5 5 1 9 5 9 5 1 9 5 7 6 1 8 0 2 0 8 3 0 5 0 1 2 9 8 7 2 7 0 3 1 4 2 4 2 1 7 9 
5 0 1 2 9 9 4 1 2 8 2 1 1 8 4 4 7 5 7 1 2 4 5 5 4 3 0 4 9 2 8 8 3 1 3 1 1 0 4 5 9 8 6 4 2 0 4 5 5 0 7 
6 1 7 0 1 7 0 4 2 4 3 0 2 7 2 8 8 9 6 8 9 6 3 9 2 0 7 1 9 0 5 0 7 3 7 6 1 4 4 0 7 1 0 3 9 8 9 2 8 1 9 
4 9 1 3 2 8 9 2 9 3 0 3 2 6 2 4 0 5 4 0 5 3 2 6 2 6 3 0 4 3 1 9 6 4 5 3 6 1 5 8 1 7 9 9 0 3 1 7 4 8 6 
1 6 5 9 0 9 8 8 6 4 5 7 7 3 3 3 1 6 9 4 4 4 5 8 8 8 8 5 3 6 5 8 5 5 3 6 9 6 3 8 1 0 9 2 1 2 4 0 0 4 2 
0 5 6 4 7 6 2 7 9 9 5 6 1 4 3 6 8 3 4 0 4 6 2 5 1 7 1 1 5 9 2 8 1 2 6 4 0 9 8 8 6 4 8 3 1 8 5 4 5 4 7 
8 8 2 6 0 6 0 1 4 8 4 5 0 1 2 7 3 6 4 0 0 6 0 4 2 5 8 5 1 6 6 3 3 5 7 8 3 5 6 1 6 7 0 6 6 1 4 6 7 4 9 
6 0 9 8 3 5 2 3 6 6 8 4 5 2 1 5 6 3 1 1 6 1 2 2 0 7 3 8 9 5 5 9 9 0 7 9 1 1 8 5 3 3 1 3 8 3 9 1 7 5 4 
0 3 7 9 4 9 0 5 1 4 5 5 2 8 2 6 6 4 4 4 3 9 0 1 0 2 2 7 4 5 7 6 4 9 2 0 9 5 5 5 0 3 7 3 2 9 7 0 6 1 8 
0 7 1 6 2 9 5 1 6 7 2 3 5 9 1 1 5 8 6 5 3 2 9 0 3 2 6 4 0 8 5 1 0 2 0 9 5 3 4 4 1 1 8 9 6 4 8 1 9 4 4 
1 5 4 9 0 5 6 2 4 7 3 8 3 2 0 8 5 8 3 4 5 4 6 1 5 8 2 0 9 0 5 3 7 8 9 8 6 9 1 1 7 6 3 8 7 6 3 2 6 1 4 
2 6 0 1 5 2 7 4 7 4 8 6 5 0 0 1 4 2 3 8 0 2 6 2 8 0 6 8 4 1 5 5 2 4 4 1 7 6 1 8 6 6 4 8 9 4 0 2 7 0 3 
4 8 2 2 3 3 7 7 3 4 2 7 9 4 9 1 4 8 4 9 6 6 0 6 8 3 4 2 1 3 8 8 1 6 1 8 2 8 7 7 6 6 8 8 9 1 9 8 1 2 2 
3 6 7 9 5 0 0 7 2 2 7 5 6 4 2 1 5 3 4 6 4 6 4 1 4 6 3 1 7 2 2 5 6 0 6 3 1 6 2 0 6 6 6 4 0 8 0 1 0 6 9 
0 6 4 0 3 6 1 8 1 2 1 9 1 5 6 7 9 9 2 9 4 6 0 1 3 8 9 5 2 6 2 1 9 6 7 2 3 4 2 7 0 7 0 8 5 9 1 9 1 8 5 
