50 50 50
29 88 48 18 16 89 74 37 97 38 94 2 93 25 47 7 96 31 72 6 26 22 82 5 57 98 16 6 40 86 96 27 41 30 24 92 25 87 89 7 61 15 68 16 16 85 70 32 30 9 
24 13 5 60 95 17 66 49 58 87 55 47 13 37 33 28 39 62 36 63 75 34 80 72 53 82 46 34 51 16 95 91 66 32 3 78 86 0 12 55 53 22 80 44 35 72 89 85 27 36 
4 87 44 73 47 51 46 91 51 91 22 9 0 53 33 25 97 84 99 46 92 38 89 37 47 21 2 16 85 80 73 66 12 27 75 68 46 58 23 10 20 32 17 73 98 50 99 41 84 95 
71 49 83 98 15 9 56 87 72 80 62 15 44 88 81 53 51 99 53 85 32 45 13 29 3 72 76 96 35 23 94 99 77 37 80 75 58 76 17 21 91 94 8 11 62 39 53 8 51 37 
77 12 66 36 89 25 47 41 35 65 58 34 49 76 48 93 68 85 86 3 98 86 12 91 24 9 68 99 60 8 41 2 56 92 22 29 0 62 87 88 48 55 22 71 7 73 22 95 47 71 
92 26 85 41 76 70 66 34 32 50 55 24 41 55 72 63 55 32 84 85 39 9 25 43 48 53 40 31 71 65 12 47 24 70 53 72 13 86 1 67 19 54 73 43 78 1 9 94 97 45 
3 27 0 67 1 35 91 37 29 43 65 55 41 6 39 3 38 59 93 72 48 46 42 31 88 90 61 84 28 77 44 44 66 2 84 62 86 15 24 14 32 88 79 61 32 54 8 37 14 74 
95 19 59 16 15 97 27 55 59 3 54 70 12 49 44 22 0 5 29 91 43 6 46 14 61 99 26 67 36 49 94 40 38 4 7 26 77 17 98 71 14 7 17 78 72 2 13 87 59 95 
60 82 2 81 56 75 36 50 89 8 27 51 25 1 78 12 38 49 62 25 88 77 52 83 42 57 16 19 39 87 42 74 40 22 49 22 32 76 78 90 33 80 58 68 69 94 40 46 88 15 
16 3 17 73 83 31 10 56 64 93 39 27 72 19 35 14 92 2 28 41 20 22 94 88 99 96 15 88 39 25 66 19 9 35 52 35 67 69 43 15 90 65 7 0 49 55 94 59 65 83 
4 5 15 84 48 68 45 8 38 2 36 22 41 34 36 25 62 14 19 80 63 83 26 26 39 26 30 62 29 59 58 19 39 13 65 12 38 48 30 33 29 60 18 79 33 87 10 99 91 29 
61 87 13 55 11 96 56 26 72 67 83 34 12 18 89 90 71 56 43 45 15 24 48 92 6 67 42 38 19 58 68 28 9 78 47 82 29 56 54 5 11 98 76 30 83 4 79 47 18 78 
84 78 50 27 44 4 10 40 65 13 20 44 74 28 79 33 14 34 36 75 58 24 79 37 88 11 38 9 31 99 6 7 20 69 94 62 86 96 59 11 19 65 50 5 98 62 42 48 69 15 
35 7 69 82 6 59 33 97 3 53 11 40 56 43 52 97 88 88 6 12 85 0 3 23 72 31 85 91 72 31 82 14 10 28 48 49 59 11 69 25 48 12 59 36 96 76 3 83 76 67 
31 22 43 69 10 24 23 21 10 38 49 54 41 0 64 70 39 73 54 38 6 53 60 65 16 57 49 73 22 75 97 99 58 1 37 22 71 50 39 73 10 64 64 59 3 74 17 67 11 25 
89 64 29 3 65 7 69 5 93 72 74 47 76 0 34 34 18 69 77 31 62 3 53 76 33 96 59 3 30 16 46 50 62 26 35 50 38 14 43 23 44 63 81 16 62 89 53 1 83 35 
42 3 67 2 71 58 17 70 69 10 37 67 40 83 79 49 55 94 40 54 67 79 28 93 50 94 68 93 47 68 16 49 87 23 94 52 55 15 33 72 51 79 64 70 52 10 30 79 50 92 
43 73 48 51 69 89 57 58 3 43 5 26 68 9 67 6 71 31 64 99 90 50 13 38 35 92 35 28 96 74 12 36 15 76 14 50 86 95 77 5 84 29 72 50 10 48 34 69 0 70 
20 68 33 50 23 19 88 84 53 36 12 86 88 75 59 72 47 6 19 57 20 27 43 22 79 15 50 14 85 92 34 25 10 51 17 53 76 85 49 12 44 14 17 42 80 99 12 95 88 19 
88 87 63 53 55 16 44 19 62 70 51 60 18 83 32 5 89 22 21 90 21 42 98 16 90 23 64 54 64 80 38 21 72 65 16 43 8 41 3 93 36 60 48 5 49 9 43 42 59 39 
40 68 6 67 2 17 0 44 49 27 28 6 45 91 58 48 56 86 50 84 47 13 27 0 78 6 75 92 9 11 85 99 11 35 77 89 40 0 72 66 55 72 11 34 11 31 17 64 35 4 
89 95 79 47 17 48 42 31 63 65 73 68 71 39 18 12 24 6 9 41 53 6 35 60 51 12 34 96 35 30 22 73 34 98 92 25 59 57 77 95 96 67 91 68 22 51 81 68 39 91 
43 49 92 10 20 23 70 60 24 5 84 88 27 65 23 58 51 78 51 73 35 8 60 87 27 42 98 9 93 55 87 92 10 26 61 32 29 33 70 53 61 82 52 17 11 55 97 43 2 0 
95 62 39 97 96 6 9 25 90 88 90 50 25 93 85 62 5 9 14 79 29 67 12 90 10 69 42 74 46 49 1 10 72 60 97 54 90 18 92 40 47 20 0 89 34 67 2 50 41 96 
83 0 21 96 53 56 77 85 21 79 82 85 27 29 0 24 37 82 64 12 44 72 39 51 97 1 56 69 1 34 17 60 19 96 73 80 36 87 6 37 19 42 50 20 8 94 5 72 3 38 
89 44 7 54 5 0 44 57 32 85 7 82 84 84 35 0 18 94 59 84 11 6 9 30 45 36 35 99 37 68 45 93 29 35 33 9 39 75 85 18 91 70 93 92 75 8 75 90 90 72 
33 69 88 79 44 11 67 30 36 71 94 18 68 34 36 34 20 72 96 70 93 19 38 78 4 25 55 16 77 52 10 6 88 58 2 56 26 79 17 96 8 10 69 3 93 3 80 55 13 34 
55 87 89 1 26 50 75 87 92 71 61 63 92 45 69 27 45 62 65 13 63 66 82 8 41 71 22 82 95 27 27 88 82 20 44 49 95 56 39 67 93 93 22 15 4 93 47 12 95 70 
35 12 94 36 80 37 92 67 79 16 53 27 25 0 34 67 34 81 35 65 96 52 35 4 9 72 29 67 59 95 46 44 14 38 60 2 52 51 32 16 44 21 35 33 85 41 3 75 36 0 
75 53 14 30 74 99 5 68 93 25 72 83 69 13 84 42 1 21 99 0 36 48 8 80 54 55 29 92 77 16 54 49 27 92 37 88 26 66 15 27 35 8 17 94 60 62 5 13 61 11 
78 29 54 0 35 25 81 13 49 1 91 87 43 57 34 7 66 77 44 87 23 86 36 45 54 76 71 64 51 86 4 67 49 53 36 17 93 19 40 89 73 92 44 81 86 45 17 39 78 40 
86 19 38 7 12 61 70 38 56 75 45 20 13 58 67 23 87 68 76 64 5 51 37 46 61 11 14 70 18 67 10 11 14 84 88 79 69 63 78 65 65 77 92 24 9 62 27 79 42 90 
87 56 75 25 5 8 90 20 27 63 9 10 13 18 5 93 16 8 88 86 84 81 37 36 95 46 39 3 84 56 3 26 2 25 55 12 9 96 70 78 41 4 19 30 49 62 88 60 56 17 
8 96 4 55 73 44 1 30 61 55 3 62 7 81 48 7 62 95 70 76 89 67 56 55 20 61 97 30 65 53 91 6 30 49 4 57 22 58 22 38 28 16 54 44 38 66 83 62 82 9 
11 93 71 4 34 95 41 5 1 78 74 24 45 36 65 29 72 58 5 70 95 59 15 62 16 88 98 88 42 33 80 97 86 46 11 75 58 62 88 64 21 13 73 43 89 27 72 35 76 25 
12 71 81 42 73 28 82 81 26 26 47 20 87 60 75 86 17 34 40 99 60 52 52 73 75 83 41 55 20 46 84 14 30 67 25 59 37 53 27 16 56 38 82 37 64 3 61 9 40 88 
8 19 5 38 36 11 41 40 73 87 91 41 90 73 37 92 22 36 96 17 98 73 15 44 85 1 91 78 77 4 19 51 51 52 66 13 95 22 28 39 43 29 81 95 99 71 70 86 38 4 
82 99 51 98 89 7 36 55 86 15 78 82 16 32 11 26 68 32 7 95 33 70 0 95 34 46 41 66 21 11 18 3 80 2 30 6 20 16 69 43 86 5 87 72 29 60 38 81 89 45 
75 96 4 7 10 82 50 25 93 13 0 42 5 76 14 63 83 49 84 24 78 48 0 54 95 72 72 1 90 8 92 98 99 71 55 44 86 34 72 43 69 8 52 65 35 50 66 14 2 27 
86 34 1 95 89 54 19 27 95 40 24 51 10 1 21 71 38 13 25 25 93 33 45 53 6 35 81 76 6 88 94 57 70 69 15 21 87 21 65 30 28 99 71 97 68 46 31 79 28 31 
52 85 25 91 6 94 24 72 54 62 25 99 84 26 42 58 68 20 72 63 50 33 47 9 97 67 22 5 29 47 43 15 76 90 51 79 39 80 33 12 98 53 17 99 13 52 51 58 64 57 
25 3 17 86 79 7 35 72 29 48 87 23 81 17 36 34 35 88 3 0 24 0 95 80 37 46 93 90 59 15 90 84 52 43 31 21 13 26 40 47 7 50 50 61 88 30 94 71 75 26 
85 61 36 46 61 25 11 37 33 96 39 66 90 37 76 5 15 50 56 7 94 75 80 26 5 15 66 17 83 30 57 66 45 99 25 25 64 72 25 14 51 26 4 8 44 37 22 78 54 78 
10 44 52 74 20 48 99 39 92 32 95 26 43 97 60 83 8 84 55 10 95 84 75 94 17 9 51 93 67 32 4 31 94 50 95 98 92 8 95 49 45 80 88 61 5 65 76 55 10 12 
84 23 16 18 16 71 9 59 40 97 53 12 29 54 1 39 13 83 2 19 88 58 0 38 54 86 42 95 39 31 29 61 20 15 93 54 13 57 55 76 24 42 41 6 62 23 34 72 81 81 
61 25 52 0 65 46 52 27 66 75 92 47 44 19 73 22 55 31 25 27 2 42 5 96 1 30 69 44 40 57 84 18 3 8 65 35 17 20 22 95 12 8 86 89 8 46 31 19 47 36 
43 28 98 23 56 20 88 90 75 43 38 65 39 32 8 51 95 87 99 0 99 21 32 92 98 51 20 76 33 95 18 28 88 66 42 51 9 94 4 86 52 87 72 29 67 92 77 60 5 29 
75 49 58 43 4 60 11 31 41 13 7 89 42 8 83 7 33 44 80 61 2 75 48 17 52 39 94 20 30 83 85 20 39 42 45 46 24 88 47 15 72 29 79 20 93 57 48 99 59 3 
25 87 77 17 35 77 86 85 95 46 91 35 20 68 42 3 84 77 23 90 8 12 7 77 36 24 30 98 81 7 36 3 82 33 66 97 51 27 91 0 60 33 76 19 20 8 3 34 38 93 
31 41 25 34 83 59 50 60 38 91 96 57 65 56 31 42 74 18 94 2 12 30 30 9 26 80 66 25 62 43 70 37 95 91 26 49 93 31 29 79 43 12 85 87 45 67 97 94 48 67 
0 7 4 1 9 7 2 5 9 6 6 0 1 1 8 5 3 1 6 9 9 4 0 7 8 5 1 1 0 4 8 8 1 5 8 1 6 6 2 7 9 2 5 3 2 6 4 1 5 3 
4 6 8 8 6 5 8 2 5 0 3 2 8 9 5 4 9 4 6 1 7 9 2 2 1 9 2 6 4 6 6 0 4 3 5 9 9 4 6 3 7 3 1 2 1 3 6 9 4 6 
3 1 9 4 3 2 3 3 6 5 4 3 9 8 9 6 5 7 7 5 1 2 2 6 1 4 5 8 3 0 7 2 8 4 7 6 9 4 8 5 2 9 4 8 8 7 2 9 0 6 
7 8 6 7 5 5 8 8 7 9 0 6 6 8 1 1 9 0 4 4 0 1 0 5 1 0 8 2 2 4 1 5 2 4 2 9 1 3 1 9 8 1 9 5 6 8 0 0 7 9 
6 1 3 9 6 0 6 4 2 3 9 7 8 7 5 3 6 2 8 7 3 7 5 0 5 6 0 8 3 1 1 4 5 8 9 6 9 0 7 6 2 9 5 3 9 3 6 0 7 2 
8 5 6 1 5 5 2 9 6 1 8 0 8 2 2 1 6 8 6 1 5 5 8 3 1 3 2 8 2 5 7 7 1 4 6 2 5 6 7 7 1 7 5 6 6 8 1 0 6 3 
9 7 2 4 6 3 6 7 4 8 7 8 6 7 8 7 6 8 5 8 0 1 9 0 5 4 6 8 4 2 3 9 6 3 1 0 8 5 0 1 0 9 8 2 6 4 9 6 8 1 
9 7 9 8 0 8 4 7 8 8 2 0 8 6 2 5 5 0 4 5 4 8 9 9 2 9 6 3 7 3 7 4 1 5 9 6 7 4 2 4 1 7 4 6 3 2 4 2 4 0 
2 5 9 3 0 1 6 3 0 1 1 9 3 9 9 5 4 4 3 5 8 8 7 1 0 1 8 8 9 7 8 9 2 3 9 8 5 7 6 4 8 4 3 7 3 0 4 4 2 1 
9 1 2 8 7 4 9 5 1 2 3 5 0 3 2 8 8 5 4 3 8 1 5 6 5 8 0 6 5 3 1 3 8 4 4 5 1 8 8 6 2 2 9 3 4 1 5 5 3 5 
1 0 4 7 9 4 1 5 5 8 0 6 3 1 8 7 8 8 4 5 8 3 7 1 7 4 4 8 8 3 2 6 6 9 4 9 3 5 3 6 4 3 8 7 7 7 0 5 5 6 
7 0 1 0 7 8 2 9 0 3 0 3 2 7 7 8 6 8 3 9 2 3 0 6 9 3 6 9 0 7 0 0 9 7 5 0 5 5 8 8 1 6 1 7 2 4 5 6 0 7 
1 6 8 5 7 9 0 9 8 4 1 2 2 0 6 2 7 8 8 8 2 8 5 7 3 8 4 1 7 7 6 3 0 9 0 0 9 4 6 3 9 6 8 9 2 4 5 5 9 3 
2 6 5 5 7 7 8 6 3 9 7 3 5 2 0 5 1 0 7 3 6 2 7 2 4 4 8 1 1 8 0 2 0 7 4 5 7 0 3 5 8 5 5 8 1 9 4 0 6 2 
4 2 2 9 5 4 9 8 6 0 7 7 2 1 5 7 3 1 2 4 3 0 8 7 8 9 7 9 8 2 0 2 4 4 7 3 2 2 2 9 3 6 8 8 0 1 7 8 4 5 
3 9 4 3 7 3 7 6 8 0 7 1 4 6 5 7 3 2 0 1 1 7 2 7 2 9 4 0 2 4 1 7 9 4 3 0 4 0 6 8 0 3 7 3 9 9 1 2 1 6 
3 2 7 7 3 8 4 0 0 8 7 2 4 5 0 3 2 7 2 7 2 6 4 6 8 1 6 4 3 5 5 5 4 8 1 5 6 2 1 8 2 9 9 2 8 2 9 1 1 9 
0 6 8 7 3 0 5 7 9 3 0 2 3 5 3 6 9 3 6 9 9 6 5 3 0 3 0 8 0 1 0 1 7 6 9 7 0 6 1 7 2 1 9 0 7 5 8 3 6 1 
5 1 8 4 2 8 2 8 9 3 3 2 2 5 8 9 3 8 7 6 4 3 3 8 1 5 3 3 7 5 8 4 7 0 4 6 4 8 1 5 1 6 5 6 5 7 5 4 2 7 
3 9 2 1 9 9 1 7 4 0 6 1 4 0 0 5 9 5 5 3 8 8 3 7 7 2 3 5 9 9 1 4 4 1 2 4 7 8 2 2 8 1 3 8 5 7 7 6 9 6 
2 1 4 7 9 3 9 0 9 3 8 1 3 0 7 4 1 1 2 2 8 9 8 3 2 0 6 1 5 2 5 7 8 3 0 0 4 7 0 4 2 7 8 7 8 1 0 3 9 8 
1 2 5 5 7 5 9 2 9 2 5 7 7 1 2 0 8 2 0 8 5 6 4 8 9 6 4 1 4 9 0 6 2 3 4 7 9 0 4 4 7 8 3 3 9 8 1 6 2 3 
0 2 8 2 2 1 0 4 3 2 6 4 9 6 7 4 4 3 0 1 9 2 1 1 2 8 9 3 0 0 1 3 2 5 6 5 6 4 1 7 0 2 0 3 1 4 2 3 3 4 
4 6 2 1 3 7 6 1 3 7 7 9 9 6 2 4 2 7 0 0 4 8 2 2 9 0 2 5 0 1 5 6 1 8 6 7 7 3 4 4 6 0 8 8 0 6 2 8 6 8 
4 9 2 7 2 9 8 0 9 9 5 5 2 7 7 3 2 2 4 3 9 9 4 1 9 8 7 7 1 6 5 8 6 7 6 2 7 4 9 5 7 5 7 9 6 0 5 7 8 8 
0 7 0 7 1 2 8 8 7 9 2 5 3 3 6 3 9 3 9 2 2 4 1 5 4 9 3 9 5 2 8 1 9 4 7 2 9 0 4 0 5 2 8 2 2 5 0 5 8 8 
9 0 5 0 7 4 3 8 7 3 9 0 5 5 7 0 1 6 0 7 2 8 5 1 8 7 5 5 5 9 6 1 0 4 0 3 4 6 3 5 9 3 4 0 6 9 1 2 8 3 
1 0 6 9 5 9 9 7 9 2 8 4 6 1 1 4 4 7 4 5 2 8 1 4 1 7 8 0 6 1 1 9 3 0 9 3 3 1 4 8 3 7 1 4 2 8 3 1 8 9 
5 0 0 0 4 2 1 8 0 1 2 5 9 2 0 1 9 4 9 1 7 6 9 6 6 7 7 5 1 5 2 9 0 7 8 8 5 9 0 4 9 5 5 8 8 1 4 6 3 1 
3 0 5 9 7 0 6 3 8 1 1 5 9 3 9 8 2 4 2 4 3 8 1 0 4 6 1 2 1 3 2 7 9 5 3 1 4 7 8 4 6 4 4 4 3 1 3 0 6 8 
3 3 9 5 8 0 1 9 5 6 6 1 2 6 8 6 9 1 9 0 7 8 8 7 9 5 9 6 9 7 9 5 8 7 8 6 8 2 6 5 5 3 2 1 6 7 9 3 4 9 
3 8 8 2 1 8 8 6 0 8 1 2 5 2 8 9 5 8 1 2 2 9 8 8 5 3 5 5 4 2 1 5 7 4 0 9 9 8 7 2 3 3 7 9 9 9 7 7 0 1 
4 9 1 5 0 7 0 4 3 1 0 3 1 2 3 5 5 7 3 4 1 0 5 7 9 7 4 4 4 6 3 8 4 5 1 8 1 4 6 0 4 3 7 2 1 2 8 1 4 2 
5 9 5 2 3 9 7 0 4 8 4 7 9 5 2 1 2 4 6 8 4 8 5 1 0 5 7 1 8 0 5 3 1 3 3 5 5 4 8 8 2 3 9 4 2 0 5 6 1 3 
6 9 5 9 9 9 8 0 2 3 7 3 8 4 0 4 1 3 5 3 7 3 0 9 9 4 8 0 4 2 7 1 1 1 7 8 7 0 9 3 4 6 6 9 9 2 3 5 7 9 
2 1 4 5 7 6 6 8 6 1 1 1 4 7 4 7 0 4 5 7 3 1 6 9 4 4 9 8 7 2 0 0 9 0 3 5 4 8 4 7 8 3 4 4 2 8 2 8 8 6 
4 2 3 8 0 4 0 4 3 8 0 7 4 0 8 0 1 5 3 3 9 3 9 3 1 0 3 4 3 7 5 6 2 3 2 3 1 0 0 2 2 4 5 1 9 0 8 9 5 6 
0 2 7 4 1 7 8 9 3 5 0 2 5 3 6 4 2 6 8 5 8 0 3 2 8 2 3 2 0 5 3 9 8 1 2 5 2 4 6 1 0 3 3 0 4 5 4 3 3 0 
1 8 3 0 3 0 6 4 3 0 9 3 4 3 3 9 2 4 3 4 1 7 6 3 1 9 5 9 4 8 1 2 3 1 3 7 9 4 2 5 8 6 2 7 5 3 2 4 1 9 
9 0 9 9 0 9 9 8 7 8 8 9 6 2 1 4 2 8 7 4 9 5 7 7 0 1 8 3 1 5 2 3 0 5 2 4 3 5 5 0 2 7 5 5 1 9 2 1 7 4 
2 4 6 2 8 4 2 9 7 7 0 9 5 6 3 3 4 9 4 8 5 7 1 3 4 5 9 6 4 6 2 7 0 7 9 1 1 1 2 1 9 4 3 1 6 9 3 5 7 5 
7 4 6 0 8 1 6 7 8 9 3 5 0 3 0 9 9 7 0 6 2 3 3 3 1 6 6 3 0 8 9 5 7 5 3 4 7 9 2 7 8 9 6 8 6 5 4 5 3 8 
3 0 0 0 0 1 5 6 0 2 9 6 8 8 9 6 9 7 7 1 1 8 5 6 8 6 3 3 7 1 2 3 8 1 4 1 1 7 0 7 9 3 8 2 9 3 4 5 1 8 
0 4 1 9 7 6 3 3 5 5 0 0 2 9 2 7 8 3 8 3 0 1 8 7 7 9 1 6 6 5 4 0 2 3 7 1 9 1 9 7 4 1 4 5 2 2 4 5 4 3 
6 3 1 5 7 3 2 0 3 3 0 5 8 6 6 1 7 8 0 8 3 3 1 8 2 3 4 9 7 2 3 2 2 4 4 4 5 2 7 3 1 4 7 4 5 4 2 4 9 2 
8 8 9 5 6 0 5 4 2 7 3 3 8 2 5 8 8 9 6 5 4 2 3 5 5 7 7 9 8 6 3 1 9 8 6 9 0 8 7 6 9 2 4 4 1 1 6 5 3 5 
4 4 0 3 0 3 1 7 3 3 0 2 5 0 6 3 0 1 4 1 3 6 6 2 6 2 2 7 6 3 6 1 8 7 0 0 9 5 3 9 6 8 5 5 9 0 2 8 3 4 
1 8 6 3 1 1 0 7 7 9 9 3 9 5 9 6 5 7 8 8 9 1 9 4 9 5 7 9 0 8 1 6 9 4 0 6 9 1 5 3 8 2 1 7 8 3 2 4 2 0 
9 7 6 4 9 3 7 7 8 5 3 0 1 6 4 3 7 1 6 2 3 4 6 9 9 5 2 3 8 3 2 7 2 1 6 0 3 7 2 5 0 1 1 4 1 0 7 6 0 2 
9 0 1 6 8 0 3 6 1 8 0 3 1 8 1 2 2 7 7 7 3 9 2 3 3 9 5 0 7 4 6 2 1 4 9 2 4 3 5 8 4 6 4 6 0 5 0 7 0 0 
