91 91 91
27 58 15 80 66 75 57 38 56 96 48 46 78 86 74 49 98 69 72 41 15 82 99 17 59 32 37 38 95 55 68 99 20 52 92 55 66 94 10 44 21 27 91 82 92 70 28 96 36 83 51 65 66 95 61 66 28 49 13 14 49 71 76 62 55 54 30 70 42 25 72 19 94 1 29 3 21 37 83 41 40 56 67 56 74 29 46 88 77 38 36 
18 72 24 53 83 52 13 58 75 76 47 94 87 79 94 5 39 30 4 49 47 55 25 96 18 28 71 90 84 7 90 83 61 12 73 69 6 56 6 16 3 50 35 19 14 36 85 65 32 41 49 10 50 59 64 6 54 37 9 21 23 89 65 58 24 11 97 63 35 98 63 24 63 15 20 11 14 22 62 29 71 4 95 92 0 50 11 6 47 6 33 
41 81 95 16 23 60 79 30 25 94 61 13 29 48 68 8 76 73 98 89 50 44 9 39 2 48 95 21 54 29 43 20 70 42 68 67 41 78 81 69 15 33 7 91 72 10 60 91 33 59 75 86 3 12 75 56 26 78 99 66 88 24 24 49 89 48 89 13 91 79 81 58 70 97 56 91 44 7 7 28 30 97 34 51 24 97 85 82 55 35 88 
26 94 1 54 92 30 32 18 79 42 45 53 65 20 89 26 11 75 71 94 6 31 26 2 94 70 23 29 92 95 5 82 84 19 21 5 79 24 62 19 69 69 15 7 57 7 85 25 20 94 72 76 84 74 47 55 31 41 39 41 26 94 10 98 52 82 46 92 77 45 56 8 95 17 8 53 88 1 34 7 96 71 48 5 76 48 11 40 5 16 82 
8 13 29 51 25 66 76 40 75 56 63 20 10 14 21 28 6 60 95 81 44 30 40 52 44 7 62 58 75 26 1 36 15 20 2 47 3 14 80 53 86 74 79 93 92 99 34 43 99 98 49 55 2 52 80 20 14 70 67 28 54 30 99 85 15 50 4 57 28 63 73 95 7 55 21 77 88 85 31 12 27 22 86 79 4 73 1 98 24 61 83 
53 32 39 47 31 45 75 50 47 69 38 88 91 48 67 61 35 99 5 14 9 46 89 62 25 48 46 17 54 29 7 83 96 10 76 81 60 90 97 9 60 94 12 5 60 95 41 86 51 70 92 53 39 5 97 71 48 32 5 36 80 75 70 34 78 17 12 5 52 57 85 55 98 85 60 90 44 87 33 1 98 30 45 87 59 28 20 44 11 45 75 
84 87 63 98 68 82 44 29 80 22 0 40 24 40 50 89 89 94 53 54 17 30 32 59 99 70 92 50 15 68 7 28 22 17 98 7 15 46 83 76 19 57 24 40 65 30 13 37 43 52 72 69 56 83 36 58 28 55 45 79 36 34 67 46 49 83 21 48 76 19 75 59 75 15 95 42 54 51 68 98 98 23 13 67 55 21 67 15 99 49 26 
65 87 23 35 90 64 49 23 35 87 83 13 80 52 40 67 82 65 30 90 37 51 95 95 30 67 5 79 27 66 76 70 40 14 65 47 21 62 31 47 47 68 71 64 79 67 54 24 59 42 65 87 22 74 48 41 1 69 22 93 93 62 10 93 33 92 30 66 76 90 14 26 66 0 40 12 99 0 85 44 61 52 25 51 56 85 20 13 14 76 4 
19 99 34 31 96 41 5 80 53 92 79 25 60 6 35 72 9 70 36 53 85 7 12 17 24 94 67 18 32 5 31 29 59 78 78 97 87 50 76 86 60 27 79 10 25 35 32 50 92 70 48 77 69 57 66 0 76 51 98 92 43 20 2 78 55 66 40 75 7 53 81 87 64 9 75 52 31 63 65 12 73 86 26 80 23 58 84 93 23 23 54 
72 6 13 30 78 26 38 46 46 2 20 90 76 54 59 99 47 27 8 57 52 10 15 44 90 0 36 11 31 98 80 23 81 9 28 58 47 88 66 94 0 13 11 34 39 36 1 42 47 96 61 97 6 51 82 44 65 92 81 53 82 5 78 18 54 35 76 90 77 89 20 89 87 39 60 25 81 79 39 88 79 40 92 76 28 6 8 13 87 40 58 
88 6 0 81 34 37 40 8 32 14 48 63 21 87 37 75 30 14 67 23 40 14 62 94 22 57 95 37 57 95 10 49 54 59 52 92 53 29 41 31 57 58 22 82 88 78 91 94 25 66 14 59 46 34 84 44 90 97 95 52 74 90 3 76 79 77 99 82 50 60 26 16 62 78 1 13 79 21 43 22 44 56 65 76 99 38 19 95 42 62 2 
53 90 42 3 50 50 18 97 52 72 9 12 40 30 88 77 98 47 73 6 71 15 44 23 7 24 98 73 97 79 8 8 10 40 82 48 0 94 58 50 34 45 97 50 13 96 9 60 2 54 81 36 62 8 15 30 88 19 29 18 67 44 48 11 30 6 36 13 11 43 77 92 75 58 87 85 86 14 83 2 22 16 71 49 66 68 33 47 50 21 67 
84 71 95 1 62 79 6 11 18 84 26 80 3 93 44 62 87 13 51 9 92 36 13 76 11 91 93 85 21 41 78 4 64 12 61 31 95 10 10 38 26 42 25 92 29 9 11 24 95 42 27 25 42 25 10 83 49 11 25 70 65 9 80 86 28 48 91 24 82 6 49 65 54 26 72 6 8 15 70 35 37 81 41 7 54 12 17 13 41 0 91 
28 73 83 88 46 39 41 24 67 39 53 23 38 63 73 39 93 1 86 97 76 2 88 35 25 84 23 77 96 40 82 91 18 82 86 44 94 38 69 32 24 55 13 12 65 36 19 25 27 53 22 70 7 21 9 11 15 50 9 51 94 50 48 20 40 23 31 44 70 54 56 80 37 75 49 55 78 13 85 65 7 97 53 34 77 76 98 84 5 82 84 
24 97 64 10 46 1 30 67 50 18 88 15 74 48 99 95 49 62 96 96 30 2 36 1 71 8 94 36 16 59 56 77 49 13 92 82 14 91 82 45 47 42 20 78 14 60 12 45 87 92 85 94 83 41 72 94 27 95 52 10 19 26 83 42 13 42 8 93 63 18 74 22 90 44 2 21 43 70 14 5 51 80 74 2 2 60 11 42 58 70 42 
18 8 43 86 58 0 30 6 19 96 80 52 18 92 35 39 56 41 47 77 3 75 96 49 19 89 1 59 14 34 92 92 28 5 20 50 38 38 35 22 96 39 26 3 0 77 58 30 65 52 48 11 21 33 61 26 35 16 76 0 5 80 94 1 38 2 26 98 80 51 98 67 31 23 6 91 19 69 22 24 39 78 10 76 15 91 52 66 60 8 8 
86 26 21 19 36 16 55 23 60 99 36 88 93 1 4 43 76 74 79 6 63 84 17 24 25 74 34 67 68 99 85 61 7 98 43 46 81 91 50 68 28 59 89 37 8 4 73 44 86 39 6 9 18 25 20 39 79 61 24 38 30 11 70 42 92 94 39 24 74 3 22 45 95 8 24 12 51 15 1 73 84 53 48 27 42 54 92 35 14 52 67 
73 55 77 67 93 57 90 24 4 40 28 32 17 61 96 25 38 18 82 59 57 94 50 64 59 40 68 59 97 94 54 80 67 94 84 57 10 11 22 76 12 76 92 86 59 59 40 36 24 27 82 28 43 95 98 41 24 99 73 39 57 45 92 57 18 6 8 39 18 48 67 70 70 94 55 68 43 99 8 74 75 13 43 10 30 75 49 70 96 85 53 
85 1 73 10 68 67 56 70 74 55 49 30 19 33 69 44 94 72 85 80 43 90 74 78 28 88 96 99 24 43 58 58 4 4 20 30 49 32 94 24 10 69 38 36 25 61 65 57 57 28 34 16 87 97 49 87 39 9 86 54 16 3 16 38 91 10 71 1 15 46 23 16 19 4 75 39 23 94 27 6 70 78 14 11 97 85 15 29 50 13 5 
78 57 40 43 37 69 51 21 39 71 88 43 52 6 3 74 84 98 40 78 93 47 74 91 22 13 59 6 69 58 66 28 25 88 70 26 85 84 50 33 75 80 9 17 22 73 28 60 62 14 89 66 37 89 92 39 34 51 83 0 85 85 24 1 92 24 91 16 63 40 87 9 30 10 4 35 93 20 56 31 44 51 48 81 69 89 36 76 96 6 42 
86 48 31 98 76 56 67 23 35 77 29 63 28 9 32 96 79 90 66 4 34 91 98 68 19 58 26 55 88 2 37 44 8 37 63 59 78 91 49 43 61 82 77 59 23 44 40 24 17 42 10 59 7 3 31 35 82 72 58 57 28 49 96 12 43 31 69 91 5 48 47 96 58 36 96 35 50 90 70 45 33 36 91 84 65 30 17 13 54 83 44 
58 60 73 95 90 40 80 70 49 45 25 32 64 71 25 36 60 72 64 7 97 21 61 73 23 91 94 8 65 85 53 34 9 89 11 44 4 19 6 47 16 34 85 76 3 35 47 47 63 65 13 46 4 85 36 75 92 31 8 0 14 8 99 34 52 26 11 18 56 97 18 37 65 75 45 51 17 47 4 32 4 88 98 34 92 90 26 51 72 8 8 
79 43 36 41 35 53 46 29 98 70 24 16 31 10 52 30 11 65 87 70 27 68 92 89 77 5 60 15 5 2 10 92 62 35 11 42 34 16 74 66 5 55 11 88 86 69 60 61 15 90 59 92 64 93 10 9 53 50 96 65 17 74 25 42 13 70 27 96 15 59 73 14 44 71 51 36 32 82 70 56 92 31 51 7 48 80 5 1 4 90 34 
21 5 70 81 43 59 60 56 16 32 36 29 13 33 4 20 4 2 20 97 45 78 35 67 83 21 25 35 12 84 89 14 16 59 49 95 80 11 51 23 11 77 44 1 59 69 62 8 77 22 95 82 7 71 85 95 84 82 70 46 32 13 4 12 32 98 25 74 78 68 64 40 50 83 29 7 4 53 65 21 26 46 17 36 92 30 49 35 86 55 66 
77 46 22 74 66 45 38 85 2 60 53 48 50 7 68 24 70 31 78 84 69 35 64 57 33 17 56 13 84 63 32 8 37 95 98 6 57 72 96 60 33 82 74 55 75 31 55 8 36 27 8 72 57 18 54 24 40 97 43 65 33 4 76 91 49 59 72 6 88 24 50 74 18 3 46 81 46 58 6 95 18 67 76 8 55 68 59 35 42 36 22 
58 34 42 2 92 2 60 48 71 84 22 57 33 45 66 99 78 88 78 22 39 89 64 11 14 36 38 35 3 86 47 27 41 14 35 2 61 85 8 52 92 50 42 6 92 89 36 37 2 68 51 92 3 85 50 2 39 10 73 54 13 22 46 97 15 88 18 64 93 28 17 10 67 35 77 42 24 60 43 42 75 54 85 19 73 23 50 62 62 71 27 
41 48 86 73 2 4 35 88 95 59 51 35 0 90 82 14 72 4 39 97 99 33 89 81 60 95 83 73 48 44 14 64 98 0 36 33 50 74 91 22 70 97 55 25 68 35 16 49 96 31 67 38 60 84 33 93 8 80 6 5 18 57 28 86 33 42 47 83 28 5 23 39 91 91 95 91 50 91 86 61 27 36 75 43 60 99 13 61 13 10 50 
73 75 78 39 64 81 11 15 80 49 74 20 67 35 97 45 51 1 6 72 89 33 83 28 46 35 56 90 17 57 8 4 92 48 85 0 45 94 97 64 87 34 14 17 91 64 32 96 39 43 83 96 86 58 54 98 71 90 90 96 12 35 44 66 82 76 85 71 53 1 22 89 13 60 29 6 37 43 31 7 71 24 57 27 9 56 25 85 43 38 52 
97 34 12 35 41 42 28 15 34 28 65 76 28 67 82 65 64 41 27 69 43 31 49 50 49 29 51 4 63 61 80 66 88 94 20 59 46 21 36 90 15 8 28 42 39 55 46 93 91 24 90 58 76 90 46 42 18 58 17 57 16 18 34 85 70 2 76 40 20 5 21 22 52 91 96 13 5 65 76 13 60 86 83 69 47 82 46 81 68 73 57 
87 57 80 4 62 19 9 8 44 80 2 44 57 23 12 64 69 2 16 48 32 84 5 44 49 17 3 87 98 60 31 33 3 6 36 38 97 6 90 73 33 48 50 62 62 37 70 85 41 7 68 29 6 9 60 75 29 22 78 13 87 96 55 42 54 23 95 31 21 63 96 43 57 95 38 34 69 92 11 56 21 41 33 60 41 65 13 2 83 26 78 
64 80 77 13 4 35 71 31 92 19 93 64 18 78 90 56 13 62 10 37 4 40 16 80 54 89 28 70 92 40 49 27 73 32 69 84 99 27 81 8 42 60 91 78 67 50 32 74 82 17 14 6 9 43 33 32 78 82 6 75 39 38 1 44 45 24 22 45 55 35 57 7 81 8 7 82 82 4 18 64 19 49 13 1 18 69 92 15 95 50 87 
17 72 47 12 19 6 10 76 79 5 37 99 81 59 1 64 7 21 44 3 87 65 57 58 90 0 57 31 77 31 53 38 47 7 16 19 70 31 21 67 33 57 76 44 68 67 93 30 78 53 7 42 88 43 24 93 53 91 36 66 79 78 7 43 26 65 38 71 50 31 55 70 15 20 87 74 42 67 73 38 65 48 87 58 53 33 37 76 90 15 9 
77 7 19 70 41 90 40 81 61 24 4 72 38 38 44 69 89 97 99 72 70 51 18 26 16 96 95 67 60 74 40 66 11 78 11 14 77 32 11 73 98 68 16 46 87 39 99 3 83 90 79 89 47 28 48 54 45 99 36 33 87 69 76 39 78 21 94 49 13 76 25 50 31 96 34 67 90 26 40 43 26 80 31 19 47 60 11 26 72 13 34 
32 5 77 82 2 27 20 73 59 14 93 28 76 91 49 91 77 80 54 46 85 96 37 13 44 66 92 88 57 6 89 34 53 94 27 32 84 81 35 61 90 90 38 47 81 40 74 22 20 65 91 10 93 17 20 8 23 37 35 35 29 89 67 61 0 46 32 64 58 90 21 40 60 86 70 76 41 42 69 81 90 13 75 13 87 81 3 20 0 44 60 
96 46 44 72 90 91 50 81 55 63 50 63 24 4 45 67 83 85 73 49 55 62 29 50 30 27 37 50 81 52 53 50 36 2 78 23 45 80 76 39 64 94 61 12 66 72 48 50 74 75 67 50 47 47 1 32 65 16 61 84 14 1 89 72 25 25 49 22 25 48 57 40 73 17 79 74 42 13 11 39 48 1 63 29 96 73 36 61 87 56 21 
40 36 80 34 52 46 32 74 70 96 90 45 40 59 27 50 65 66 19 51 78 83 6 92 62 41 66 50 37 32 57 94 7 1 3 95 10 15 75 66 34 69 7 23 64 75 53 88 71 2 19 92 73 57 42 42 89 44 86 64 97 68 24 19 69 75 28 69 85 36 64 21 87 38 72 41 98 16 38 18 59 63 87 89 62 42 42 0 58 53 38 
50 62 0 85 21 49 78 85 66 72 28 36 31 10 93 77 71 60 25 18 50 77 23 8 83 51 63 47 33 8 58 32 96 0 43 99 67 69 12 45 33 48 88 71 6 79 26 48 79 39 37 5 56 34 48 35 42 93 75 9 32 89 9 27 2 52 91 98 30 49 35 14 53 17 23 75 88 22 15 6 28 83 66 45 22 80 62 19 61 2 50 
2 83 89 58 58 48 40 36 80 8 85 35 69 94 2 28 75 42 7 52 1 61 31 99 62 4 77 66 72 65 47 64 75 8 87 42 41 28 75 82 82 44 81 73 52 46 86 32 34 73 34 73 28 69 13 46 0 10 94 12 5 65 33 61 7 91 71 34 52 79 92 57 79 83 62 31 9 77 3 13 64 98 50 22 66 75 28 94 39 91 58 
72 47 83 95 0 22 3 13 89 52 56 26 68 52 37 12 14 84 0 31 46 50 45 58 49 76 43 25 40 94 85 48 31 65 68 14 26 92 31 11 77 85 71 50 9 20 12 92 71 64 4 29 75 69 92 46 81 1 86 66 73 95 47 21 96 39 86 75 89 27 18 43 6 8 39 92 64 92 0 69 24 82 42 9 9 44 27 49 86 23 21 
69 92 48 77 92 39 85 77 7 77 1 14 75 13 45 94 87 69 96 71 71 21 72 88 75 65 66 66 28 4 44 53 79 58 80 66 60 55 44 56 57 63 26 16 66 63 40 14 31 27 40 79 90 99 88 99 65 87 1 22 94 64 81 84 63 56 17 18 21 62 37 48 97 8 74 63 82 76 45 76 6 53 48 96 21 55 58 64 2 51 82 
17 21 58 34 34 86 19 78 92 44 89 58 65 58 42 13 90 76 38 74 50 35 10 58 41 77 27 44 47 70 47 2 35 0 29 9 92 86 6 41 6 7 41 43 15 67 26 76 1 23 3 23 55 24 95 36 32 6 7 32 22 86 68 51 15 65 39 99 9 54 3 69 98 70 5 17 81 59 52 35 62 82 98 96 29 45 20 51 90 75 64 
36 52 89 25 86 67 4 18 60 66 55 81 22 3 93 84 15 50 2 9 97 44 66 8 8 28 26 67 64 74 60 2 81 35 34 75 80 20 45 81 64 69 31 21 4 53 16 65 25 5 45 39 4 41 95 86 5 23 50 4 84 87 67 70 46 57 82 41 14 79 80 57 51 41 23 59 42 56 89 14 80 61 32 60 44 70 34 48 91 6 81 
31 64 69 36 96 81 35 96 69 55 65 5 62 59 74 5 97 56 51 1 99 81 90 62 86 85 4 43 71 45 96 12 55 64 82 4 85 90 3 29 99 17 88 32 81 72 84 95 89 84 27 8 97 48 43 64 37 35 35 43 75 68 77 27 55 99 37 28 67 29 12 64 4 99 72 17 88 88 3 97 41 11 70 33 70 45 13 22 59 24 10 
96 45 84 28 97 6 31 37 61 48 32 33 34 8 50 91 30 53 54 8 85 48 66 63 65 80 58 2 41 27 12 61 10 31 55 27 35 83 56 62 63 50 43 0 2 69 16 76 1 92 17 4 30 63 53 55 68 40 59 28 8 44 46 96 68 60 52 16 67 73 73 41 61 49 0 71 81 81 35 69 49 20 5 30 0 32 13 39 18 92 67 
10 0 40 0 16 5 10 74 2 97 65 78 85 53 4 67 88 94 7 47 15 11 7 38 94 72 96 84 83 43 63 0 37 41 67 78 36 40 47 76 45 6 21 75 76 74 62 29 9 83 28 7 68 7 37 6 97 51 69 99 5 25 74 74 15 76 5 61 79 36 5 38 96 91 99 51 95 90 90 45 54 63 41 35 98 10 58 7 6 33 63 
87 15 33 11 31 33 92 43 3 16 40 74 64 7 38 10 54 15 35 13 96 62 32 99 85 34 76 1 4 11 23 94 0 29 27 51 22 69 28 71 60 32 76 27 54 97 85 64 62 39 28 77 54 30 84 38 51 42 34 38 97 74 69 47 84 68 11 91 92 84 79 52 24 58 68 14 18 63 20 66 12 47 1 88 96 55 26 34 80 58 78 
78 30 63 40 93 41 6 41 21 56 60 17 26 25 59 77 90 16 81 93 18 44 13 12 75 14 28 61 73 92 83 3 43 64 60 14 77 31 14 22 79 13 28 0 22 12 50 51 22 76 52 0 52 59 77 53 24 49 43 41 62 25 11 32 45 98 54 97 69 39 45 54 89 49 5 89 6 82 54 81 33 37 96 95 49 5 21 20 87 0 72 
2 46 95 4 84 45 73 61 10 73 62 54 56 76 54 79 51 12 63 66 74 2 39 30 20 43 90 49 88 8 33 5 66 14 2 83 27 77 81 85 18 38 97 50 56 17 34 3 79 35 4 5 97 91 55 42 50 15 9 78 4 5 81 98 64 11 9 58 73 44 61 0 44 85 98 3 92 36 73 80 72 92 63 76 3 75 27 32 11 62 37 
83 60 52 84 54 4 76 98 19 2 25 96 67 55 7 59 83 68 69 96 68 17 41 28 16 37 77 3 29 96 83 41 77 81 8 0 49 67 87 82 18 79 60 11 39 80 9 42 13 90 89 83 86 18 37 37 91 90 35 25 91 24 44 49 21 62 38 36 97 71 43 40 94 68 46 89 39 25 53 95 32 72 80 23 50 77 26 51 51 15 46 
14 32 7 28 63 9 51 47 34 82 6 37 67 5 24 34 92 57 46 41 72 57 40 24 35 52 71 91 64 33 14 40 31 82 69 66 62 65 77 0 46 49 87 13 87 85 8 90 7 73 53 32 22 28 4 89 62 82 42 69 97 1 90 32 51 29 5 12 87 91 41 73 2 69 68 53 0 71 0 17 20 57 52 13 5 88 98 54 89 58 24 
60 41 52 53 52 40 4 76 3 54 59 76 54 66 22 45 25 44 94 63 53 98 76 61 24 4 27 31 31 17 96 98 77 70 21 29 80 70 95 82 36 20 48 30 4 30 53 22 24 21 11 11 95 2 51 53 73 87 90 36 83 86 82 4 1 1 9 34 49 87 7 98 31 28 48 33 98 56 55 12 35 50 31 12 45 83 98 80 64 33 83 
55 41 91 5 88 94 98 58 11 62 24 88 47 0 35 11 65 46 95 22 80 17 33 94 33 83 8 96 85 47 76 53 40 5 7 85 99 62 48 81 35 61 49 80 44 35 98 76 77 31 85 26 83 39 80 5 71 88 58 27 20 71 73 9 34 36 54 74 61 19 27 2 12 6 63 46 52 76 30 42 49 18 10 70 85 71 37 9 78 54 74 
77 46 19 25 82 18 6 33 15 13 1 16 58 88 26 36 98 92 25 88 99 27 72 20 9 39 59 21 70 48 3 0 65 68 28 44 74 65 72 70 81 51 34 94 21 87 73 22 78 90 96 80 86 32 20 34 61 25 28 76 19 18 75 3 30 19 81 28 96 19 92 34 23 78 51 21 74 38 93 1 95 81 43 35 65 17 8 65 27 52 78 
63 86 88 68 20 28 16 55 42 74 32 88 6 24 87 20 9 17 46 46 0 83 65 15 29 60 58 26 42 33 90 61 43 46 77 79 93 81 81 40 55 10 98 75 33 72 7 3 40 95 86 62 37 24 1 70 99 46 68 51 7 73 98 93 32 50 71 1 82 1 4 98 76 51 85 43 55 49 86 70 93 22 41 81 56 16 76 13 32 71 51 
5 37 93 91 16 18 48 45 92 14 34 26 65 14 20 64 21 73 89 11 7 78 30 69 62 75 74 59 16 55 28 60 41 23 70 4 35 4 29 60 73 31 4 73 19 82 0 54 10 26 50 63 71 18 91 92 21 82 87 87 53 62 3 54 17 29 68 59 8 16 64 83 59 20 17 80 11 61 63 12 97 40 20 85 68 9 5 69 24 80 2 
18 26 66 54 5 73 5 93 85 56 51 84 48 95 3 24 42 21 87 91 64 69 65 20 60 4 57 4 31 78 28 68 75 36 1 23 5 20 49 72 8 14 97 73 98 38 13 62 49 86 13 14 54 45 8 4 70 12 34 92 7 53 22 12 63 75 66 20 59 28 76 26 21 21 35 59 73 58 74 82 69 92 62 94 33 70 17 64 38 94 89 
17 57 6 52 70 60 53 34 49 3 98 26 35 63 5 13 77 77 95 40 46 50 45 43 85 23 45 17 75 30 11 17 82 57 38 22 29 71 61 51 41 5 81 13 43 46 25 87 8 28 53 78 40 78 48 39 4 43 36 11 84 28 11 53 6 69 32 75 78 6 93 40 22 62 47 42 86 62 5 69 14 14 42 60 95 4 38 26 11 77 7 
61 54 25 42 62 18 64 27 10 81 23 35 0 84 55 39 62 65 72 4 4 70 74 79 73 85 99 99 22 20 90 66 16 85 77 46 66 37 23 94 90 39 79 15 83 44 45 65 55 45 56 82 74 7 71 75 72 69 50 57 90 75 15 38 60 15 52 78 64 28 97 53 97 73 67 70 38 42 64 70 85 13 36 61 81 35 69 82 14 73 16 
68 99 77 73 32 64 2 61 95 34 73 45 14 54 59 75 9 43 20 7 23 75 33 63 90 78 2 89 74 1 29 69 37 40 77 69 34 94 59 37 83 4 97 89 92 52 26 40 40 4 56 23 18 98 91 88 14 30 55 63 21 91 50 35 20 80 70 27 30 57 64 55 14 71 32 75 48 26 69 95 48 54 98 63 62 12 3 75 29 14 18 
91 54 12 55 62 66 99 5 27 45 21 41 33 82 88 32 61 97 87 49 86 94 38 65 30 21 84 62 48 89 64 3 72 99 97 12 62 49 6 31 80 12 42 2 55 86 41 77 39 52 44 24 92 80 79 48 7 34 88 88 42 94 92 77 45 40 98 83 69 88 91 5 58 34 65 49 66 93 77 99 32 93 93 68 96 78 32 63 17 1 83 
1 31 95 51 83 43 5 41 94 84 76 12 77 43 11 56 0 89 49 12 91 24 33 62 28 12 78 62 48 40 65 75 57 50 72 70 88 16 16 14 92 85 51 97 29 38 80 73 83 78 87 70 62 61 84 24 98 70 28 86 5 17 72 77 87 67 53 78 72 12 5 85 53 46 43 93 68 55 95 0 55 7 20 67 10 30 66 12 60 42 19 
18 44 26 36 23 98 13 1 69 37 3 8 16 48 25 17 66 59 17 90 84 98 99 68 44 80 54 56 91 17 32 86 36 32 75 76 24 73 46 11 6 73 99 77 73 36 80 87 81 49 31 88 12 19 90 75 73 3 49 10 66 92 39 42 35 58 51 83 38 78 12 62 58 35 49 68 90 9 3 15 90 21 11 10 84 91 1 26 57 45 16 
84 33 16 8 47 27 65 13 18 79 0 20 29 51 66 96 55 2 12 22 38 80 76 81 55 74 0 22 39 37 71 31 15 45 73 54 86 17 51 15 71 57 59 7 97 60 23 96 69 89 57 54 67 92 89 74 32 7 94 65 69 38 64 70 44 1 52 85 64 17 99 72 74 74 86 36 46 79 88 63 39 94 64 7 32 44 86 44 43 55 76 
58 19 2 41 40 35 56 2 78 6 58 34 92 61 82 36 28 39 19 9 86 44 44 87 56 8 11 90 11 43 63 77 68 78 66 42 58 0 98 30 65 23 50 63 30 52 16 37 36 85 16 53 51 92 17 19 31 26 12 3 89 98 41 79 93 47 1 10 46 53 77 77 70 60 36 53 10 52 73 14 3 39 19 6 56 12 33 79 42 18 42 
82 62 52 71 81 60 43 60 51 37 38 73 19 32 47 15 0 58 15 13 14 38 35 89 41 20 98 61 66 9 43 84 0 60 92 31 21 6 79 22 43 21 95 87 54 72 24 13 73 42 68 74 67 91 7 26 65 57 57 77 35 44 4 68 12 49 31 9 91 16 7 93 28 31 72 92 5 0 39 97 29 58 83 96 10 8 11 73 83 99 89 
97 22 84 57 64 94 12 49 41 18 51 72 77 2 57 19 76 36 7 89 72 0 9 62 49 17 86 61 24 76 51 21 93 48 90 9 4 56 58 9 12 96 23 90 54 12 70 45 68 98 94 2 51 85 18 91 7 2 58 1 75 7 38 92 60 10 0 47 23 45 89 0 19 24 26 78 42 58 55 3 31 14 81 8 16 76 14 2 45 41 2 
86 78 43 57 84 4 77 47 53 0 82 6 83 5 0 48 52 86 77 42 20 68 62 45 59 27 59 39 92 93 92 4 10 36 57 35 39 37 86 39 3 25 96 23 78 50 44 6 13 75 12 34 64 90 95 19 0 51 72 13 92 37 17 48 82 97 28 74 10 68 88 22 18 67 10 18 17 79 26 82 62 97 39 21 99 23 48 27 56 94 66 
33 59 37 74 2 90 73 59 78 31 36 67 80 90 17 97 53 55 64 4 84 60 68 83 86 27 10 70 26 88 94 76 75 3 36 47 63 0 21 13 49 24 4 85 14 92 93 51 82 22 14 72 57 16 42 21 37 35 86 22 91 87 91 78 22 62 13 96 82 66 93 58 76 93 75 71 27 18 8 29 88 61 63 23 62 48 85 27 95 43 39 
35 91 84 44 95 63 46 17 42 16 50 84 75 73 89 92 51 84 70 98 90 53 87 20 93 74 96 36 84 78 73 8 79 95 41 77 97 36 3 47 19 53 21 43 7 89 74 51 42 61 62 40 17 33 45 74 92 5 41 67 29 90 99 19 90 14 59 46 2 91 26 49 74 41 36 50 18 59 39 31 44 11 43 56 30 99 64 76 76 31 51 
13 2 29 41 89 25 62 45 70 15 66 59 35 14 83 97 92 17 98 74 24 64 48 14 1 61 83 11 66 34 21 28 36 52 34 1 54 30 78 38 93 99 33 6 96 13 51 93 63 64 70 18 21 15 87 92 62 87 51 57 24 29 93 66 16 29 16 99 61 81 86 93 60 85 54 98 53 15 86 6 94 73 84 27 89 39 55 93 30 74 21 
9 52 68 54 66 65 99 34 89 90 28 99 79 27 20 25 47 73 36 99 22 26 82 19 11 9 21 16 10 1 81 97 40 29 9 78 52 56 48 40 76 32 54 47 74 46 63 10 54 12 58 7 39 26 67 95 64 82 96 21 42 37 59 60 13 75 36 15 85 57 70 3 63 97 28 54 95 13 52 85 47 88 16 54 92 8 37 26 95 17 27 
7 8 64 64 70 34 53 52 83 86 41 58 16 41 10 1 23 49 58 82 55 23 94 68 3 26 92 79 93 98 10 87 87 56 21 96 89 47 65 47 50 55 23 95 22 37 4 35 29 45 38 79 15 7 81 6 76 5 70 32 33 49 9 92 27 29 22 90 8 38 34 73 11 47 90 32 41 42 88 25 42 9 19 57 35 25 4 73 91 72 71 
3 27 20 50 36 76 65 72 40 24 55 32 79 33 66 50 90 75 47 20 32 3 78 6 38 56 56 55 47 96 75 63 98 11 66 30 31 93 2 35 33 29 24 13 29 32 74 92 8 76 19 85 5 76 60 41 64 28 45 16 5 30 38 34 24 7 78 15 8 76 10 26 18 50 75 29 0 78 72 24 33 80 27 40 61 8 87 71 40 77 58 
46 98 93 43 58 28 81 58 13 19 73 85 30 4 3 5 45 10 92 74 14 98 97 87 95 87 73 89 8 86 55 72 13 58 19 52 57 63 25 49 52 36 55 57 4 67 24 63 24 73 10 11 67 50 22 63 45 21 56 70 18 22 20 96 25 84 71 11 0 27 17 43 29 23 45 79 76 83 15 98 22 17 50 14 64 82 83 47 60 89 8 
75 50 4 21 80 69 92 14 16 76 41 7 73 24 72 35 20 89 27 83 46 33 75 76 67 64 34 97 44 0 79 49 40 87 2 39 17 83 28 14 61 23 80 87 4 6 20 6 33 3 46 88 15 92 52 75 53 74 51 19 80 93 8 43 17 12 36 84 59 85 44 22 34 27 4 71 25 6 45 61 80 67 14 21 39 32 61 72 99 54 21 
96 43 23 63 93 23 18 60 6 18 20 91 93 92 13 73 96 66 10 26 42 55 97 83 12 94 25 26 70 87 53 39 72 54 82 7 13 47 20 16 49 73 20 56 1 19 88 54 13 70 41 27 11 89 74 6 42 15 47 79 28 42 90 74 62 24 84 82 81 3 93 31 24 94 97 45 41 47 72 95 67 51 31 21 13 56 61 83 99 10 33 
84 79 15 16 58 5 14 37 10 44 71 82 17 89 70 53 10 43 65 38 81 94 81 99 67 35 11 49 88 7 90 97 84 13 57 76 79 41 8 71 66 88 91 55 71 27 1 9 9 5 96 31 54 83 32 94 30 68 52 26 20 55 83 23 63 56 78 81 62 54 10 82 98 41 62 25 8 77 25 46 67 89 31 67 36 82 67 58 18 53 45 
77 23 86 93 30 29 17 13 9 0 4 33 46 87 73 53 81 99 90 68 7 87 72 6 5 31 67 3 23 5 65 72 71 64 96 68 35 77 0 2 30 88 14 39 45 55 15 88 32 41 70 81 52 77 88 42 16 65 97 27 26 85 42 91 45 66 68 90 43 21 60 70 31 19 74 48 78 42 31 25 73 16 16 13 71 35 48 8 96 50 70 
52 68 70 36 30 32 12 8 32 42 45 36 85 13 21 6 99 67 81 48 20 34 84 27 37 51 79 72 6 80 49 7 2 77 52 43 63 67 66 86 21 36 47 63 10 36 41 7 53 17 49 39 2 78 34 36 62 97 22 35 0 20 93 60 10 22 48 13 62 65 45 31 37 93 49 65 86 66 38 51 99 94 70 10 4 67 82 88 78 54 79 
47 52 65 82 98 24 93 40 14 32 84 95 35 97 26 89 5 24 87 58 23 27 84 94 94 39 6 1 51 2 60 36 86 13 5 50 83 72 12 43 63 5 19 38 11 60 53 35 87 21 67 78 1 70 3 58 17 81 17 28 47 84 33 77 51 77 94 49 29 40 68 77 97 51 17 96 85 32 87 88 85 85 61 96 53 71 42 45 73 76 52 
16 68 11 5 79 66 49 69 50 45 22 84 12 0 79 25 66 66 27 76 86 97 66 58 61 29 49 79 73 53 77 73 7 38 3 31 64 87 40 95 68 30 29 18 89 96 94 58 57 79 40 72 61 91 45 85 66 58 6 51 30 14 49 62 6 33 47 75 94 70 35 98 15 23 33 89 45 60 17 90 21 31 95 6 28 20 95 1 50 87 7 
83 72 3 7 88 70 51 19 54 40 29 90 29 56 91 39 36 77 64 30 55 6 92 61 11 15 43 27 13 69 89 19 71 59 33 13 28 11 45 16 12 17 72 36 26 71 99 25 37 26 53 20 94 22 25 76 58 63 18 50 24 0 75 78 9 72 27 65 46 39 25 65 7 64 42 98 31 73 86 74 81 52 89 98 61 58 95 77 75 11 17 
28 13 54 57 92 40 29 78 60 61 36 48 27 10 40 15 73 22 49 58 23 30 65 19 85 3 14 13 24 67 1 9 51 76 11 54 98 23 79 76 13 32 21 23 12 22 0 46 76 41 20 67 81 72 93 82 74 1 40 88 75 27 50 64 31 16 78 73 36 53 34 96 2 83 70 62 40 4 94 87 87 23 33 93 49 23 70 83 9 53 4 
92 4 19 67 58 3 78 63 44 90 30 41 84 58 10 43 31 89 4 50 50 77 71 63 68 84 69 14 79 27 96 70 80 1 30 59 99 6 35 21 37 71 76 68 97 89 79 65 93 18 70 46 4 78 80 90 71 87 14 79 64 38 30 39 71 8 66 97 18 85 30 67 49 6 32 55 56 34 86 66 56 85 75 19 39 3 59 99 92 12 9 
1 98 64 32 37 84 41 50 25 14 96 24 96 15 24 43 6 29 21 52 58 46 0 43 21 39 39 96 27 63 90 79 4 28 61 12 85 35 13 7 45 25 71 64 50 46 24 78 7 30 67 6 37 89 30 45 57 0 2 27 33 18 80 41 94 98 74 43 41 65 53 98 50 48 79 58 68 63 29 82 93 38 16 89 38 22 56 49 59 55 63 
51 32 93 93 74 50 58 85 86 43 10 70 88 20 39 95 99 27 84 27 16 18 95 27 90 20 17 64 82 50 61 19 68 75 40 15 5 67 62 82 6 68 50 81 37 22 2 25 54 67 13 6 90 64 47 55 85 84 6 77 61 10 1 24 63 10 53 54 91 80 69 48 63 35 64 71 83 23 91 79 97 41 2 6 91 15 85 80 59 93 11 
15 62 19 86 4 0 5 16 8 43 76 12 24 54 8 72 28 90 67 88 15 29 78 99 74 27 50 27 93 4 39 98 58 34 4 59 63 28 79 15 11 59 90 49 3 36 87 8 18 12 59 46 29 14 27 39 74 40 89 29 86 76 33 31 83 52 89 5 88 93 54 82 71 35 63 82 96 57 4 90 18 54 40 16 45 97 7 1 96 49 53 
26 28 83 16 96 28 50 26 13 3 17 73 63 83 3 97 12 26 19 70 11 87 42 34 62 0 77 22 28 45 12 22 96 47 61 72 77 36 54 69 6 38 36 80 22 99 45 58 12 84 10 71 57 58 20 99 43 39 8 24 67 89 55 73 24 99 93 72 19 28 28 78 97 79 30 34 10 56 6 25 40 21 11 38 36 33 41 21 20 56 77 
28 9 29 64 79 97 70 15 67 68 52 14 69 8 41 13 90 80 84 76 62 65 95 30 40 62 97 54 51 81 50 3 28 24 27 87 34 39 30 59 81 25 94 22 74 9 63 38 29 75 62 98 86 81 35 26 27 53 66 80 27 26 65 72 16 96 64 1 50 28 1 99 23 3 40 93 76 29 26 62 71 62 92 78 86 15 14 22 64 23 29 
26 55 26 19 73 14 97 39 3 94 54 42 41 40 92 86 52 45 80 68 89 99 76 44 39 72 17 30 57 12 99 46 41 55 98 69 63 7 40 59 25 37 2 94 70 71 53 33 64 83 96 73 74 93 2 98 66 95 9 95 94 13 64 37 42 82 70 39 24 42 7 31 17 72 53 73 63 72 27 79 89 88 16 78 85 16 11 10 55 43 82 
43 68 92 56 8 30 99 77 64 82 84 39 85 51 21 65 47 40 45 59 80 92 51 27 2 15 24 59 60 2 25 21 44 99 17 78 30 0 94 95 94 71 42 10 80 64 52 79 90 57 16 38 53 10 30 16 54 61 48 94 34 74 54 0 24 83 95 23 63 0 33 76 47 43 85 60 93 89 27 91 8 24 73 75 88 63 39 79 48 11 49 
4 2 8 1 9 8 3 0 4 0 2 6 1 5 5 2 1 5 0 1 3 0 5 5 8 9 3 8 8 3 4 9 5 9 4 9 1 7 5 5 1 5 9 0 6 3 0 4 0 8 1 3 7 3 7 9 2 6 9 9 2 6 6 4 8 3 9 2 4 9 4 1 5 4 2 7 9 8 0 2 1 6 8 0 0 6 6 3 7 4 4 
6 9 4 6 5 7 3 6 2 2 1 1 9 4 0 1 2 5 7 9 8 8 7 5 4 9 4 1 4 2 2 3 6 7 7 5 5 6 4 3 3 2 2 5 5 9 0 5 9 0 7 8 5 1 1 7 9 6 8 0 5 1 4 2 7 9 9 1 6 8 7 7 0 3 8 7 1 1 6 0 6 6 0 6 5 4 4 6 4 0 5 
6 0 4 8 9 8 3 0 8 4 8 4 7 6 0 5 7 3 7 5 4 1 7 5 7 1 3 8 4 0 0 1 1 7 4 4 5 0 5 1 9 1 2 5 4 4 3 4 0 0 4 1 1 2 3 6 1 9 5 2 3 9 4 1 9 5 2 6 5 3 1 2 8 6 1 9 4 0 9 9 8 4 8 5 7 0 7 0 6 2 0 
5 4 2 9 6 3 3 7 8 9 5 6 9 3 8 1 4 2 8 9 1 5 5 5 8 5 9 1 6 0 8 2 1 9 1 8 3 9 6 8 7 5 8 3 1 7 9 9 9 4 6 4 0 3 5 6 2 9 5 7 5 5 0 2 3 6 2 8 5 7 5 2 4 7 4 8 5 9 7 8 1 0 5 5 7 7 0 7 7 2 2 
8 5 6 4 5 0 6 7 4 0 2 6 9 7 5 8 0 8 0 4 4 9 4 8 5 3 5 8 8 2 5 3 0 8 0 3 9 7 7 4 5 4 8 7 9 2 1 8 4 5 3 8 9 6 2 2 1 1 9 0 1 5 5 0 5 1 0 3 3 1 7 0 1 2 0 6 2 8 2 9 3 9 7 4 9 4 8 5 4 6 4 
8 4 6 2 7 8 8 6 1 2 0 2 8 5 3 2 5 2 5 5 9 3 4 9 1 4 4 1 8 7 0 4 7 6 4 8 5 0 6 7 4 4 0 8 0 6 9 9 0 9 0 8 6 1 9 0 2 5 1 9 4 8 7 0 7 8 0 8 0 8 3 1 0 2 2 0 2 6 2 5 9 9 6 9 2 8 9 8 3 4 7 
7 5 4 3 2 1 4 6 3 3 2 7 4 8 7 7 3 8 5 4 1 6 3 8 2 1 0 1 2 5 1 6 7 4 7 3 6 3 2 4 6 5 6 7 6 9 2 6 8 4 0 4 2 6 2 3 1 0 9 9 7 0 9 2 8 0 7 0 3 6 0 0 0 4 3 9 7 3 9 9 0 7 2 8 5 2 5 2 1 5 6 
7 9 5 6 6 1 4 2 6 7 9 3 7 1 1 1 0 8 0 5 9 3 2 3 9 5 4 2 0 3 6 0 5 1 6 2 3 5 4 7 2 3 0 2 4 1 8 2 2 5 2 5 2 7 4 8 3 6 9 6 7 3 7 4 7 1 6 3 4 5 9 0 5 7 9 6 2 7 2 0 9 6 7 2 6 6 9 1 3 5 6 
7 5 3 5 0 7 5 8 5 4 0 6 2 9 8 8 3 7 0 4 8 5 3 1 3 4 7 3 3 7 5 2 4 4 8 2 9 7 8 6 9 3 1 1 6 5 7 1 0 7 5 5 1 9 7 3 8 5 4 8 8 6 0 7 9 4 2 4 1 6 2 2 5 5 3 3 2 5 7 3 4 5 4 7 0 3 1 1 7 4 4 
7 1 0 4 4 8 7 5 7 8 5 4 8 1 9 0 5 2 5 9 8 6 0 7 5 1 8 2 8 9 5 5 9 6 3 3 7 6 5 5 9 0 5 2 5 9 1 9 1 2 0 7 2 3 8 0 5 9 2 6 0 7 2 0 4 7 8 7 1 6 0 5 5 5 4 5 1 0 4 0 7 0 4 7 0 0 5 2 2 5 7 
9 8 0 0 4 0 1 1 6 6 5 4 7 4 1 6 0 3 7 6 6 5 3 2 1 2 4 3 5 9 5 5 5 8 0 1 5 7 8 9 9 8 9 0 7 5 1 8 9 8 3 5 0 4 7 0 0 2 0 4 0 6 4 2 1 5 8 2 6 4 5 8 5 3 6 9 0 0 6 7 7 8 2 4 4 6 7 6 5 6 4 
9 0 1 3 5 9 6 2 2 8 3 1 5 5 5 5 1 8 7 7 9 7 7 2 9 7 9 9 0 6 7 1 8 0 6 4 1 0 0 4 9 5 3 6 1 9 8 6 4 2 3 1 4 2 3 1 9 7 6 5 7 4 2 1 0 9 1 2 0 1 8 0 5 4 9 6 9 6 6 2 5 8 3 7 2 0 7 2 0 6 2 
3 6 8 7 2 1 2 7 5 9 6 4 5 6 7 7 0 3 5 8 7 3 2 4 2 5 4 9 9 0 0 3 0 3 7 8 0 5 8 0 3 9 8 1 5 5 2 2 9 4 0 5 4 9 1 1 1 3 9 6 5 2 0 0 6 9 0 3 1 5 9 1 8 0 9 1 1 1 3 6 4 4 3 2 6 7 6 8 9 7 3 
8 3 4 7 3 1 7 3 9 7 0 5 8 9 6 9 3 7 2 3 6 5 6 0 8 7 7 4 3 8 0 7 0 9 5 6 0 4 9 0 1 3 1 6 5 3 2 4 8 8 3 9 6 5 5 3 3 1 6 5 2 7 1 5 0 3 2 9 3 7 5 8 3 4 0 6 7 6 2 8 0 5 2 7 6 2 8 7 4 2 9 
5 9 2 6 6 2 6 9 9 3 8 4 4 2 8 9 9 0 2 3 1 0 3 7 5 1 7 1 4 2 7 8 8 4 7 4 4 3 6 7 3 0 4 4 0 3 6 5 7 6 3 7 2 1 6 9 5 2 3 5 6 0 1 8 3 3 9 5 8 3 0 9 1 5 3 9 3 4 9 2 7 5 1 0 6 9 0 7 8 0 8 
9 7 6 6 3 3 6 7 7 5 9 1 9 2 1 9 1 8 4 5 1 3 2 7 7 9 1 3 9 0 7 1 5 9 5 1 9 3 2 0 7 5 0 3 9 9 6 0 8 9 4 1 2 9 1 0 5 2 4 4 5 2 8 8 8 6 0 5 6 2 7 4 0 3 0 1 7 9 9 3 8 7 8 8 2 2 0 4 7 9 9 
0 9 4 3 0 3 2 9 2 7 8 7 7 1 1 0 7 0 8 3 1 7 0 1 2 1 0 5 8 3 4 4 5 8 2 2 5 7 1 2 6 0 6 2 1 6 2 0 2 1 0 6 1 1 5 6 7 0 3 9 8 8 9 0 7 2 2 7 1 8 8 2 9 7 0 6 7 3 6 1 0 9 0 8 8 1 5 1 8 1 9 
8 6 3 9 5 3 7 0 7 9 1 3 5 3 5 3 1 2 9 7 0 4 2 2 2 6 0 5 4 2 0 8 7 7 6 7 8 3 3 2 9 8 4 6 3 3 1 3 4 1 9 1 7 7 9 9 4 0 2 7 9 4 7 4 0 8 5 7 0 5 9 0 2 7 8 6 9 3 8 9 7 0 4 2 3 8 0 6 4 4 7 
6 1 2 2 1 0 7 7 3 7 8 4 4 0 6 6 0 8 4 4 9 8 2 2 1 3 3 0 3 2 8 5 9 4 8 8 0 8 5 9 7 9 9 3 4 8 1 3 9 0 7 9 9 1 9 8 7 9 1 7 7 6 1 8 7 8 4 3 6 7 2 9 3 4 7 3 4 2 2 1 8 7 6 9 9 4 9 4 0 4 6 
6 2 1 9 3 5 8 3 0 0 0 6 8 9 7 8 0 1 9 7 9 0 9 3 8 2 0 9 1 0 4 1 2 4 3 6 4 9 4 6 3 9 2 5 6 8 2 0 6 2 5 5 4 0 4 2 2 4 9 7 1 9 7 8 4 5 9 4 8 3 4 6 1 8 8 4 2 5 6 6 7 0 3 8 4 1 3 2 7 4 8 
0 3 2 5 5 1 4 7 4 7 6 9 0 1 4 9 3 6 3 1 7 7 2 6 1 4 7 9 0 9 7 6 6 0 1 3 5 2 8 2 0 7 7 8 9 2 1 5 2 8 6 5 4 9 5 9 8 6 8 9 5 9 7 9 4 4 0 1 9 5 4 1 1 9 0 1 3 5 2 4 9 4 5 6 0 0 3 7 8 4 4 
3 9 5 1 3 8 0 1 6 1 4 3 9 2 7 6 5 5 0 0 2 7 4 8 6 1 7 2 8 0 9 5 4 6 5 0 8 9 8 5 6 4 4 9 3 1 6 9 6 0 7 0 4 3 0 7 0 7 4 7 2 1 3 2 0 2 1 8 0 8 0 5 6 5 6 7 2 6 1 4 3 2 1 7 1 6 7 8 9 2 9 
6 6 0 6 9 8 7 5 5 3 8 3 2 2 6 5 4 0 4 7 4 3 8 2 6 9 3 2 8 7 7 2 8 0 4 1 7 9 2 1 2 6 7 9 9 5 5 4 7 2 2 3 5 0 2 3 9 3 7 6 1 3 6 0 9 4 0 2 9 4 0 6 2 9 8 2 4 5 3 5 4 9 6 0 8 8 5 8 5 6 0 
8 9 9 2 7 3 2 3 4 1 4 8 0 1 4 8 4 2 4 3 9 5 4 0 2 9 1 1 3 4 9 5 3 7 0 2 5 7 1 3 0 1 1 5 6 6 2 4 3 2 3 3 9 1 0 7 6 3 0 6 5 5 3 8 7 2 1 1 4 3 7 7 0 6 9 2 2 0 5 6 5 6 1 1 8 0 3 0 4 0 5 
2 0 1 9 1 0 5 7 3 5 1 6 0 4 2 1 9 8 0 9 4 2 5 4 9 4 6 0 5 1 5 9 0 0 6 0 3 7 3 4 4 4 6 1 8 2 2 5 3 6 0 7 1 2 4 0 0 2 5 6 6 7 4 3 9 2 0 6 8 6 7 5 5 2 3 4 4 6 8 2 8 6 2 1 9 7 5 4 6 3 7 
7 0 8 7 6 0 8 5 8 8 7 2 5 3 8 2 2 7 4 7 0 7 7 4 0 7 3 5 7 8 3 6 0 2 0 1 1 3 6 9 2 5 6 6 8 1 0 7 1 0 4 4 6 9 9 2 6 9 7 3 8 6 2 1 0 8 3 5 7 8 1 8 5 7 9 2 5 6 9 7 8 6 1 7 4 6 3 6 3 7 2 
2 2 1 0 8 3 3 8 6 1 8 5 5 4 8 7 0 6 1 6 9 4 2 9 7 2 6 2 2 9 8 5 7 2 1 7 9 4 6 5 8 0 0 2 6 3 3 7 5 5 8 9 4 4 0 9 1 6 4 9 0 2 2 6 4 0 0 1 4 2 0 0 6 4 5 3 5 6 0 8 7 3 8 3 1 9 1 6 1 1 1 
9 0 6 7 3 2 9 7 8 7 8 2 5 7 1 8 4 8 4 9 4 5 7 4 6 4 1 1 1 4 3 2 5 8 6 7 3 2 4 2 8 0 7 8 7 4 6 0 3 5 4 0 9 1 2 8 3 6 4 8 0 6 2 9 5 2 0 8 2 6 5 9 6 6 3 9 6 0 9 4 5 7 8 2 0 7 6 4 6 9 4 
8 6 6 6 2 6 0 1 2 0 6 3 3 7 0 4 1 7 6 8 2 5 8 7 0 0 1 1 1 2 1 8 1 6 9 3 9 3 8 1 0 1 4 6 2 6 5 6 7 7 4 4 7 5 0 6 4 7 2 8 3 2 4 4 6 6 1 1 0 4 3 9 2 6 9 1 7 4 6 6 6 8 2 3 0 3 8 0 3 7 5 
6 7 7 5 6 5 2 7 3 0 9 9 1 8 2 0 6 1 2 4 6 3 3 7 7 3 3 8 7 4 1 0 9 9 2 7 4 8 5 8 5 4 7 7 7 2 3 1 9 2 3 0 3 9 8 7 2 4 0 6 5 2 4 8 6 9 9 4 1 5 4 8 7 8 3 1 7 6 4 6 5 8 0 7 7 6 9 6 3 6 7 
0 1 1 1 6 2 0 8 5 0 8 5 5 4 9 1 0 5 9 6 5 5 2 0 7 9 7 2 3 2 6 8 7 1 4 0 4 9 8 3 1 4 9 8 7 6 3 9 5 9 8 7 4 1 9 6 2 4 4 3 6 9 9 5 5 2 6 0 9 8 4 6 3 7 4 5 0 5 8 6 9 0 5 6 7 7 5 8 4 8 7 
5 9 3 2 5 8 1 1 5 8 6 1 9 3 0 0 8 0 1 7 4 5 4 1 8 7 9 4 8 9 5 0 6 9 7 9 7 1 5 2 6 1 6 5 8 1 7 4 1 3 9 1 2 1 4 9 8 8 8 0 8 6 6 5 2 6 7 5 1 7 7 5 4 9 6 6 7 4 6 5 6 1 8 8 0 7 3 8 7 1 2 
5 9 7 9 6 6 8 7 2 2 1 7 2 5 0 2 8 5 3 4 1 2 0 9 3 4 7 3 2 4 7 5 2 3 4 9 1 2 6 2 6 1 5 4 2 5 3 5 2 4 5 8 2 2 1 9 4 1 0 7 9 1 2 3 8 7 8 9 5 8 0 3 1 9 6 8 6 8 9 8 0 6 6 7 1 3 7 3 7 3 0 
3 5 0 1 2 3 2 0 1 0 3 3 3 0 0 8 2 4 3 0 8 6 7 5 7 5 3 3 0 4 7 4 5 2 5 7 6 0 4 4 4 8 9 9 1 4 1 7 9 4 3 1 5 9 3 0 4 4 8 5 2 3 0 2 4 6 7 7 1 3 3 0 1 3 3 8 7 4 0 2 5 2 4 2 8 1 8 1 1 0 8 
7 2 4 1 3 6 2 5 2 9 3 8 3 0 8 5 8 7 5 7 7 3 1 2 3 5 0 2 3 0 0 5 4 9 6 8 5 8 5 9 1 2 3 0 3 4 2 2 4 7 7 1 9 0 8 0 5 0 7 9 2 8 5 1 3 6 4 7 8 6 6 8 2 1 3 6 2 7 2 1 6 3 4 3 1 9 2 3 4 9 0 
0 2 3 0 7 3 2 2 6 5 6 1 5 0 3 2 1 3 3 4 7 1 7 5 4 2 2 7 6 5 8 3 3 8 1 5 6 6 6 8 4 0 8 0 9 2 9 2 7 2 4 5 1 2 8 1 0 6 7 7 7 9 7 3 0 0 4 4 1 3 7 9 0 6 7 0 8 5 6 1 7 3 2 6 2 4 3 4 5 8 6 
8 9 0 1 2 2 4 9 3 7 2 9 7 0 9 2 6 3 4 5 5 1 2 5 2 5 9 8 8 2 4 5 3 5 1 5 8 3 0 3 1 1 0 6 8 4 5 7 9 8 9 6 6 8 3 3 8 0 9 3 8 8 7 8 6 5 3 6 7 9 3 9 1 5 5 5 9 2 8 0 0 2 5 1 5 5 3 2 0 5 9 
9 9 3 1 9 7 3 3 8 5 7 6 7 8 4 9 2 7 6 8 2 9 5 5 1 0 7 6 1 0 2 5 5 4 0 1 9 1 3 5 4 0 1 3 5 5 9 7 2 3 4 8 5 7 8 5 0 9 9 7 6 3 2 3 6 2 5 8 3 6 3 2 7 9 1 4 9 1 7 6 6 3 8 8 3 1 0 6 2 7 5 
7 0 0 5 8 6 8 6 2 0 8 7 5 9 3 7 8 7 2 3 5 1 8 9 6 4 1 1 3 2 2 6 0 8 4 1 7 3 3 1 3 0 3 2 9 4 7 8 1 2 9 4 9 0 9 1 9 0 7 9 7 7 4 7 8 5 8 3 4 5 8 7 5 1 6 6 8 5 7 4 7 4 5 0 1 8 8 4 1 8 4 
0 1 0 3 4 8 6 4 0 6 6 5 3 5 0 0 1 6 0 5 7 8 7 8 9 0 9 2 8 9 4 4 5 0 4 6 1 4 8 0 9 1 7 7 7 9 5 5 8 1 4 8 3 8 3 3 2 3 3 8 1 5 2 6 1 5 7 0 3 9 2 0 8 1 5 6 8 0 8 8 1 5 9 7 0 1 6 6 1 7 3 
8 6 3 3 7 4 6 1 6 5 4 9 1 0 4 8 2 1 2 5 9 2 2 7 8 3 0 5 2 6 6 9 6 8 6 1 8 5 6 4 6 9 1 8 2 8 1 6 1 2 2 5 5 0 1 1 7 0 3 2 8 5 8 6 1 6 8 2 7 5 8 7 0 3 7 0 2 0 2 0 7 4 5 5 4 8 4 8 9 2 6 
2 3 7 0 3 4 8 4 1 8 8 3 1 4 5 6 9 6 8 3 9 4 9 4 4 8 8 6 9 1 2 4 8 4 6 8 9 5 6 5 9 9 4 4 0 8 7 5 0 5 6 1 6 3 1 4 8 6 8 5 6 2 7 0 3 5 8 1 8 8 8 4 2 0 1 6 8 5 3 2 8 1 0 6 0 3 3 9 7 4 1 
2 7 4 7 8 9 5 2 9 9 4 5 1 1 9 9 6 0 2 8 1 3 2 0 4 3 8 9 7 7 9 7 3 3 3 5 6 5 5 5 1 2 9 5 3 9 5 4 2 1 2 9 4 5 6 4 8 4 5 2 9 3 1 1 0 2 3 1 2 9 6 0 3 3 5 6 0 3 7 2 9 4 5 5 8 1 2 9 0 5 8 
8 0 0 9 5 6 7 2 3 5 8 3 1 2 5 5 5 8 6 1 9 4 9 6 7 6 4 4 3 1 7 7 7 9 2 4 9 6 1 9 3 2 9 3 6 7 7 0 7 1 9 7 4 0 5 9 8 1 9 2 7 9 3 8 0 1 5 9 3 9 0 7 7 3 2 6 5 5 4 0 9 6 0 5 5 9 0 4 8 0 7 
1 3 9 7 1 8 8 1 7 5 1 5 6 8 1 5 5 7 9 8 8 6 5 2 5 1 3 4 9 4 7 2 3 2 5 3 6 3 6 5 2 7 1 1 0 2 6 8 4 3 4 6 7 4 2 9 0 5 5 5 0 3 7 0 5 5 7 6 3 7 2 0 3 7 9 9 8 7 1 0 8 6 7 8 7 2 8 6 7 3 8 
6 9 2 7 9 6 9 4 3 2 2 7 4 6 5 0 9 1 8 9 4 8 7 6 9 5 2 2 3 7 5 5 7 3 3 9 5 1 0 4 3 1 7 0 5 2 5 4 1 3 8 6 5 9 0 7 6 9 7 3 7 3 2 8 5 8 5 8 3 7 1 0 6 6 8 5 2 2 6 9 9 5 5 3 1 1 9 0 8 0 4 
3 6 4 5 9 6 6 1 2 9 1 2 1 4 3 3 3 5 6 5 4 3 8 8 9 9 5 7 8 9 3 0 0 7 4 8 8 8 9 5 8 4 3 4 0 9 0 4 8 1 4 6 7 3 2 2 9 1 5 8 2 5 6 1 6 9 6 6 1 8 0 0 7 5 1 6 1 2 6 1 8 9 9 5 3 9 0 5 4 9 2 
8 9 2 4 5 4 1 7 9 9 9 7 8 2 7 6 6 2 6 9 9 7 2 1 7 2 5 7 5 7 5 7 9 0 9 4 7 4 5 6 1 9 0 1 8 2 0 2 1 8 4 9 7 1 2 0 9 7 5 1 6 6 1 2 4 9 8 8 4 5 0 1 1 7 6 1 8 9 9 1 2 6 5 6 5 4 9 7 3 0 2 
8 6 6 9 3 0 9 7 3 9 4 7 6 0 7 8 3 1 8 1 4 2 4 5 0 3 2 2 7 3 4 0 8 6 2 5 7 0 1 4 9 9 3 2 1 2 1 6 2 3 2 0 8 3 0 0 4 4 5 1 5 0 3 0 6 7 3 5 2 8 0 3 0 8 9 6 1 8 2 6 4 8 1 1 4 9 5 0 9 6 2 
5 1 1 2 8 1 5 8 9 8 4 8 4 9 1 0 4 1 4 1 8 5 4 9 9 6 7 2 3 8 0 9 9 1 5 9 5 5 5 8 3 2 4 6 7 0 7 6 3 5 5 9 7 0 0 0 1 4 8 0 2 4 7 5 7 6 5 3 5 3 0 2 0 9 9 4 8 3 7 2 4 8 2 9 2 3 3 8 7 1 1 
4 2 9 2 5 7 1 2 1 3 3 5 8 1 6 6 1 1 4 1 8 5 2 4 2 0 7 5 2 4 9 1 7 9 1 8 0 3 5 2 6 8 3 0 4 7 7 1 6 4 3 7 7 2 7 6 2 1 0 0 8 1 0 5 0 8 9 1 1 6 1 7 3 9 3 0 1 6 2 0 7 4 1 3 7 4 7 5 8 3 0 
9 1 7 6 8 4 3 9 1 1 6 2 8 7 1 9 1 6 0 4 8 8 0 5 7 4 8 8 3 4 1 6 6 3 6 6 0 7 6 3 7 8 1 5 6 9 3 0 5 0 8 0 2 2 9 6 7 7 6 1 9 3 1 4 2 9 5 9 9 0 7 1 2 3 2 3 6 0 7 3 2 4 3 8 8 5 5 9 7 1 3 
8 2 2 2 9 8 2 4 8 4 2 2 3 6 2 1 2 7 2 9 8 0 0 8 5 0 6 6 8 7 3 3 7 6 5 7 5 7 1 5 7 7 4 9 2 6 8 4 5 2 9 1 5 4 2 4 6 5 6 3 2 3 7 5 0 2 3 3 7 2 8 5 1 2 2 0 1 6 7 4 5 3 2 3 5 6 9 0 3 2 1 
3 4 5 5 7 3 2 9 2 0 7 2 8 0 7 8 7 8 5 2 5 8 4 6 2 7 6 9 7 6 4 2 1 3 4 1 3 9 6 3 5 5 9 1 4 9 7 4 1 4 3 9 1 4 8 4 7 6 9 3 0 6 5 4 9 0 7 3 4 5 7 1 1 6 7 1 2 9 1 7 0 0 6 7 6 8 3 2 9 4 8 
8 3 6 6 1 0 7 3 3 1 0 1 9 9 8 1 8 4 1 7 2 8 2 2 3 8 6 1 2 7 5 7 2 6 6 3 3 1 1 9 7 7 9 9 2 4 0 9 7 7 4 4 5 0 4 6 5 0 5 7 6 7 3 3 9 6 0 8 0 7 3 9 6 3 9 3 5 8 7 6 8 8 2 2 8 3 3 4 7 0 6 
4 6 4 7 3 2 6 5 8 2 0 6 1 8 2 7 8 4 5 4 9 1 2 8 7 5 9 3 3 8 9 6 2 0 2 4 1 0 8 5 5 4 2 9 2 1 6 4 1 4 7 8 0 4 5 4 7 8 6 5 4 6 2 1 5 9 4 3 8 4 5 3 7 8 8 5 0 8 0 9 6 5 5 0 6 9 6 2 8 8 3 
9 9 1 8 7 3 0 6 6 4 9 1 5 2 9 6 1 8 2 0 4 0 1 0 7 5 2 2 3 0 4 4 7 8 4 2 4 3 2 8 5 3 6 5 8 0 4 7 1 6 3 9 6 5 8 6 4 0 8 7 7 8 3 4 8 0 4 8 6 3 1 9 3 5 8 0 5 9 0 3 0 6 1 5 1 3 3 5 5 2 0 
6 3 2 3 1 8 9 0 6 7 2 8 3 8 2 4 6 8 7 0 6 0 7 8 6 0 8 4 9 3 9 3 7 2 2 3 0 6 1 2 2 2 2 2 1 9 7 0 0 0 7 6 1 7 4 0 6 4 7 4 1 3 4 9 3 1 7 6 1 6 1 6 9 9 2 7 6 2 9 8 0 4 6 1 6 4 5 2 9 7 3 
3 0 9 4 6 3 8 6 1 4 4 2 4 3 7 3 3 4 7 6 6 4 9 7 0 4 5 1 6 1 7 1 2 8 8 8 5 3 6 4 5 0 0 4 8 4 6 2 3 0 6 3 9 0 6 3 3 7 2 7 4 5 0 6 0 2 4 3 0 5 8 0 7 8 0 1 0 9 7 7 2 0 6 2 3 0 3 9 6 5 7 
4 7 2 9 0 0 0 5 0 6 4 1 7 5 5 4 5 8 5 3 0 5 7 9 5 3 3 9 3 5 3 9 1 4 3 2 8 4 5 0 6 2 3 4 2 2 0 4 7 6 0 4 3 7 8 5 9 5 4 6 1 4 9 8 3 0 5 2 7 0 7 9 0 1 3 3 0 1 4 5 5 7 8 8 8 3 8 3 5 3 6 
7 6 7 2 0 3 6 9 5 8 7 0 0 8 7 5 7 6 9 2 6 0 7 3 8 3 2 6 7 9 5 9 9 2 1 7 4 3 2 7 3 2 4 0 0 3 2 5 4 2 7 8 3 6 8 3 8 6 0 0 1 8 1 4 5 4 9 1 3 2 8 1 1 7 5 6 8 4 8 5 1 4 0 5 1 1 5 0 9 6 8 
1 6 1 1 4 3 7 4 1 5 9 2 0 5 7 4 6 9 6 4 0 2 7 9 7 0 6 0 0 6 8 8 0 5 0 8 1 7 5 7 3 0 9 7 2 1 3 1 9 2 1 2 9 3 1 8 2 3 6 6 5 0 6 5 6 0 7 3 9 8 5 7 9 2 1 3 4 8 7 0 9 7 9 7 6 5 3 4 6 2 3 
8 1 5 9 8 7 4 3 4 1 7 9 5 5 9 6 6 6 4 6 9 1 7 8 3 0 5 3 0 3 3 2 3 2 2 0 5 8 3 9 5 8 8 2 2 1 5 3 8 4 2 6 1 8 9 0 8 8 3 9 0 7 2 2 1 9 9 9 2 2 7 0 5 3 9 3 7 3 8 5 6 4 4 4 2 5 5 6 0 1 0 
4 4 6 7 1 1 4 6 8 0 4 2 5 7 9 1 7 6 5 3 8 7 9 4 0 1 9 4 1 6 1 4 8 1 0 7 7 4 3 9 5 7 2 0 4 7 8 6 6 8 7 3 7 0 6 6 8 4 4 4 9 7 1 3 8 4 9 5 9 3 2 8 1 4 1 1 9 9 3 7 2 4 3 0 5 7 7 3 1 7 5 
9 0 0 2 0 1 7 2 0 9 7 9 6 3 6 3 2 9 2 8 8 5 5 1 2 6 8 3 0 7 5 0 8 9 0 4 0 6 4 4 8 4 2 3 5 9 4 9 3 5 0 2 6 0 9 8 5 9 9 7 7 4 0 4 8 0 0 9 8 6 0 2 0 3 5 1 3 6 8 0 9 0 8 2 4 6 0 0 6 2 3 
2 1 0 6 0 2 4 0 2 8 2 0 2 7 3 3 7 7 4 7 7 3 8 5 9 8 9 4 1 9 0 1 2 6 6 5 9 9 2 8 1 2 7 1 5 7 6 8 3 9 2 2 3 0 9 0 0 5 7 5 7 7 8 7 5 4 8 0 5 2 8 4 1 1 8 2 9 3 8 4 9 8 9 1 5 1 9 7 6 4 1 
9 9 2 4 6 2 6 0 5 0 5 8 1 6 0 3 0 3 1 7 4 5 9 9 5 9 5 0 0 2 8 5 0 9 4 9 3 6 3 3 8 5 3 9 3 0 7 5 0 5 2 5 8 9 8 5 1 2 1 5 9 8 1 2 1 1 6 7 2 1 9 3 7 6 1 4 3 8 8 2 6 9 3 1 1 3 1 2 3 7 9 
6 3 3 3 8 0 2 7 2 1 7 4 1 7 6 6 0 7 5 2 2 1 9 8 4 2 9 4 7 8 9 5 1 2 1 6 0 3 0 1 0 4 2 1 0 8 7 5 0 7 2 5 4 1 4 4 1 3 1 5 4 9 3 0 0 0 5 8 7 9 6 2 7 1 2 2 2 2 0 0 2 5 8 5 7 1 2 1 8 1 9 
3 8 2 8 0 0 6 0 4 0 3 8 0 7 6 9 1 6 8 9 5 5 1 1 8 8 2 2 2 8 1 0 2 8 6 0 0 0 8 0 7 4 0 5 4 3 0 6 1 1 3 4 0 0 3 5 3 6 8 8 7 2 5 4 2 6 6 7 5 0 5 8 5 7 3 1 0 3 3 1 0 9 8 5 6 6 1 5 9 7 2 
3 7 5 9 3 1 0 2 6 2 9 9 7 5 4 7 0 4 6 8 5 7 8 5 9 8 3 3 7 9 9 3 1 0 7 8 0 2 9 1 1 6 9 1 4 7 7 3 4 8 4 6 3 2 9 1 7 3 4 8 1 4 6 8 4 6 7 3 9 7 2 0 8 0 3 2 2 5 0 4 7 8 0 7 4 7 3 0 6 0 5 
6 2 7 5 0 6 0 8 5 1 3 8 6 8 3 5 1 3 6 9 3 7 2 7 7 2 0 4 7 5 1 6 3 9 3 5 3 8 0 0 0 4 7 8 5 4 6 8 4 3 9 6 7 7 7 3 6 5 0 5 4 2 0 8 2 2 9 1 6 2 7 0 7 3 2 0 9 6 2 3 4 0 9 7 6 0 0 3 5 7 7 
5 3 7 4 3 4 9 2 3 1 7 4 5 6 0 3 4 4 1 9 0 4 9 7 8 8 6 8 4 5 1 8 3 4 6 8 0 4 4 3 5 7 3 5 6 1 8 1 0 2 7 5 3 5 1 0 9 9 9 2 0 4 5 3 1 6 4 1 4 2 0 3 1 2 2 4 9 2 0 0 5 7 0 1 5 6 5 1 9 5 8 
2 0 6 2 8 5 3 5 5 8 4 3 5 1 6 2 3 9 5 8 9 1 8 5 7 6 9 3 1 2 3 8 8 2 2 6 3 3 2 7 9 6 8 8 8 3 0 2 9 3 2 3 9 0 4 5 8 6 6 7 7 5 9 2 1 7 1 6 7 8 9 2 9 9 0 7 7 5 1 9 4 6 9 8 8 9 9 7 7 8 2 
0 4 1 9 9 8 0 2 6 6 2 0 7 0 1 8 8 3 6 4 6 1 1 8 6 6 6 8 4 9 4 1 7 3 9 7 2 7 8 7 3 5 5 1 4 0 9 0 4 3 9 1 9 5 9 9 8 1 4 6 6 5 4 9 0 0 2 3 5 7 9 0 5 0 7 3 1 0 8 5 6 2 8 1 7 6 5 8 4 4 8 
2 9 9 2 0 7 1 0 5 7 8 1 9 4 0 7 2 1 7 5 6 8 9 4 2 9 9 1 1 2 6 1 3 7 4 8 9 5 2 8 0 3 9 4 3 6 8 9 9 4 5 0 9 6 7 4 4 0 5 0 7 3 5 4 5 3 6 4 1 3 3 8 8 4 9 2 8 3 3 9 5 3 8 7 2 1 5 3 5 0 3 
3 7 2 0 5 7 8 0 7 2 6 7 1 5 9 6 8 2 0 2 3 3 4 3 5 6 8 9 6 1 8 9 2 5 0 0 4 1 7 5 1 0 7 3 7 3 0 3 6 8 5 9 6 9 3 3 0 5 4 1 5 7 3 1 9 2 3 7 0 0 2 9 6 1 4 4 5 7 9 1 9 8 0 6 3 9 3 7 5 6 2 
5 7 4 6 0 5 0 5 5 5 0 7 2 0 6 5 2 3 7 9 4 8 2 6 5 6 5 6 7 9 2 1 4 5 7 1 0 6 6 9 6 5 6 6 2 9 1 2 1 8 7 1 8 8 3 3 6 7 8 7 0 9 4 2 6 3 2 6 9 2 9 0 5 1 9 1 9 4 0 2 8 9 7 0 6 8 2 9 2 3 2 
8 0 5 7 5 3 9 8 7 7 8 2 4 1 4 3 3 6 9 7 4 4 0 9 0 2 8 2 3 1 6 4 7 0 4 6 4 9 7 9 0 3 6 4 9 4 4 1 7 8 0 4 9 5 8 6 1 4 0 9 3 2 0 9 5 8 8 1 0 7 3 3 9 9 9 8 4 2 6 4 2 8 8 2 4 5 2 6 8 4 3 
3 9 3 5 9 2 6 5 7 3 5 8 3 5 6 1 3 5 3 7 6 3 5 6 6 7 5 1 0 0 4 1 2 5 6 0 6 3 2 7 9 8 6 6 4 8 0 6 4 6 2 5 4 6 6 2 7 5 7 7 3 7 9 8 4 9 0 8 4 2 8 1 1 2 0 2 9 8 6 7 5 9 0 2 9 5 1 2 8 3 6 
6 3 8 6 9 9 2 9 0 1 5 9 8 4 8 6 9 7 4 5 1 0 3 1 5 4 0 4 9 0 7 9 6 5 2 6 5 8 7 7 6 3 6 5 4 2 2 0 4 0 2 5 6 2 0 7 9 0 4 1 4 1 3 6 9 9 9 8 9 9 5 9 4 0 3 3 4 7 3 6 9 6 7 8 4 4 8 1 6 7 8 
1 0 3 2 4 6 2 2 7 5 0 1 0 1 5 7 8 5 6 5 5 0 0 3 1 1 6 9 2 1 2 4 7 8 7 0 0 7 2 9 2 3 4 3 4 4 0 4 3 1 6 5 5 7 3 6 2 6 9 1 0 2 2 8 4 7 9 8 3 6 1 0 1 9 9 9 3 9 7 1 6 6 3 8 6 4 7 2 2 2 3 
3 3 5 7 9 6 0 3 1 0 3 2 5 8 0 8 6 3 6 6 0 1 2 8 8 5 4 1 6 3 7 6 7 5 4 5 8 8 6 4 3 4 2 8 8 7 9 8 1 5 6 6 6 0 6 0 1 1 4 2 0 9 0 4 1 3 9 7 8 7 4 8 2 8 0 4 4 4 4 7 1 0 9 3 9 1 3 1 2 2 7 
9 7 9 5 2 5 9 8 7 4 5 2 2 6 3 0 3 2 5 5 7 6 3 3 1 3 9 9 2 1 5 0 2 1 9 9 3 4 9 1 3 5 2 6 3 7 4 2 9 9 2 1 1 0 1 1 5 6 3 0 9 0 2 3 8 1 5 9 4 7 4 7 3 9 4 7 3 2 6 6 6 0 6 8 2 3 2 3 3 0 0 
4 0 9 7 3 4 7 9 7 3 4 9 5 9 0 9 5 9 0 5 3 7 2 1 7 1 4 3 9 6 9 8 8 6 2 4 3 4 7 0 7 5 7 8 1 4 6 5 3 2 3 9 7 4 4 9 0 4 3 1 6 6 7 2 8 9 5 2 8 5 0 9 8 8 7 1 7 5 3 0 4 7 6 4 3 8 1 9 3 4 0 
8 3 2 8 6 3 0 7 3 3 7 2 8 9 5 5 4 7 0 4 6 9 5 6 3 8 6 4 0 9 7 7 5 8 1 1 0 5 8 6 5 7 6 1 2 5 4 6 4 9 8 6 5 8 3 2 3 0 4 9 1 0 5 1 6 8 9 5 2 3 4 1 5 4 6 8 5 2 9 3 4 9 1 8 1 6 5 2 3 4 9 
5 2 3 4 1 0 1 7 1 6 1 1 3 8 0 2 1 3 0 3 7 7 2 4 5 5 3 1 5 9 6 1 7 3 9 7 8 3 3 9 7 4 0 1 2 4 5 8 2 1 5 5 2 2 4 2 6 1 3 2 8 9 3 1 1 6 4 3 9 6 4 3 1 2 1 9 7 6 1 4 9 9 9 2 1 2 0 4 0 5 8 
0 6 0 5 8 5 0 6 0 2 4 5 9 8 0 4 3 7 4 9 8 6 7 1 4 0 7 3 2 8 6 9 2 8 0 8 1 5 0 5 1 5 1 1 7 6 9 6 4 3 8 4 8 7 0 5 2 3 0 3 0 6 0 2 0 1 7 2 1 1 5 7 3 3 9 2 6 1 8 1 6 4 8 9 4 4 9 8 2 1 2 
6 9 7 3 9 4 2 3 4 2 0 7 0 0 3 5 0 0 4 3 0 4 7 5 8 0 1 9 2 7 9 2 6 9 3 9 6 9 1 2 8 7 7 1 3 1 9 1 0 6 3 7 3 4 1 4 7 8 0 1 4 2 9 8 3 7 3 4 5 1 4 8 7 3 1 4 0 7 6 9 9 5 4 6 6 9 0 5 1 3 5 
5 7 5 3 7 1 6 5 1 9 9 8 2 8 6 2 3 8 5 0 5 5 5 5 6 1 5 0 2 0 0 1 7 5 8 1 7 9 9 5 9 2 6 8 2 2 9 1 8 7 5 5 3 9 6 0 9 1 5 4 2 9 9 3 2 6 2 3 1 5 9 3 8 9 5 2 1 0 2 1 5 0 8 9 3 4 1 3 4 6 5 
5 0 7 9 3 8 3 4 3 7 7 4 3 2 0 5 4 0 0 9 0 2 1 8 0 8 9 5 3 1 7 2 2 2 6 7 5 3 2 7 0 1 9 8 7 3 3 2 0 1 6 3 4 7 6 8 3 9 5 8 5 3 9 3 1 1 7 2 9 3 8 0 0 6 4 7 4 0 5 6 6 3 4 9 3 6 9 9 8 7 6 
3 0 7 7 7 9 2 7 5 1 2 2 2 4 7 1 8 1 5 2 7 4 5 5 6 4 8 7 0 1 3 2 9 2 5 3 5 3 3 3 7 9 8 8 5 1 1 5 5 2 4 1 6 7 6 7 5 7 6 2 2 2 2 3 3 9 7 4 9 7 8 5 7 8 7 4 5 5 4 9 0 7 4 3 9 5 8 9 7 9 3 
