17 17 17
30 0 86 80 13 90 55 88 94 17 56 40 83 9 36 75 73 
2 45 31 31 27 75 90 50 1 17 28 45 30 54 9 38 23 
16 11 6 88 2 77 85 56 81 59 3 49 3 73 54 16 6 
69 10 70 80 1 27 56 80 10 68 89 89 63 30 59 19 25 
66 38 95 9 98 62 74 69 50 21 27 45 4 86 17 48 31 
96 9 44 3 68 74 77 71 93 88 44 78 38 76 72 15 63 
78 10 47 28 21 65 3 48 38 53 4 14 30 0 59 53 24 
41 10 62 31 37 99 89 31 54 74 65 51 70 24 13 85 49 
24 62 87 72 54 1 15 17 46 31 61 81 57 10 80 56 3 
56 79 22 56 33 9 33 29 50 90 44 47 22 67 29 76 47 
21 3 9 70 62 90 75 80 46 76 91 79 72 87 72 93 57 
6 17 0 26 98 17 27 94 2 23 78 40 24 7 51 97 52 
5 80 98 22 89 21 82 62 30 21 33 61 18 42 30 57 22 
14 13 30 31 77 24 60 98 71 97 11 61 74 58 0 70 2 
96 89 11 12 71 2 52 88 33 50 49 78 10 98 29 96 44 
18 84 63 35 44 97 9 61 95 42 85 89 95 56 78 99 47 
13 2 39 99 59 53 47 79 11 77 72 32 85 61 48 26 13 
9 2 7 7 1 1 3 6 5 2 4 0 8 2 9 2 6 
3 4 4 0 9 8 5 3 0 3 8 9 5 9 8 0 0 
5 5 3 5 9 7 7 8 6 5 7 1 8 0 0 2 8 
2 5 1 4 8 1 7 1 2 4 0 8 3 6 6 7 9 
3 3 2 2 0 0 2 9 3 0 6 1 5 7 9 9 5 
7 3 0 1 5 9 3 3 2 8 1 4 7 4 1 2 5 
1 5 0 9 4 6 2 4 9 7 9 8 7 9 0 9 6 
4 0 0 1 2 0 5 2 2 6 4 9 3 9 0 8 0 
7 8 0 9 2 5 5 7 7 7 4 9 1 7 5 6 3 
3 3 4 2 1 0 6 8 5 9 9 7 2 5 9 6 0 
1 3 8 8 4 6 3 8 0 7 8 1 1 9 7 9 6 
5 4 0 1 2 9 7 0 4 2 1 2 8 2 7 8 7 
1 4 3 7 1 5 3 1 3 8 8 2 9 6 2 2 0 
8 1 4 5 3 7 5 2 4 9 6 3 8 0 9 0 6 
1 9 1 0 1 2 6 0 3 7 8 2 7 8 1 9 8 
9 2 0 5 1 2 0 8 5 4 1 0 3 3 9 4 6 
7 6 3 7 2 3 4 8 5 2 7 9 0 0 5 1 1 
