96 96 96
75 41 84 62 46 24 11 64 0 8 66 43 64 69 35 63 86 21 78 65 33 6 70 36 86 79 97 17 21 93 34 5 53 28 47 95 68 30 68 41 87 69 96 89 30 36 82 52 40 94 92 41 26 41 18 70 62 5 72 14 62 58 27 26 19 51 40 90 56 28 45 90 79 64 8 21 31 81 23 73 10 49 20 56 23 0 54 41 88 7 33 68 49 65 81 92 
46 63 69 99 83 63 26 11 68 83 66 68 81 84 46 50 17 61 7 90 24 56 69 27 45 45 73 22 90 92 77 48 26 91 73 17 18 87 59 46 42 55 2 59 55 4 27 35 33 49 46 36 13 67 40 89 45 64 64 88 74 59 83 18 10 31 8 68 70 93 30 42 72 61 73 84 49 25 68 99 95 68 77 47 76 8 91 26 90 19 27 94 54 53 69 3 
34 50 44 1 74 3 22 0 91 50 5 75 24 79 65 31 0 69 91 44 72 32 55 76 70 86 53 36 63 46 49 85 65 3 9 57 90 54 80 64 55 79 63 55 27 52 51 35 35 62 15 86 75 29 39 68 41 26 10 11 75 7 74 53 89 98 98 48 95 29 9 35 12 94 23 23 8 74 9 54 51 40 46 60 87 41 72 88 11 41 22 59 72 87 55 80 
22 77 14 77 89 7 79 36 27 45 43 89 10 94 52 87 85 82 36 57 44 15 92 94 89 86 46 91 52 25 59 84 54 19 15 2 80 81 13 57 37 95 54 63 92 28 95 22 59 10 8 11 49 32 57 69 88 42 93 81 93 56 16 39 28 35 0 17 70 44 51 12 83 71 31 73 26 2 8 54 77 6 41 81 0 49 24 38 80 0 96 84 84 54 97 79 
81 1 35 2 62 20 59 32 66 87 89 0 16 3 22 44 68 63 76 61 64 55 46 12 94 22 9 71 79 79 63 68 9 78 46 92 4 95 64 9 54 56 9 77 27 70 49 84 1 15 11 14 15 23 41 97 33 64 96 22 26 68 31 60 73 64 89 59 71 57 94 77 22 1 69 12 43 56 4 3 48 8 8 82 3 83 99 26 44 66 44 35 86 50 13 44 
21 10 19 0 98 18 98 82 10 45 29 3 0 12 4 52 29 65 43 59 74 68 13 39 12 34 49 92 2 1 1 84 55 60 21 52 68 92 95 96 48 95 90 19 94 87 62 15 4 83 38 61 46 17 89 0 28 81 65 85 64 88 25 35 83 53 81 88 11 97 64 71 21 63 56 11 11 6 22 36 28 70 93 70 79 11 81 99 41 1 36 11 29 10 7 79 
36 60 78 59 1 96 97 5 42 77 55 7 85 16 3 59 94 91 68 63 5 14 66 4 9 58 0 10 89 14 11 76 88 26 26 76 77 39 14 28 6 27 19 36 20 28 94 36 25 86 66 90 41 23 23 95 59 11 55 91 59 65 20 87 4 98 61 6 42 12 57 76 11 10 91 46 16 67 85 46 61 62 84 75 23 49 72 83 31 67 55 58 77 35 35 15 
46 50 97 28 27 94 19 29 55 29 40 45 8 65 81 88 33 52 85 54 72 16 51 91 50 68 49 86 36 12 98 83 75 61 12 19 70 70 97 9 34 25 72 61 71 70 32 53 84 10 74 11 91 14 8 92 57 30 95 87 84 61 41 52 3 37 59 67 47 5 80 2 50 23 19 4 83 43 95 12 59 99 72 31 18 22 11 90 18 23 97 34 58 89 10 68 
34 9 32 32 61 89 41 62 33 83 92 13 35 99 45 53 62 5 63 50 47 91 4 80 70 67 33 97 45 48 85 54 57 10 13 22 39 57 85 60 65 20 8 92 52 28 43 83 40 18 99 9 32 92 94 45 53 64 93 96 94 61 26 55 64 83 66 11 96 32 18 6 13 64 29 43 22 59 19 14 75 54 75 6 84 70 13 72 4 35 29 1 95 90 62 74 
58 73 89 34 24 7 52 82 20 31 21 81 70 0 78 48 63 13 85 27 84 89 74 98 43 54 72 99 62 80 29 19 15 61 67 6 88 46 88 85 50 68 90 96 97 43 15 74 57 36 56 62 23 15 51 35 79 91 63 28 27 26 52 54 81 51 46 55 66 48 87 43 16 27 85 80 38 14 47 90 72 64 73 82 18 82 3 61 51 22 51 36 16 96 32 10 
62 78 21 50 4 37 79 82 79 66 19 14 69 85 96 20 86 38 39 53 80 52 54 49 5 85 23 75 89 21 8 71 86 8 85 55 87 94 93 40 67 64 62 87 17 32 47 29 12 32 9 44 78 22 54 5 45 76 57 39 88 17 97 58 13 86 4 68 79 95 83 57 55 90 23 75 74 86 45 77 24 10 57 65 5 19 7 4 1 31 40 58 77 4 94 79 
56 12 87 5 64 66 14 13 71 59 33 41 97 84 58 22 28 25 31 17 48 60 53 49 82 77 46 85 49 71 97 57 87 84 71 14 97 96 84 18 41 35 45 59 49 71 11 52 66 38 21 21 12 71 39 33 91 48 2 93 78 39 54 87 64 56 22 4 98 20 36 6 63 47 5 65 90 69 91 29 69 82 95 74 41 42 9 95 12 44 91 93 73 66 52 58 
17 98 8 32 16 34 75 88 29 73 70 85 72 94 50 19 9 63 87 31 13 50 92 49 15 17 99 8 30 12 46 88 44 80 57 62 49 81 3 78 71 52 44 41 76 73 1 10 68 47 83 68 37 71 81 81 81 46 28 38 8 74 66 11 89 94 97 1 7 66 23 61 87 79 27 28 21 44 57 10 75 26 64 44 7 94 83 62 62 8 18 3 19 71 76 66 
99 74 53 19 7 33 80 65 5 34 46 90 49 88 22 84 22 61 36 63 16 49 17 57 39 21 61 35 37 20 11 43 21 71 70 75 98 5 80 5 38 69 71 75 0 83 27 21 61 79 32 73 70 47 27 65 59 34 61 35 8 59 94 90 2 95 83 34 43 10 64 48 6 13 7 33 38 49 87 25 71 97 47 7 74 37 84 35 82 13 90 62 76 41 32 35 
91 69 80 24 84 43 34 55 31 7 66 83 72 23 6 18 33 97 52 56 67 49 56 68 19 92 36 21 13 11 8 29 77 11 62 98 50 90 57 65 11 9 52 33 37 36 8 96 9 17 42 46 40 8 22 46 32 21 71 69 72 63 16 99 83 62 84 50 32 21 6 97 86 13 52 87 80 84 30 75 46 37 4 83 39 6 55 4 28 64 6 74 0 26 37 92 
20 96 10 89 49 28 92 30 83 13 10 4 56 51 52 41 24 23 33 7 1 20 99 2 6 48 52 45 2 3 12 85 4 9 8 51 11 4 49 77 97 51 86 47 26 29 55 28 29 4 59 73 83 74 54 19 13 40 90 73 48 78 51 66 99 47 21 98 97 55 96 52 30 86 58 78 26 24 97 41 78 80 3 41 61 37 4 42 6 16 62 15 21 55 36 69 
0 57 99 96 33 3 52 76 24 71 4 93 26 54 64 49 55 36 60 32 59 28 57 35 18 66 96 84 58 84 33 61 39 14 40 56 20 61 11 37 8 81 97 48 73 80 47 13 89 43 14 82 92 35 30 67 1 19 3 94 11 27 69 89 25 53 45 44 76 83 88 57 27 76 90 7 97 6 6 78 82 18 58 85 65 59 38 96 54 81 52 34 50 81 42 85 
5 69 19 84 8 99 76 28 34 41 75 36 11 59 37 88 3 21 62 69 97 45 34 58 68 23 73 45 62 27 66 29 19 92 38 52 46 30 97 77 62 90 68 66 19 0 37 98 87 51 68 39 71 48 66 0 44 49 29 44 37 95 51 15 16 19 65 31 87 38 6 24 79 46 6 38 22 94 32 80 84 95 98 38 20 54 91 57 89 3 56 58 23 25 77 78 
64 19 81 16 66 7 46 56 94 3 26 83 93 51 69 48 10 49 60 93 39 52 29 64 37 94 77 53 41 46 84 92 79 83 50 30 43 71 44 95 98 43 55 59 84 76 77 32 1 95 26 22 12 4 31 55 84 27 79 63 65 28 35 42 59 90 48 66 61 8 10 95 91 25 92 65 48 14 68 94 0 64 21 58 76 88 19 14 60 61 81 15 5 35 84 98 
27 44 85 81 51 65 99 59 30 96 12 15 40 8 62 14 62 10 35 8 49 63 14 50 24 98 90 27 4 22 10 15 72 18 31 34 64 52 28 18 77 26 81 78 4 70 92 85 82 83 75 82 53 99 57 14 73 67 41 9 4 15 11 8 41 56 80 42 37 52 53 4 92 91 52 28 82 42 58 47 52 23 12 57 92 36 57 58 33 45 3 64 9 39 84 46 
30 39 97 72 56 58 54 75 39 92 15 56 11 91 65 18 72 61 6 19 47 26 35 22 12 14 55 79 77 76 40 89 60 20 57 92 44 93 77 26 24 79 97 73 12 77 81 2 73 51 86 96 63 59 69 35 18 9 41 53 73 86 38 18 44 65 55 26 55 64 45 8 45 11 91 60 66 66 24 71 85 55 74 46 95 64 76 44 99 95 9 66 95 31 42 1 
3 19 63 4 64 33 85 42 19 77 71 11 54 20 22 97 63 94 17 76 72 36 17 64 81 66 5 72 71 71 72 87 55 82 57 23 39 10 54 64 53 62 23 39 45 16 24 92 88 33 22 41 83 26 4 70 26 77 18 68 70 48 46 20 14 30 8 61 84 84 60 41 1 80 6 34 80 50 49 68 89 66 27 7 30 35 71 86 31 7 65 23 14 48 56 24 
0 90 85 63 1 70 6 35 32 84 51 46 45 1 65 54 62 76 51 38 81 76 77 30 70 60 89 4 18 30 8 39 5 80 61 29 80 38 11 83 58 60 54 43 78 43 91 46 13 22 6 99 9 14 78 94 99 53 36 40 79 57 16 37 48 15 19 47 4 10 86 63 47 69 12 9 66 59 66 86 11 97 55 66 2 64 13 47 66 66 98 70 37 71 29 64 
0 58 62 21 34 66 45 3 17 82 28 59 1 37 33 41 94 47 90 42 17 84 51 5 89 91 71 83 10 49 17 26 36 28 72 95 37 39 38 67 30 10 64 50 9 90 39 29 68 85 17 71 3 47 53 62 71 30 58 32 91 5 71 7 18 24 45 77 50 99 75 48 55 15 80 27 79 54 14 35 59 89 28 12 73 9 28 19 19 66 46 7 60 10 43 83 
15 81 27 7 56 6 7 86 82 76 24 49 17 83 30 56 70 96 29 59 15 2 71 97 91 17 13 13 69 58 13 39 80 59 27 2 24 12 37 78 23 26 31 19 24 72 75 48 15 87 10 18 51 38 10 44 42 67 44 26 6 32 61 77 25 87 51 52 18 23 10 45 44 1 11 45 8 82 86 15 51 76 80 0 91 36 97 59 15 45 73 74 28 74 20 56 
8 65 82 33 2 50 17 49 64 82 6 44 93 59 91 56 60 30 49 66 85 11 45 95 94 33 66 54 64 85 27 55 45 54 83 26 34 60 33 68 37 30 48 94 37 12 57 40 22 15 75 99 85 42 58 72 87 38 58 43 3 85 52 13 98 14 51 16 80 17 74 44 52 99 50 47 51 41 8 27 12 10 71 31 18 57 43 6 39 7 86 96 43 2 3 13 
72 68 99 30 88 32 87 11 56 67 95 37 27 32 49 47 41 50 60 63 8 94 21 77 46 96 62 32 12 29 12 8 77 39 10 70 42 40 6 6 12 28 37 77 46 81 66 94 61 89 45 45 49 15 23 44 89 38 35 25 54 51 23 15 69 10 72 69 8 2 12 94 41 31 36 13 15 43 26 50 91 81 95 84 36 16 91 21 53 48 52 96 67 34 61 53 
47 82 88 93 69 0 54 15 3 11 94 79 42 87 20 42 78 5 53 68 12 91 97 66 22 5 27 7 84 6 39 76 21 90 57 88 27 25 8 22 8 80 88 59 57 88 54 53 81 19 98 66 84 26 37 44 57 35 0 18 32 89 27 69 38 90 47 30 38 14 37 82 77 37 28 51 45 86 96 48 98 4 93 19 73 97 8 72 25 18 74 83 9 19 88 26 
7 7 93 25 86 50 54 12 58 95 96 21 6 16 34 1 52 94 76 68 76 96 93 83 25 94 28 86 80 96 27 26 96 48 41 62 89 87 28 41 28 98 43 65 14 67 52 6 91 99 70 47 17 4 48 48 23 52 97 80 81 30 80 96 4 60 62 89 79 38 67 42 87 31 65 80 14 45 79 15 3 98 29 95 90 21 97 42 67 56 75 26 38 11 69 94 
5 93 77 76 73 64 20 39 8 18 50 30 30 7 64 3 13 29 9 9 10 66 7 11 94 22 2 22 80 82 49 60 8 97 72 69 41 52 95 8 83 11 66 54 79 99 71 21 95 85 58 83 31 22 57 58 13 18 65 46 6 74 21 20 29 79 62 40 39 49 46 92 23 54 84 54 19 36 15 58 3 69 80 11 93 79 51 35 79 16 73 25 64 19 49 51 
17 92 83 8 94 87 13 73 25 92 90 84 69 6 23 31 42 15 99 75 4 49 64 3 80 87 62 82 27 17 98 71 63 96 82 16 1 66 62 77 42 1 76 42 73 20 44 88 0 21 83 9 3 61 10 67 80 86 0 11 60 77 23 31 99 52 58 40 33 90 7 41 85 81 76 3 40 60 36 67 90 68 31 81 27 73 28 76 82 64 24 97 91 26 82 89 
22 0 93 41 46 94 90 41 81 84 49 45 23 6 39 78 1 26 10 15 85 30 11 90 60 47 35 9 72 89 32 14 80 33 2 25 31 99 48 13 45 91 74 30 10 16 39 15 88 47 31 7 6 84 99 36 18 10 12 58 31 9 82 5 90 57 59 90 92 36 42 17 87 83 30 17 78 43 86 98 86 85 64 43 9 60 44 31 80 76 32 82 92 85 12 30 
25 78 75 13 77 66 19 13 16 95 32 34 90 50 32 49 7 19 20 86 41 12 5 97 33 33 44 85 32 4 55 49 87 80 49 73 83 8 78 73 95 96 63 94 93 61 16 54 98 58 48 97 55 25 56 20 94 13 51 42 66 13 18 15 32 4 15 54 18 98 66 25 74 60 57 90 95 16 19 34 88 43 84 27 21 58 55 10 9 39 15 51 34 94 33 1 
99 43 38 99 30 80 1 85 76 21 42 17 53 77 18 71 99 54 34 91 42 53 59 2 0 20 97 49 95 7 91 8 28 89 92 1 40 87 99 90 4 92 35 2 47 15 60 60 57 96 80 75 18 9 58 60 87 13 35 84 99 19 87 76 88 3 71 17 5 14 28 20 35 66 31 14 81 62 94 97 89 3 32 39 91 92 64 6 43 86 25 82 5 73 97 34 
9 93 27 25 33 4 31 36 92 22 70 64 20 16 15 49 54 28 39 3 7 60 27 20 0 92 62 31 82 32 60 59 63 46 66 38 21 27 47 35 91 75 64 6 26 56 59 27 38 3 10 45 34 62 37 23 14 87 55 68 21 92 61 69 10 21 68 53 81 59 75 78 7 83 2 15 32 66 4 92 47 52 32 50 88 77 35 53 66 84 19 83 87 21 66 72 
31 25 60 7 21 61 19 97 80 74 72 54 71 71 65 77 48 42 46 17 42 93 88 45 76 52 63 40 14 11 39 44 60 69 93 94 9 63 78 95 89 20 12 65 1 14 8 99 66 99 48 58 48 87 8 87 19 39 95 76 64 84 13 56 73 98 56 33 56 67 51 15 22 22 33 1 7 40 58 9 49 82 29 29 95 13 84 97 35 54 95 31 11 19 58 8 
38 21 28 78 97 65 42 27 20 37 87 43 97 67 88 55 32 37 57 49 60 16 85 63 10 30 51 6 22 73 55 7 33 0 65 31 8 69 78 36 68 67 78 64 50 25 15 33 34 54 72 31 59 89 78 95 32 51 29 60 75 98 25 38 55 94 5 27 14 37 77 28 80 46 5 22 31 84 68 28 90 52 9 57 53 79 11 64 93 92 3 17 70 30 48 19 
13 99 45 80 89 25 45 49 81 65 70 14 53 68 66 43 3 96 18 86 71 47 26 32 64 85 99 56 79 81 12 59 20 1 23 99 5 62 69 84 68 48 73 81 83 24 96 22 19 24 82 37 67 67 73 98 24 76 11 4 25 64 46 1 45 62 46 23 18 32 18 91 4 75 92 21 12 83 25 57 63 92 61 17 26 87 63 27 74 74 22 62 13 63 64 19 
49 53 58 97 43 23 57 44 95 49 1 25 98 31 92 65 19 12 25 40 68 85 45 10 64 84 37 75 13 35 97 98 55 33 66 66 16 96 41 37 36 9 21 30 8 15 89 65 54 20 38 96 19 33 9 47 83 1 90 69 30 98 23 54 83 59 80 27 8 10 78 4 52 26 50 79 89 53 62 4 25 13 61 11 72 61 52 94 31 90 91 7 8 67 73 80 
16 40 7 89 62 34 74 25 90 28 36 21 31 77 87 36 16 97 65 10 31 25 53 93 9 88 45 5 36 97 39 26 61 54 14 80 51 26 98 52 67 17 77 5 47 90 88 91 77 59 66 47 76 70 92 29 41 64 81 68 75 18 24 57 52 9 90 4 75 98 37 56 5 65 47 64 0 61 43 20 98 69 69 67 84 79 3 2 23 24 84 71 59 75 54 0 
64 41 35 65 86 61 27 55 93 13 34 94 95 49 99 55 53 20 67 21 12 37 74 17 64 81 62 49 40 20 3 76 10 55 37 30 17 70 50 66 6 47 45 91 0 40 5 40 92 80 41 87 13 56 32 90 57 7 22 91 56 62 18 69 6 86 0 94 75 99 11 63 89 97 69 66 38 91 44 70 23 86 25 11 51 0 28 31 86 94 61 63 58 52 3 5 
65 39 87 60 82 34 18 68 57 62 90 78 85 69 40 76 29 31 50 32 64 64 27 43 1 54 81 89 93 71 42 15 40 36 0 50 17 91 19 39 27 94 51 35 15 81 2 73 79 0 8 11 51 31 0 87 70 56 29 14 97 25 9 68 8 76 43 76 58 70 31 52 18 98 74 99 12 68 58 25 14 25 78 1 59 34 63 12 7 59 83 98 45 89 25 29 
35 32 71 73 64 19 16 22 12 30 57 0 92 71 52 32 54 84 25 68 65 21 51 18 2 5 41 72 15 67 52 10 19 5 77 25 88 53 16 86 51 17 35 16 47 55 94 79 55 53 7 5 16 5 27 79 58 10 95 1 26 76 60 78 23 84 93 20 54 79 44 82 52 17 96 55 11 9 51 54 77 59 51 31 42 58 77 14 64 80 89 98 14 45 51 6 
97 31 53 89 20 85 62 66 94 90 29 25 50 89 40 11 23 72 21 45 86 1 65 42 44 7 10 21 84 78 33 89 63 92 87 87 97 71 70 8 0 19 53 18 44 69 34 5 72 19 21 78 74 82 80 75 38 10 58 58 89 66 71 27 74 74 84 72 63 73 79 12 31 50 85 37 41 55 18 33 82 7 90 61 8 71 26 31 34 15 49 40 69 54 97 56 
61 68 83 33 81 84 56 3 24 58 80 32 32 97 43 63 8 14 73 81 78 17 15 97 52 35 39 48 24 79 99 6 58 78 12 74 98 14 62 34 56 85 96 60 80 92 40 93 31 24 85 67 30 59 48 92 39 32 41 40 19 11 56 3 83 38 77 4 54 27 57 53 58 64 65 52 1 88 28 3 54 86 37 9 76 47 38 66 38 78 33 69 43 41 81 10 
87 91 7 59 75 19 33 28 20 11 81 80 84 9 36 22 11 9 82 45 18 74 59 47 54 37 36 49 35 64 2 10 11 50 5 18 93 12 19 12 11 90 78 72 53 70 5 57 28 59 31 44 18 46 33 9 60 83 87 34 16 18 28 79 55 15 15 7 53 56 89 49 24 62 56 76 37 88 1 89 65 20 26 50 2 63 27 48 77 9 87 70 97 43 61 84 
76 77 67 63 52 1 14 27 29 57 0 13 71 5 61 79 50 17 20 0 87 62 93 48 17 92 66 95 98 1 73 39 3 65 43 97 95 53 23 54 71 13 4 74 74 72 79 83 53 50 50 14 68 76 25 14 52 44 30 77 7 61 79 78 38 86 79 34 61 41 4 13 59 43 33 76 4 10 62 14 6 0 40 52 81 15 34 90 76 35 54 63 26 27 93 21 
81 57 10 73 82 33 51 99 79 9 62 33 20 45 10 48 21 43 55 60 50 11 68 12 11 98 52 51 7 93 87 99 15 93 28 96 49 16 63 21 66 62 17 27 39 63 65 82 73 58 64 20 64 55 75 97 65 66 9 45 57 95 40 96 67 65 32 62 15 79 19 10 38 62 49 81 21 35 33 88 69 96 43 29 45 15 30 89 61 85 41 46 65 84 38 52 
59 62 59 70 89 77 83 4 43 62 70 95 43 68 74 34 90 31 82 30 66 75 26 80 8 50 21 49 17 45 90 13 9 19 16 35 18 29 51 6 77 38 52 81 81 23 65 9 71 19 65 61 66 65 52 67 92 19 85 26 34 20 10 47 8 67 21 12 72 66 41 33 32 89 21 27 40 77 76 62 51 99 63 33 26 95 10 72 17 41 55 36 85 95 71 22 
84 17 27 68 15 32 38 4 5 59 11 89 83 7 66 94 95 49 85 67 39 29 52 84 70 40 41 49 83 44 44 55 35 69 35 71 27 72 72 76 71 71 69 93 90 29 39 67 21 18 53 85 45 38 49 98 28 73 41 94 49 19 36 46 79 94 46 14 59 9 28 98 67 85 0 12 55 41 40 21 10 85 59 19 67 22 69 93 21 3 59 61 69 79 96 95 
13 65 63 73 12 93 61 17 56 63 68 37 40 7 4 73 59 14 31 40 46 35 97 26 65 25 57 81 26 93 2 65 90 88 81 33 80 44 17 33 29 43 72 43 73 95 59 13 38 54 64 17 96 27 6 40 52 1 79 26 25 68 49 15 85 84 47 27 29 32 17 67 39 19 8 12 9 60 65 86 95 73 76 60 33 15 5 81 81 45 78 94 57 23 94 14 
51 7 4 43 81 40 97 25 2 14 25 71 67 75 84 26 20 14 27 66 69 38 26 54 28 42 65 34 93 6 29 4 57 40 37 73 23 0 35 77 14 35 8 52 24 41 37 64 22 5 86 17 49 3 44 92 65 65 42 56 1 56 4 80 38 98 44 65 51 62 37 44 79 8 58 2 47 14 98 64 80 59 21 95 57 21 98 43 29 31 52 9 69 22 78 72 
50 33 26 57 72 20 6 41 33 85 63 56 69 98 36 18 9 6 80 23 1 32 98 89 95 24 11 53 18 28 7 41 35 11 26 48 96 41 96 40 6 23 30 16 42 34 98 60 58 55 18 72 50 33 23 60 65 59 74 7 79 85 67 27 83 40 90 47 19 57 43 91 90 92 3 54 57 95 99 88 83 65 57 27 6 2 32 21 33 51 35 73 3 0 38 62 
52 31 66 16 32 96 78 98 57 9 14 46 90 46 18 0 66 77 14 43 85 16 27 8 36 94 82 46 82 86 94 10 49 43 46 79 14 49 9 18 12 36 75 96 78 35 94 47 22 35 60 45 19 47 59 32 47 71 27 60 35 66 24 56 31 69 48 74 25 9 39 59 7 58 66 99 4 49 26 75 17 72 44 31 35 68 13 93 1 14 4 82 60 88 54 4 
95 84 59 79 52 32 49 61 16 43 79 68 73 64 48 29 11 65 85 77 59 61 84 60 59 42 63 70 10 48 77 59 56 73 6 48 89 88 50 96 33 66 2 13 24 77 91 57 41 16 32 55 17 82 98 94 62 45 80 47 34 97 98 84 61 89 88 77 1 87 4 71 90 64 40 82 63 36 78 75 98 0 42 79 52 13 47 62 56 80 88 76 28 1 79 2 
74 5 7 84 85 83 5 17 36 82 23 15 11 17 73 14 70 60 90 79 59 80 38 10 29 0 20 79 55 14 88 64 16 88 15 52 69 80 70 78 0 21 78 15 69 71 55 53 6 59 19 65 49 67 51 13 51 13 8 46 83 19 62 57 13 2 39 51 69 8 12 55 95 31 15 39 60 78 52 60 94 37 33 33 11 98 21 62 40 17 49 0 74 31 51 48 
41 41 56 68 99 57 57 65 19 94 57 28 74 95 18 46 57 99 60 29 19 14 30 4 28 15 76 97 73 74 27 90 90 82 18 49 44 4 13 52 97 76 87 57 27 44 41 27 74 55 90 31 44 36 98 87 46 31 18 57 4 74 35 35 88 47 67 11 38 57 52 96 52 99 93 3 85 42 87 85 56 26 97 50 29 89 24 23 1 48 21 49 3 47 50 82 
16 18 86 3 3 38 10 70 4 18 23 2 25 27 61 24 15 82 92 25 35 32 84 66 89 83 22 31 73 17 74 68 57 53 39 72 89 31 60 22 93 27 90 20 97 21 83 73 84 73 0 81 19 86 21 10 72 10 36 51 82 89 5 76 14 58 60 94 50 62 93 56 43 40 64 45 39 33 44 78 25 73 73 84 91 28 93 51 87 5 33 3 41 75 61 17 
51 3 72 56 40 29 67 25 45 47 81 7 80 34 60 63 51 10 44 30 23 46 63 12 32 77 77 26 34 34 75 49 65 54 9 9 95 21 57 72 99 82 49 48 45 82 81 9 82 48 14 94 27 15 36 56 15 94 92 8 8 12 87 78 79 37 9 52 65 83 13 8 7 45 31 13 79 87 25 62 38 40 16 26 59 34 67 68 23 41 58 56 35 44 83 20 
55 38 73 14 59 49 69 65 88 63 53 13 47 53 92 24 64 16 8 29 85 17 78 26 60 70 3 53 56 70 78 55 53 95 82 3 79 20 66 88 32 92 2 86 89 39 99 89 91 44 73 27 37 72 56 42 66 56 93 33 60 70 67 35 26 12 4 67 17 87 3 54 85 11 7 86 37 71 72 42 3 92 11 52 19 53 81 67 22 4 57 96 62 22 75 61 
41 27 40 78 16 31 72 50 44 24 22 15 6 57 84 82 64 24 38 64 72 95 46 60 76 33 29 77 88 63 16 65 82 62 81 41 35 39 76 3 40 44 78 18 43 86 60 70 69 98 2 62 71 20 54 33 14 0 47 60 5 47 39 11 40 98 26 3 64 43 93 52 14 26 67 95 5 92 30 32 82 83 96 97 69 69 93 53 76 59 86 79 0 94 78 34 
85 99 12 33 56 0 31 16 16 21 5 38 12 90 52 77 97 26 50 12 46 62 88 65 46 97 32 36 56 0 54 15 74 82 55 42 49 59 45 71 91 9 73 33 60 67 7 23 13 23 99 25 18 20 87 16 63 46 22 86 35 74 63 94 2 50 44 28 38 96 28 88 60 53 27 11 91 7 91 43 45 52 34 58 27 21 73 7 41 16 17 99 51 12 47 33 
83 6 10 95 53 71 62 86 14 30 61 77 0 83 26 69 72 65 44 69 48 41 33 34 54 45 48 80 41 75 51 13 31 11 90 90 47 7 61 5 49 1 13 14 97 36 65 96 29 21 33 5 75 34 29 68 44 90 56 13 60 74 95 45 63 44 1 57 38 68 17 78 4 37 81 63 90 45 67 33 68 62 67 1 80 12 17 91 48 30 79 36 90 55 20 69 
34 54 61 0 73 47 30 67 37 28 59 77 40 45 33 28 83 80 2 77 3 89 76 46 7 28 12 81 56 76 3 94 34 70 40 52 35 49 64 42 35 63 43 38 96 32 52 59 4 45 30 25 65 19 65 5 45 18 17 53 44 16 15 43 15 74 80 66 60 95 75 4 6 14 78 78 50 33 78 51 74 91 64 18 90 16 28 49 63 97 35 95 14 37 78 68 
15 3 13 8 72 51 21 57 52 7 71 78 63 26 24 41 77 87 69 12 80 24 68 55 51 0 18 71 29 65 22 21 31 34 54 66 69 36 91 17 70 33 6 12 48 36 94 52 14 53 94 84 54 37 56 95 62 87 47 49 24 84 3 75 55 80 4 25 78 45 6 97 61 9 86 63 69 8 9 93 58 27 6 64 91 89 73 83 31 51 76 6 62 36 11 29 
18 56 79 79 97 4 8 21 74 53 95 95 95 20 28 55 74 37 19 74 11 37 70 64 69 80 68 49 41 83 5 26 47 93 92 24 7 76 56 0 65 19 94 54 9 95 98 37 89 46 78 93 93 67 59 60 16 51 85 1 98 28 2 87 42 48 93 8 93 22 61 85 45 67 45 98 53 91 4 89 77 29 43 21 63 66 97 30 83 23 20 79 31 72 87 92 
88 9 20 29 9 66 22 27 92 81 34 0 33 3 92 95 0 32 51 61 40 92 17 0 44 10 75 13 19 83 80 24 17 72 51 80 36 10 67 65 82 81 29 72 29 32 29 99 54 27 6 77 0 70 21 60 76 94 30 18 41 2 52 20 97 47 55 1 82 71 14 59 50 19 1 81 59 0 73 83 63 30 54 74 37 97 0 52 96 56 51 67 24 62 59 41 
22 50 41 70 12 67 23 53 20 61 88 81 95 62 37 6 22 49 89 48 65 3 6 96 93 1 42 52 35 74 68 51 93 6 27 47 86 28 64 25 8 33 97 7 35 29 79 69 28 27 45 36 65 93 71 57 28 11 78 80 16 66 61 37 30 54 53 99 86 3 59 85 48 34 84 91 56 52 13 78 48 98 65 66 71 35 60 25 31 61 3 16 44 19 88 90 
59 66 62 34 59 7 80 29 31 8 40 30 29 90 39 22 96 52 65 63 40 20 69 88 98 28 52 73 53 55 10 59 20 63 11 67 97 53 64 78 88 8 42 24 18 80 96 13 72 35 77 39 13 48 54 2 16 44 97 2 15 39 57 97 13 54 31 91 83 39 34 82 48 80 47 75 69 70 29 10 69 65 98 38 31 46 98 53 27 7 8 84 58 16 43 38 
41 36 10 78 94 72 66 61 60 3 49 62 28 88 92 90 3 7 81 57 52 19 11 84 68 87 9 66 53 64 52 30 50 92 48 66 57 82 94 73 12 75 16 98 83 9 74 68 43 90 6 38 71 22 43 91 29 73 45 82 16 41 81 55 87 73 17 1 25 53 30 78 69 15 73 97 15 65 50 38 98 99 73 56 37 68 28 50 7 62 34 20 10 38 7 54 
55 55 57 83 0 3 43 42 97 27 23 29 54 28 85 89 78 15 27 44 84 84 49 40 2 40 17 54 45 98 49 44 84 56 94 82 85 9 56 97 57 73 15 52 63 60 2 53 97 15 99 32 69 10 94 73 27 14 9 46 71 48 8 54 11 71 73 64 98 7 4 58 66 46 18 86 44 96 57 16 66 74 6 98 9 79 54 46 32 17 94 35 57 37 27 18 
55 43 22 92 74 45 57 21 9 4 74 41 95 83 14 24 84 2 72 96 12 12 19 51 81 40 67 84 40 41 43 81 18 28 70 46 6 61 42 83 45 46 7 7 39 34 29 22 84 72 98 76 75 0 74 71 77 0 20 52 69 76 14 95 95 20 25 24 71 42 80 95 61 45 1 63 53 76 55 7 80 48 97 37 39 21 94 40 1 20 1 97 30 17 27 63 
83 51 27 76 93 13 42 57 93 17 12 84 87 2 86 34 65 18 27 3 1 77 97 13 55 50 98 83 66 23 20 12 18 40 27 30 88 44 4 75 34 71 61 10 31 71 16 55 83 57 22 16 61 3 95 55 36 91 73 3 67 32 63 22 81 69 23 99 23 81 14 95 20 33 84 97 66 33 20 67 24 36 57 85 80 57 0 31 44 57 34 64 9 86 84 54 
88 94 75 9 58 82 9 3 55 44 5 68 29 77 89 3 72 29 67 44 17 86 47 61 33 6 27 67 37 95 51 58 37 82 44 3 16 97 43 66 51 44 59 35 44 55 27 40 12 72 90 81 72 39 80 36 64 81 90 68 39 21 74 7 5 5 40 49 6 80 69 62 59 34 52 2 40 52 54 33 74 12 94 38 54 76 55 83 54 62 75 60 3 64 89 40 
95 24 96 24 44 51 28 89 35 20 32 28 27 59 51 78 92 81 78 25 85 78 87 98 2 21 65 32 64 21 19 12 23 63 70 43 16 5 16 45 47 22 96 94 6 75 86 40 6 16 22 96 4 48 14 54 16 94 71 15 63 83 40 97 85 11 83 62 70 28 27 94 22 30 68 4 15 20 94 3 43 51 83 37 59 68 80 61 59 29 81 0 87 70 43 89 
57 5 51 56 34 75 11 48 38 4 83 6 67 93 84 99 14 53 79 53 32 95 32 75 73 91 47 29 98 99 27 89 52 1 36 99 21 55 75 35 49 57 17 22 83 25 73 61 88 31 22 21 63 73 75 55 70 66 38 44 50 71 41 94 24 22 72 13 0 14 94 24 87 45 87 95 92 91 86 96 39 24 60 84 10 74 49 58 43 0 43 61 71 99 15 68 
5 10 55 10 0 14 34 18 78 33 98 91 13 14 36 51 81 89 49 27 71 66 65 78 39 78 25 65 15 33 50 6 67 82 16 34 89 81 81 84 59 62 62 33 35 80 83 60 13 7 48 27 33 4 73 90 94 82 9 74 88 84 31 60 47 32 54 15 12 72 79 8 57 35 91 0 4 56 27 83 24 92 81 78 53 96 96 18 29 44 30 8 20 83 48 50 
96 44 80 61 84 39 51 15 58 47 30 59 65 34 3 0 81 56 37 24 65 81 46 22 45 45 8 47 55 26 5 62 16 41 41 0 32 88 38 97 23 31 55 28 72 30 97 7 18 0 68 63 11 98 87 74 59 60 99 95 0 92 2 20 3 23 99 20 52 15 15 52 19 39 60 11 94 80 67 71 21 20 24 72 50 45 37 8 13 27 89 87 9 96 76 56 
60 83 30 23 86 74 2 56 39 11 3 21 46 34 35 20 15 52 11 97 31 89 54 98 97 61 68 84 90 16 81 21 28 51 37 87 22 15 72 60 17 38 98 85 75 15 2 16 20 43 80 2 33 2 44 82 7 46 49 41 50 12 46 45 86 64 15 73 85 25 62 34 99 32 98 15 33 85 5 93 39 28 5 21 3 81 67 84 41 8 91 93 75 65 89 17 
64 30 93 18 12 0 41 25 50 94 57 83 47 85 31 93 22 2 49 98 33 18 61 61 72 87 60 95 87 81 83 34 6 94 37 65 18 7 21 38 66 44 74 60 15 84 88 22 53 90 14 36 14 43 31 14 11 47 77 83 86 63 47 64 1 13 67 79 79 41 62 33 51 78 75 16 23 31 59 76 71 2 42 43 70 40 28 18 54 22 3 72 47 3 57 87 
0 16 73 30 59 82 42 2 62 12 8 64 46 69 46 88 64 20 9 29 39 45 21 68 84 70 74 58 32 2 65 0 3 2 30 6 90 3 44 6 51 59 66 5 99 19 67 56 91 58 91 74 56 18 65 19 31 30 96 16 66 33 82 50 10 14 26 36 38 38 42 83 23 73 51 76 45 1 68 89 12 87 17 86 88 85 26 0 89 70 42 40 75 32 64 8 
61 89 16 57 67 96 69 0 39 0 46 79 20 8 2 16 11 21 27 24 43 5 69 0 25 7 31 93 10 58 93 81 84 75 15 31 22 26 82 32 35 6 65 23 38 25 48 41 8 40 72 8 16 15 5 98 36 49 3 26 47 94 41 3 94 65 26 12 9 72 2 1 36 36 8 28 45 14 89 2 98 54 66 20 25 51 21 96 77 95 93 16 30 4 12 61 
2 29 44 32 79 18 3 84 35 66 29 82 16 87 64 14 71 32 27 6 73 5 96 58 9 72 24 34 67 31 69 33 31 77 40 69 26 32 53 94 94 59 54 7 6 48 20 26 48 29 27 66 33 72 81 15 2 86 85 6 61 14 35 37 57 7 4 7 60 88 3 27 81 34 96 3 4 22 18 50 29 86 12 31 22 87 19 21 92 32 49 65 73 75 83 29 
3 1 14 46 49 67 67 90 98 9 30 92 34 44 97 3 3 98 39 55 21 35 30 7 78 50 96 79 36 10 64 48 44 30 39 7 10 23 34 87 46 80 1 13 1 23 97 97 23 56 81 57 38 63 41 98 66 38 46 10 67 5 71 4 15 70 55 25 75 15 79 31 19 65 14 51 26 73 88 57 67 60 68 85 40 88 95 44 40 46 46 20 22 77 27 4 
1 26 60 30 64 19 90 41 84 77 44 14 87 62 80 79 95 28 19 59 8 92 61 47 99 85 50 27 19 80 28 82 82 95 28 59 58 14 82 66 7 74 83 89 61 51 83 55 51 65 89 79 97 73 5 60 82 80 6 73 16 26 58 65 80 59 27 21 84 74 82 51 84 15 1 24 24 57 44 4 11 79 54 0 68 36 50 51 33 60 22 12 26 68 2 96 
35 79 5 57 70 43 95 31 24 70 50 94 25 94 95 77 63 68 22 68 85 38 96 55 21 96 82 56 21 79 64 68 74 77 41 64 3 15 47 74 48 89 96 16 36 55 66 24 77 45 26 63 46 80 95 72 44 60 2 35 48 4 50 90 53 3 44 94 79 48 34 25 39 6 22 60 98 42 36 60 93 56 54 66 35 51 27 87 61 37 84 35 18 97 20 31 
65 38 93 69 77 22 76 85 59 35 82 79 83 92 72 50 17 72 13 56 9 99 65 13 79 87 17 88 22 96 51 47 59 51 12 57 24 28 87 53 77 53 8 91 26 68 21 13 67 51 59 8 65 35 85 78 16 49 67 21 0 58 4 41 91 82 92 80 90 62 49 41 96 41 17 90 87 60 68 46 94 14 84 22 6 30 73 15 0 68 59 10 91 19 92 5 
80 7 43 64 24 70 79 59 36 61 3 8 4 91 86 86 67 82 85 54 53 38 12 72 5 33 84 22 29 11 87 32 8 74 73 98 2 13 96 64 41 28 47 33 36 15 85 10 42 19 64 25 81 5 11 37 60 41 7 41 54 91 66 25 32 95 85 49 59 92 0 19 7 76 22 85 51 19 53 33 79 64 63 33 92 37 61 65 23 59 83 66 4 48 38 45 
39 17 65 70 43 3 43 10 81 78 67 60 45 75 51 86 46 16 58 90 43 84 20 24 0 88 6 5 27 89 41 77 15 58 63 79 91 2 74 6 92 3 16 65 23 14 17 25 78 57 93 6 76 59 41 82 11 97 18 8 89 18 79 64 80 16 51 70 97 87 2 52 6 56 58 92 23 85 94 69 57 17 75 17 73 95 36 8 65 6 6 33 92 9 81 20 
30 42 63 68 96 86 8 86 23 92 23 66 28 40 65 33 6 38 24 51 10 61 51 85 88 47 11 84 27 85 54 86 40 60 86 52 0 25 3 87 88 13 68 69 6 5 93 15 67 9 85 45 46 71 53 23 47 36 67 46 54 77 63 3 40 7 57 48 87 48 79 66 17 81 85 41 25 22 61 3 99 32 58 90 20 50 49 94 33 14 93 81 68 82 26 53 
55 61 3 66 15 85 74 38 4 56 97 9 72 40 29 99 12 98 42 60 89 43 12 26 54 62 25 0 61 66 37 51 23 40 62 44 5 76 96 19 19 34 78 89 53 13 79 22 37 13 38 1 43 49 31 66 3 51 61 85 35 19 16 6 78 14 74 61 17 26 31 10 67 97 28 89 46 18 17 36 76 23 80 45 12 93 84 21 68 49 87 2 99 44 92 60 
85 37 11 58 15 62 29 5 68 2 43 32 43 10 5 59 64 50 62 15 67 84 74 91 45 9 5 25 81 29 80 70 69 1 10 58 83 24 15 97 28 89 47 65 33 1 13 51 50 56 23 90 9 87 85 56 36 82 42 41 39 39 92 37 42 10 36 31 24 73 85 73 63 46 59 85 43 77 40 43 98 43 88 72 34 99 83 57 19 63 97 82 80 50 47 52 
63 71 96 78 30 71 55 98 31 78 48 13 65 61 11 85 2 8 37 83 45 99 33 20 46 91 55 60 4 42 44 32 52 43 83 26 17 46 56 86 70 61 74 5 26 35 15 38 23 20 49 33 42 27 8 69 95 59 79 78 13 38 68 75 74 71 67 40 18 72 67 5 68 29 91 62 54 76 6 92 20 89 61 94 3 37 52 26 53 10 17 14 92 75 11 15 
33 24 23 77 64 66 84 26 90 15 62 76 25 23 28 6 62 2 13 34 45 79 15 39 15 97 65 94 27 37 11 78 62 48 57 24 27 49 77 56 29 3 80 70 26 53 85 27 95 41 43 85 82 40 41 49 27 71 61 5 94 35 29 5 50 59 90 38 68 4 65 5 51 63 25 46 61 18 65 73 83 46 89 70 3 72 73 71 69 92 53 13 31 20 50 72 
11 2 83 84 53 76 91 34 0 91 1 62 1 87 21 38 88 57 84 15 75 12 80 14 77 28 75 45 61 29 35 0 70 0 15 73 68 64 70 79 73 69 85 3 5 50 88 40 94 95 14 80 64 73 41 14 0 42 79 41 93 25 90 63 28 79 77 25 60 23 85 87 75 55 18 84 89 84 67 16 55 29 94 22 84 53 64 29 52 56 96 45 30 62 12 75 
41 62 9 26 84 97 94 7 29 2 2 63 79 97 12 20 49 88 62 69 30 19 20 42 89 28 5 87 84 1 34 88 38 62 70 97 40 68 42 7 13 11 22 51 7 12 65 38 34 38 63 61 13 23 64 32 70 29 4 19 60 31 75 83 18 51 61 45 39 90 30 44 61 55 0 55 90 52 49 46 22 15 21 50 8 9 89 38 65 86 38 55 39 70 46 68 
2 2 7 6 1 7 4 1 0 5 6 8 6 0 3 2 4 7 0 4 7 1 7 6 9 7 2 2 5 6 0 2 2 0 0 8 9 5 0 1 2 6 0 4 7 2 7 7 8 9 2 2 7 4 0 3 7 0 4 1 4 1 0 0 8 2 2 6 0 4 6 3 0 4 6 2 0 6 3 0 1 9 1 7 3 1 4 0 6 3 8 2 1 3 8 8 
5 9 4 4 7 4 4 4 9 9 2 6 4 6 3 9 8 6 6 4 3 5 9 5 2 7 2 5 9 8 7 8 1 6 4 5 4 4 2 7 2 4 6 0 6 5 5 8 5 4 2 2 2 7 4 1 4 6 3 7 1 4 0 2 6 0 1 4 2 9 0 0 0 3 1 2 9 6 0 4 1 6 4 0 4 2 7 7 8 3 4 1 2 0 3 2 
7 7 5 6 6 2 1 2 8 6 8 6 1 7 1 2 7 3 8 1 7 1 8 3 6 0 8 5 4 6 6 8 0 9 8 2 1 2 9 3 6 9 7 8 9 4 8 7 6 6 4 1 5 5 5 4 9 6 0 9 4 7 0 0 9 5 7 1 4 1 5 5 6 6 8 4 8 6 2 1 4 3 2 3 3 5 5 5 8 4 0 9 6 5 4 5 
5 8 9 8 9 3 3 9 5 6 5 8 7 6 7 7 1 0 6 6 7 8 7 7 1 5 7 4 4 7 8 1 1 7 4 3 8 2 3 7 1 6 7 3 5 7 5 3 5 7 2 4 3 8 7 4 1 0 8 3 0 5 9 3 3 8 5 5 0 9 1 0 6 1 7 1 5 9 8 1 5 3 0 5 3 1 0 6 9 0 4 8 0 8 5 5 
0 6 5 8 7 5 0 4 5 2 1 9 1 9 1 8 8 6 0 8 3 3 5 6 9 6 0 1 3 4 9 8 9 4 5 8 3 9 8 8 9 1 6 3 6 6 1 7 4 0 2 5 7 0 6 2 2 5 7 0 8 9 3 7 0 9 9 5 3 3 1 9 4 7 8 1 4 0 1 0 8 6 7 3 6 2 9 6 6 7 9 4 8 1 0 4 
2 4 4 3 2 9 7 9 4 9 2 6 3 4 5 3 1 0 4 7 1 6 4 6 8 2 7 6 9 6 5 3 5 2 3 7 9 7 5 2 4 4 1 9 1 7 4 2 7 4 0 5 5 9 2 5 7 8 1 9 9 6 0 0 1 7 6 3 7 4 9 7 1 7 5 6 6 4 4 2 7 8 1 4 5 3 3 4 5 0 2 2 0 1 2 4 
3 7 4 3 2 5 4 5 3 5 2 3 7 2 9 5 6 7 0 3 8 4 0 3 9 6 6 5 3 5 5 5 2 6 1 2 0 2 0 8 9 7 3 8 1 0 4 5 0 5 0 9 5 0 2 6 2 3 0 0 9 9 4 4 0 4 2 9 7 7 4 4 5 0 2 5 3 3 0 8 3 1 0 9 2 6 5 0 6 9 6 9 1 8 6 6 
5 4 3 6 5 4 7 5 2 4 6 6 9 9 5 6 9 8 8 4 1 3 9 2 0 1 7 6 1 9 4 5 6 4 1 4 7 7 2 0 0 5 5 3 6 8 9 3 9 5 8 6 7 8 2 6 7 7 5 3 3 2 1 0 6 3 9 6 5 6 5 3 4 1 4 2 2 9 3 7 0 8 7 4 3 6 6 1 8 2 1 9 3 6 7 3 
2 3 4 8 4 4 0 3 5 3 4 2 8 4 9 3 5 5 6 9 9 2 2 2 7 2 5 7 4 4 4 1 2 3 6 7 7 7 4 5 5 6 5 4 4 3 1 3 6 1 4 6 6 7 4 5 3 3 1 7 5 5 7 5 0 1 2 5 1 2 9 0 2 2 2 9 7 6 6 5 2 4 6 0 1 1 1 2 1 9 4 6 3 8 6 7 
0 3 9 1 7 6 1 6 9 2 0 6 8 2 1 6 2 6 4 0 8 7 5 4 1 8 3 7 2 8 6 6 9 7 4 8 8 9 7 7 5 8 7 7 8 1 1 3 0 9 5 3 6 4 9 1 1 5 6 4 4 6 9 5 4 0 6 3 5 9 6 2 2 2 3 7 9 8 6 8 3 5 6 0 7 8 4 7 9 0 0 9 6 8 3 7 
6 5 6 9 7 1 4 0 3 8 2 7 9 1 0 1 4 4 2 8 7 0 2 9 4 4 3 3 0 1 5 8 8 3 1 8 3 8 7 3 1 0 3 5 6 6 6 0 3 2 3 1 3 8 7 0 3 8 3 0 3 4 0 4 4 0 8 2 5 7 1 2 0 2 1 0 2 2 6 4 0 9 0 1 9 4 4 6 9 5 6 4 4 4 2 7 
5 5 5 0 0 4 5 4 6 7 6 5 7 7 6 4 1 0 3 5 5 8 9 5 8 8 9 9 3 5 7 0 4 1 1 6 9 3 7 8 7 1 3 9 1 2 6 9 6 1 8 6 9 0 1 0 6 6 3 0 7 5 9 4 5 0 3 8 2 8 9 9 8 6 9 6 5 0 8 5 6 4 8 7 3 1 3 9 0 9 5 4 1 5 8 4 
7 8 1 7 6 0 4 7 5 8 7 5 4 1 0 8 3 1 5 0 5 7 6 6 5 4 5 7 0 6 7 9 5 8 8 1 9 5 8 4 6 4 4 3 9 7 9 5 8 2 9 9 6 3 8 7 1 2 4 0 4 7 4 9 7 3 0 3 1 6 5 6 9 9 1 4 6 6 8 7 0 4 0 7 4 5 7 7 2 0 3 1 9 4 8 6 
8 4 0 0 8 1 6 3 7 6 5 6 0 3 7 1 3 2 7 6 1 4 1 1 3 2 0 7 3 5 6 5 0 1 8 1 1 3 4 2 7 2 6 9 5 8 1 8 5 5 6 0 5 1 0 8 5 9 3 4 3 7 7 2 5 9 7 7 8 4 6 6 3 7 8 5 1 9 3 6 7 9 6 5 7 7 7 4 0 6 0 0 6 4 1 7 
9 2 7 9 5 5 9 2 7 8 2 5 7 7 9 1 5 5 4 8 1 5 9 0 4 7 4 1 0 2 1 1 9 4 3 5 1 9 2 7 3 1 7 1 6 8 0 0 8 2 4 3 6 2 6 8 3 4 7 4 4 6 4 7 4 3 6 6 7 1 2 5 8 3 3 9 0 5 9 1 1 4 8 3 8 8 5 7 7 5 5 0 5 2 3 2 
7 4 6 1 4 5 3 7 9 5 5 1 7 5 8 7 1 4 5 5 4 3 6 0 5 3 3 6 2 7 5 6 1 5 0 9 6 4 4 7 5 3 1 3 4 9 4 6 7 9 0 6 2 8 4 2 9 3 7 6 7 2 7 2 4 5 5 7 5 2 4 5 1 7 7 2 9 9 7 4 1 8 3 2 2 6 8 1 3 6 9 1 1 8 4 1 
9 2 1 4 5 0 3 3 1 3 6 6 2 7 1 7 3 4 7 3 0 8 5 3 2 0 6 8 9 8 6 8 0 4 2 2 7 3 4 3 4 5 9 4 9 1 5 0 3 8 9 7 5 1 5 6 8 1 2 3 3 3 9 2 0 4 7 0 9 7 5 9 0 6 6 2 6 9 4 1 4 9 8 8 0 6 3 1 3 4 5 2 6 5 0 4 
3 2 5 0 7 7 9 3 1 0 8 0 2 3 9 5 5 0 5 8 5 9 4 8 6 8 7 8 7 8 2 8 0 2 9 0 9 2 7 4 9 8 5 4 0 3 2 6 8 6 0 7 7 5 3 1 4 8 1 0 7 1 9 0 7 8 3 7 7 6 7 6 0 3 1 1 4 7 0 6 3 4 9 0 2 4 3 5 3 4 6 6 6 6 9 7 
9 2 0 8 3 1 0 5 2 2 5 4 2 3 9 1 4 2 7 2 3 3 6 7 8 7 4 3 4 7 3 8 1 5 0 7 0 3 1 6 0 7 8 4 4 4 4 3 5 4 6 9 5 2 5 2 9 3 2 4 1 4 1 8 0 8 4 4 2 3 6 0 0 9 7 7 5 5 6 6 1 6 8 3 7 2 1 2 1 4 1 5 6 0 5 4 
5 1 3 2 0 0 1 2 2 7 0 2 7 6 1 8 7 4 4 3 4 0 6 2 6 0 5 4 5 1 0 8 0 6 3 6 6 8 3 7 8 8 7 2 8 4 1 6 4 0 7 5 4 9 5 7 4 3 6 3 7 7 1 0 9 8 4 4 2 9 4 5 2 6 6 0 6 1 4 3 4 5 2 6 4 1 3 3 3 7 4 2 8 8 9 6 
1 7 6 5 6 5 6 0 7 3 3 1 6 9 4 5 5 8 8 0 8 5 1 9 6 8 9 2 7 3 9 2 1 5 2 9 6 2 4 2 8 7 5 4 4 6 9 6 4 3 1 0 6 3 4 8 5 2 9 0 9 0 8 3 2 7 1 8 5 3 4 2 0 0 4 3 3 0 8 7 7 6 8 4 3 3 7 8 2 7 4 7 5 8 1 2 
5 6 7 5 7 1 7 7 5 0 9 6 3 9 6 5 3 8 9 0 6 4 3 9 8 0 8 6 4 3 5 1 9 8 3 2 3 6 2 8 7 7 9 8 6 3 4 6 3 3 8 8 2 2 4 9 4 0 2 2 1 9 3 9 9 3 8 8 6 6 1 1 2 3 5 4 2 7 2 2 4 1 6 3 4 6 7 2 7 9 3 2 8 3 2 1 
4 9 0 2 6 3 5 2 9 8 1 4 6 4 6 5 6 4 7 6 2 1 8 7 1 5 3 8 3 7 7 3 9 3 1 2 3 9 8 1 2 4 7 6 2 1 3 9 7 2 4 0 9 6 1 4 7 7 7 1 1 3 9 0 7 4 9 1 7 7 9 4 5 3 1 5 7 2 7 8 0 1 2 7 5 3 5 0 0 1 7 1 8 2 6 8 
2 4 7 1 3 2 6 3 1 6 8 8 5 6 2 1 4 5 4 8 8 1 1 3 6 9 0 8 5 2 3 1 8 7 1 3 6 8 0 5 2 0 9 6 3 2 7 6 1 3 1 5 2 8 4 0 3 5 8 9 8 9 7 3 0 2 6 9 2 6 8 6 6 1 8 3 7 0 0 3 9 9 2 9 3 3 7 3 4 1 0 4 6 3 9 5 
2 1 3 0 4 0 8 6 5 5 8 1 4 4 1 9 3 8 7 9 4 4 2 5 2 3 8 8 9 4 2 0 8 3 6 6 9 5 0 4 4 4 3 6 9 4 4 2 2 1 0 8 5 7 0 4 5 1 4 7 2 0 1 9 0 8 6 0 1 7 2 6 0 6 6 5 0 2 4 6 5 5 5 1 2 4 4 7 3 5 4 8 3 2 8 8 
0 0 8 9 5 6 0 3 4 1 8 0 1 7 6 3 7 0 7 2 7 0 8 6 2 0 6 4 5 0 9 5 1 4 8 8 4 7 1 0 9 0 1 6 0 9 2 3 4 6 9 3 7 2 2 8 8 2 6 5 5 6 2 2 8 7 1 1 3 6 5 7 8 3 0 1 7 5 8 9 4 5 5 3 0 2 7 0 5 5 7 0 3 0 2 4 
1 4 4 8 7 0 0 7 8 1 4 3 5 3 7 4 6 1 8 3 0 0 2 4 2 7 3 2 1 9 7 9 3 8 8 7 5 6 0 4 7 1 4 4 5 5 9 0 6 5 5 1 4 3 4 2 8 4 7 0 7 6 0 6 5 7 0 2 6 7 6 2 3 7 0 9 9 2 0 6 6 3 0 8 4 8 5 4 6 0 1 8 7 2 0 2 
1 1 4 2 7 2 1 6 5 5 7 7 7 8 8 3 1 3 1 7 2 6 2 9 6 0 0 3 2 4 5 7 6 1 6 8 1 6 7 2 9 2 5 1 9 0 3 1 5 1 8 7 7 4 5 4 5 0 7 2 1 8 1 3 6 2 4 6 9 6 8 5 0 8 0 5 6 5 9 7 4 7 8 2 6 1 4 9 3 9 7 4 4 5 1 3 
9 1 3 1 8 5 8 9 2 5 0 1 4 0 7 6 9 5 2 1 9 4 5 7 0 0 2 6 3 5 3 7 8 2 3 4 3 0 3 2 9 2 4 1 4 5 1 7 1 9 8 9 3 9 1 3 4 1 0 6 7 2 7 4 7 7 8 0 3 3 2 6 1 2 0 5 9 7 7 4 4 2 3 5 2 5 7 5 2 8 1 4 3 5 8 6 
0 5 7 6 2 4 0 8 0 0 6 9 3 6 1 4 2 2 5 0 1 1 6 2 5 5 3 7 0 6 7 1 6 2 2 5 3 1 5 2 3 2 6 6 4 1 1 5 6 7 6 1 2 6 9 4 1 2 8 8 9 2 0 4 4 1 9 0 4 2 1 6 8 9 7 9 9 7 0 2 2 3 5 9 4 6 3 5 1 8 9 6 6 2 0 1 
1 2 6 9 7 5 0 8 1 6 0 9 6 5 4 2 5 0 5 9 6 9 9 8 7 3 7 2 1 1 5 5 7 1 2 7 5 1 1 1 7 4 6 2 4 2 5 1 1 4 6 4 2 8 3 0 2 1 5 3 2 1 9 9 3 0 2 3 7 8 8 8 0 3 4 2 6 2 3 3 9 0 2 3 3 4 7 8 3 5 0 6 2 6 8 5 
9 8 8 3 7 0 8 9 7 3 3 2 6 5 4 4 8 4 5 2 8 0 6 2 2 8 0 3 5 4 3 8 4 4 1 6 6 4 5 3 7 6 2 9 9 1 0 6 6 7 6 3 5 8 6 4 1 7 1 3 2 9 6 0 0 2 1 7 3 4 9 5 3 3 0 5 8 7 9 5 7 1 6 2 8 8 4 3 8 3 9 3 8 4 1 5 
1 1 9 2 8 3 2 1 1 1 3 9 5 7 0 3 9 8 6 4 3 5 4 7 7 4 8 9 1 4 7 4 3 1 7 5 5 6 6 6 0 0 3 5 4 0 8 5 5 7 8 0 8 4 0 7 0 1 8 3 0 4 2 6 3 7 4 6 1 9 1 0 6 0 5 7 5 1 4 5 6 9 2 1 2 5 7 0 3 9 9 3 9 8 0 8 
9 6 8 2 9 3 5 0 3 8 6 0 5 1 3 2 5 5 5 4 2 1 9 2 6 5 5 8 1 8 7 4 3 4 8 6 1 9 8 1 5 9 9 6 0 5 4 0 1 7 9 3 0 4 3 5 8 5 7 5 0 8 2 6 4 8 3 8 5 0 4 8 9 7 4 8 5 8 7 4 3 7 0 5 5 4 1 1 2 6 7 0 3 9 3 1 
6 4 1 7 3 6 4 6 0 5 3 9 8 3 4 7 4 4 1 8 7 0 2 7 7 7 7 9 4 1 3 7 6 6 3 9 0 2 4 3 7 3 7 1 2 6 0 9 2 0 8 7 6 3 1 9 5 5 1 3 1 4 0 2 0 0 3 0 5 4 1 0 1 8 0 5 2 6 7 7 4 7 0 8 1 7 3 7 3 2 3 3 2 7 0 8 
9 8 2 7 8 9 9 2 7 6 2 9 6 3 3 1 3 9 4 7 9 4 3 1 2 2 0 1 4 0 7 4 3 7 1 7 2 8 8 9 3 2 5 6 7 4 6 1 7 8 6 0 5 5 8 5 8 7 2 7 0 9 9 0 9 7 8 5 5 8 0 9 3 5 1 3 5 9 9 9 6 3 5 6 4 3 7 4 6 6 3 1 2 7 2 1 
4 1 0 0 5 3 5 3 6 1 6 2 8 9 7 9 3 0 6 2 0 7 6 0 0 9 1 4 6 2 2 7 6 7 5 9 2 0 1 3 6 4 9 8 6 9 8 9 2 0 3 6 0 5 9 2 6 4 6 8 4 9 0 4 3 9 2 4 6 9 2 2 8 0 1 0 1 3 8 2 9 7 8 2 1 9 1 0 6 1 2 3 8 8 8 9 
8 6 9 2 5 1 1 9 2 0 6 6 7 2 4 7 6 5 2 9 5 0 8 1 5 4 6 4 8 4 0 7 0 8 6 6 6 9 2 0 2 5 2 0 9 6 7 1 6 3 0 4 8 0 5 9 7 4 4 9 9 5 7 8 7 6 4 8 2 9 4 6 6 2 4 3 4 7 0 4 8 2 8 0 5 2 0 3 4 4 3 6 5 1 0 1 
6 5 7 2 2 6 8 8 8 0 1 6 9 8 4 5 8 1 4 0 8 3 4 3 5 0 4 0 0 4 1 4 6 3 4 9 3 1 2 0 3 2 4 6 0 7 7 1 2 8 1 6 0 5 7 1 1 9 2 2 6 1 6 5 0 5 5 9 7 5 5 5 8 1 3 5 0 1 5 3 8 2 5 5 4 0 9 1 5 6 3 7 8 4 1 9 
9 3 4 1 7 8 8 7 1 5 9 8 7 4 3 5 9 0 3 8 1 4 0 4 2 6 5 0 4 9 6 9 0 4 4 0 4 9 2 5 6 6 6 2 7 3 5 1 8 0 0 7 3 5 8 8 9 9 6 3 9 8 7 8 0 8 7 0 9 5 0 5 6 1 5 9 1 0 3 4 5 9 4 4 1 0 3 3 3 3 5 6 6 1 8 3 
7 6 2 9 5 0 2 9 6 1 8 3 8 5 5 1 8 0 0 9 9 0 3 7 1 6 1 0 3 9 5 0 9 8 2 7 9 2 1 5 1 2 9 4 6 2 1 9 8 9 9 5 1 1 8 6 8 9 4 4 0 7 7 0 1 4 1 2 2 6 4 2 8 3 3 2 0 6 3 6 7 1 2 0 0 1 5 0 7 1 8 9 2 6 1 9 
3 6 4 3 3 0 2 0 2 1 6 4 4 3 1 3 2 3 5 7 9 2 8 7 7 7 4 5 4 3 4 3 0 3 5 9 2 6 0 8 0 7 5 4 0 2 2 6 2 4 8 8 1 4 9 4 2 2 3 6 4 1 6 6 2 2 7 5 3 8 7 5 1 6 1 0 6 5 7 6 3 7 2 2 6 7 0 3 4 6 1 4 1 6 0 7 
6 3 6 6 7 0 2 7 3 1 1 0 2 1 4 8 7 0 0 8 3 1 4 4 1 3 8 1 1 2 6 6 3 4 3 5 7 8 6 6 0 7 5 0 0 5 9 3 9 8 7 4 7 8 5 5 7 8 7 4 0 0 4 8 7 5 8 6 5 0 0 5 4 7 8 4 8 9 3 4 9 8 0 9 7 0 8 9 0 2 9 3 6 2 5 2 
3 8 1 3 6 0 8 9 4 0 3 8 4 9 3 9 2 5 4 3 3 7 5 6 4 4 2 4 6 3 9 7 0 5 0 5 9 2 3 2 3 9 0 1 0 9 1 6 5 7 0 3 6 6 1 2 5 0 0 1 2 2 5 8 5 7 6 0 5 4 2 7 9 7 9 1 6 0 3 0 9 7 4 1 3 4 2 8 3 2 0 4 3 3 4 0 
3 9 8 9 0 1 8 6 1 4 3 8 9 6 5 3 5 7 1 4 1 8 0 4 5 1 0 2 9 1 8 9 0 8 8 0 9 0 2 9 5 7 1 1 8 3 6 4 1 8 8 6 6 8 9 1 4 7 8 9 8 2 6 6 0 0 8 4 0 3 3 6 6 5 7 3 9 8 9 9 2 7 5 8 7 0 3 9 4 2 9 3 7 9 4 3 
9 4 6 9 7 3 4 4 9 4 8 3 4 0 4 6 4 1 0 0 4 1 6 6 3 9 4 3 9 3 3 3 1 7 9 2 8 2 9 3 8 7 7 6 1 7 7 7 6 6 7 7 6 6 9 0 2 2 5 0 9 1 5 7 3 1 7 8 8 9 3 9 3 7 3 2 5 9 6 6 6 6 4 1 9 0 6 5 9 7 8 0 0 1 5 5 
6 0 5 5 6 2 5 7 0 1 3 2 2 0 6 2 1 6 6 5 6 8 8 1 6 0 0 4 8 7 4 9 8 2 7 6 7 6 6 5 4 1 9 6 8 7 3 0 7 7 7 2 8 7 1 5 8 9 5 5 4 6 5 8 0 5 8 5 4 7 8 8 6 1 0 9 2 2 7 1 1 0 6 3 5 1 4 9 4 6 2 7 7 1 9 5 
1 1 7 9 1 6 9 2 4 3 4 2 4 0 5 6 2 3 3 1 3 4 8 5 2 7 4 9 9 2 7 7 9 3 9 3 7 3 0 2 8 2 8 7 5 6 7 9 4 2 7 2 9 9 7 9 5 0 6 5 9 7 6 6 4 2 8 6 9 5 5 2 9 7 3 8 8 0 7 6 3 6 5 7 5 4 1 9 7 8 4 7 1 5 2 5 
2 1 1 7 8 8 7 7 8 5 3 7 5 0 4 3 1 6 4 7 5 5 7 4 5 9 1 2 2 4 3 0 0 0 6 0 2 4 7 9 1 9 1 5 5 6 1 9 9 7 6 3 6 8 5 3 5 7 4 0 2 4 9 9 2 2 9 0 0 8 2 3 2 3 0 2 0 4 8 3 2 0 1 0 3 1 0 1 5 1 9 8 6 5 4 8 
2 3 7 7 1 6 0 1 5 2 3 7 1 5 6 7 8 3 1 0 7 5 5 6 5 2 4 8 4 6 4 0 1 8 6 1 1 6 6 5 0 0 1 2 7 4 4 4 0 8 0 0 0 3 9 7 7 1 6 4 9 9 7 8 9 4 2 7 5 4 3 2 8 5 9 9 4 2 2 7 5 3 9 7 7 7 5 9 0 5 4 5 8 0 4 0 
9 8 8 3 9 8 5 1 0 5 0 9 7 5 1 5 5 0 7 5 8 2 0 0 8 1 1 2 4 3 0 7 5 5 7 1 7 9 8 2 8 7 8 9 9 6 8 7 8 3 2 8 3 2 1 2 9 1 7 7 6 2 1 8 9 5 9 5 3 7 9 6 5 9 0 6 4 4 4 1 7 3 3 6 8 2 7 8 6 8 0 8 4 3 5 1 
4 6 0 6 2 6 0 0 6 0 9 8 3 7 8 4 4 8 8 7 2 2 8 0 3 8 5 0 8 9 9 5 7 4 9 6 2 1 4 9 3 7 8 8 0 6 1 4 8 3 3 4 4 2 7 6 6 9 7 8 6 7 3 6 8 9 5 9 8 4 0 2 4 9 5 9 4 9 2 8 6 9 1 1 2 4 9 9 0 9 5 9 9 1 1 2 
2 9 4 3 8 2 8 5 1 4 6 5 1 4 4 1 9 2 4 5 9 4 6 5 6 0 9 1 3 8 1 2 2 2 0 7 7 0 3 5 8 5 7 8 3 5 3 7 2 5 4 7 8 8 0 6 5 3 0 3 0 2 0 1 8 5 9 2 1 5 9 6 8 6 7 4 1 4 8 2 2 6 2 4 7 3 6 2 2 7 6 2 3 7 4 7 
1 4 8 3 8 8 3 7 6 7 2 8 4 3 9 4 3 6 4 0 8 2 2 3 5 5 7 2 0 6 2 3 3 4 1 4 9 4 4 4 9 5 9 6 1 8 6 5 4 5 4 5 2 4 2 3 9 7 6 2 1 5 4 8 5 7 2 1 2 8 2 5 0 5 5 1 4 8 7 1 0 8 0 3 3 0 2 5 8 6 1 6 6 7 8 7 
9 5 7 8 1 9 1 6 9 2 8 2 7 9 3 4 5 9 3 2 1 6 5 7 1 2 8 5 7 9 8 2 5 1 9 1 6 5 3 3 3 7 5 3 7 4 8 7 2 4 6 0 9 8 8 5 3 7 9 1 8 0 5 0 0 0 0 0 3 9 4 8 8 5 7 6 9 9 1 2 3 0 3 0 5 0 2 4 2 3 4 8 5 0 1 7 
3 9 6 3 6 4 8 0 8 6 1 3 6 6 7 9 0 1 4 3 1 7 1 6 6 4 2 0 0 1 6 0 4 1 3 6 6 9 4 0 2 9 1 5 0 9 9 0 7 9 5 2 2 1 6 9 7 0 2 1 5 6 5 7 9 2 9 1 8 9 1 1 7 0 8 6 6 1 1 8 2 0 7 7 3 8 4 5 1 9 6 4 5 0 3 4 
5 2 7 9 3 8 2 2 6 3 6 1 4 1 2 0 2 9 3 9 2 7 2 9 8 9 3 1 6 8 2 7 8 6 8 7 0 0 5 2 5 8 6 5 6 9 3 2 0 9 0 4 6 4 8 4 6 4 9 5 7 0 3 7 4 7 1 4 3 3 1 8 6 8 7 5 6 3 6 6 2 8 5 8 7 4 6 7 8 5 3 4 2 7 3 9 
9 3 9 9 2 0 5 6 1 5 4 8 7 6 4 0 5 9 2 8 2 9 5 3 0 5 3 8 3 8 9 4 9 5 2 2 6 8 3 6 9 4 7 2 9 2 8 1 7 4 5 2 9 9 4 8 4 4 2 3 4 7 1 6 5 4 4 3 8 6 0 5 1 4 7 2 7 9 3 5 4 9 6 2 2 8 2 7 1 5 7 8 0 6 7 6 
6 9 5 3 6 7 3 9 1 5 9 3 0 4 2 9 0 1 1 5 8 1 6 6 5 7 0 9 2 1 8 8 0 6 1 2 5 6 0 7 1 9 5 0 6 6 5 8 5 9 0 2 4 6 7 3 5 5 7 2 8 5 7 9 6 6 0 2 9 8 6 1 5 4 0 1 2 1 8 4 9 7 8 5 9 5 8 3 2 7 3 9 8 4 7 9 
3 7 0 2 4 9 7 2 1 4 3 5 2 3 7 3 9 5 3 1 9 7 1 8 6 5 3 9 1 0 7 7 4 4 4 4 5 3 7 4 3 3 0 3 4 8 8 8 0 8 4 3 1 3 5 0 3 7 5 0 2 3 3 9 2 3 4 8 8 5 4 8 4 3 7 5 9 6 0 5 6 2 5 9 7 8 8 4 9 8 4 1 8 8 0 1 
2 1 3 6 5 3 6 7 0 1 4 8 6 4 9 2 0 9 3 8 6 5 2 4 3 8 4 3 5 2 5 7 7 4 9 1 0 8 2 4 6 4 5 1 8 7 0 9 5 0 3 4 1 8 5 3 3 2 5 7 9 7 2 6 1 2 9 4 2 8 3 7 7 2 4 3 6 2 7 3 3 4 1 0 0 1 2 3 2 4 0 6 5 5 2 9 
6 4 4 0 5 3 3 1 0 7 2 7 3 8 1 8 2 9 0 2 3 3 5 5 5 6 4 8 2 9 1 4 7 3 3 6 5 8 3 1 6 9 4 7 0 9 3 4 8 4 0 3 8 6 2 2 4 9 1 6 7 6 9 1 4 5 6 4 7 3 1 3 5 5 8 9 9 9 5 3 3 2 3 6 8 2 9 6 0 9 7 0 1 2 8 4 
0 8 6 6 3 8 4 7 0 4 1 3 2 8 9 3 4 1 0 9 9 2 0 8 4 4 2 5 2 6 3 3 1 3 2 3 8 2 8 2 2 3 3 2 5 5 9 5 2 2 8 4 7 7 4 8 5 7 2 6 7 0 7 0 5 6 3 3 5 8 2 2 6 9 8 0 9 6 3 3 2 7 0 6 2 4 3 8 2 4 4 9 1 0 0 1 
1 2 2 1 8 0 2 0 1 5 9 6 3 3 9 4 9 7 0 1 1 7 0 3 7 0 6 7 6 3 9 3 2 5 3 8 2 2 3 7 0 0 7 1 5 5 7 4 9 7 6 4 0 4 7 1 6 7 8 0 1 2 3 7 0 2 7 5 7 7 6 5 8 0 7 2 1 8 6 7 6 5 5 2 3 6 4 4 2 6 8 8 2 2 0 6 
5 2 5 2 9 3 3 5 2 4 7 1 1 1 4 4 4 9 2 6 1 8 0 7 7 4 5 9 6 0 6 0 8 1 4 9 3 1 9 7 3 3 5 2 6 4 6 0 7 1 6 7 9 0 9 1 9 8 0 6 2 2 9 9 6 7 2 2 0 6 7 9 1 4 7 5 5 8 8 2 1 1 1 4 0 7 4 6 2 6 5 7 1 9 5 1 
4 3 0 5 2 6 3 2 1 6 3 4 3 5 3 8 7 5 4 4 7 4 8 4 6 9 9 3 2 9 1 9 2 4 4 9 8 1 8 3 6 5 4 3 6 3 6 3 8 5 0 7 8 6 1 6 3 6 2 6 1 3 8 3 8 5 7 6 7 3 6 7 3 3 9 5 6 4 2 6 8 8 0 5 2 1 1 9 1 3 9 7 0 5 4 2 
0 9 9 5 5 7 6 6 1 4 9 1 2 1 7 0 5 5 7 6 5 4 1 7 6 8 7 5 0 1 0 6 4 3 2 5 5 7 4 9 7 9 4 0 7 1 7 9 6 2 7 9 3 2 1 0 7 0 5 6 5 2 3 9 3 0 6 0 2 2 4 3 1 4 9 6 8 4 3 8 1 9 0 8 5 8 4 3 5 8 9 0 5 6 6 7 
4 3 4 1 0 5 0 5 0 8 5 0 8 0 8 6 3 5 2 7 1 2 7 8 2 1 8 3 4 6 7 2 3 1 7 3 5 2 6 9 2 5 6 0 0 4 8 9 7 3 9 3 6 5 5 7 7 6 1 4 6 7 6 4 5 6 1 9 3 8 2 2 4 8 9 1 5 9 1 0 4 2 6 7 6 0 2 6 7 1 5 1 1 6 3 3 
0 8 4 3 4 4 8 9 4 7 6 7 6 1 5 7 2 1 8 4 6 1 7 5 4 6 5 3 3 4 5 3 6 6 0 4 4 5 1 6 2 6 9 8 6 8 0 2 5 1 2 0 8 5 5 0 7 0 3 8 7 5 5 2 7 3 9 7 1 7 4 8 3 0 6 5 2 2 4 1 6 8 1 2 9 2 4 1 4 6 7 8 4 0 2 3 
8 6 1 1 7 4 1 8 5 8 2 7 3 1 6 6 3 3 7 5 9 6 2 0 3 0 9 2 4 5 2 3 0 6 9 8 8 3 9 4 0 6 8 3 6 5 3 2 6 8 2 6 2 2 9 2 5 6 7 6 0 0 4 1 9 0 0 9 3 4 5 0 0 0 1 0 4 2 2 4 8 8 9 6 5 2 7 4 4 2 3 7 8 2 4 6 
0 5 3 5 6 1 8 7 8 7 4 0 1 8 5 6 9 2 5 4 0 1 6 0 1 8 9 8 3 7 2 3 5 3 4 8 0 2 1 3 8 6 4 9 1 9 4 4 9 9 5 5 2 7 1 9 0 4 8 4 9 5 6 6 2 0 9 5 9 9 4 4 8 5 8 0 9 9 4 3 1 6 5 5 9 0 1 6 0 4 9 7 7 2 7 8 
2 4 2 7 0 0 1 9 7 5 8 9 6 0 3 5 8 3 1 8 4 6 1 2 4 9 9 9 2 0 2 0 9 4 3 6 5 5 3 5 2 2 5 7 2 4 4 2 6 9 8 4 4 2 5 9 3 4 8 0 0 8 2 4 2 2 8 2 1 8 3 1 1 9 8 7 3 3 6 4 0 7 3 5 5 8 9 0 6 9 9 3 1 2 4 9 
0 5 3 7 7 8 0 6 0 6 4 1 4 0 3 9 6 3 9 8 8 5 9 3 6 0 2 6 9 4 0 8 7 8 8 3 7 2 0 7 6 3 9 8 5 2 9 8 9 7 2 5 8 1 2 6 7 9 4 5 6 1 6 0 8 9 9 9 8 0 2 8 8 8 1 5 6 7 9 8 8 0 8 6 1 1 6 2 4 0 3 9 4 7 9 1 
9 7 7 5 3 4 7 7 0 6 0 4 5 0 9 0 4 7 5 6 1 0 0 5 4 8 7 3 3 2 6 9 5 8 1 2 2 7 1 5 7 4 2 7 8 3 0 3 4 3 6 0 1 5 0 2 1 2 2 7 2 6 7 7 3 5 0 4 7 7 4 0 6 2 1 7 6 4 1 3 3 0 4 9 3 2 6 0 8 9 0 0 3 4 7 5 
1 8 1 9 3 4 4 0 8 5 3 3 8 0 2 4 8 0 6 9 6 0 2 5 7 0 4 8 9 0 1 1 4 5 0 3 1 4 8 1 6 6 0 2 1 7 5 4 7 1 2 4 4 0 0 3 4 8 5 2 6 6 1 2 1 2 8 4 1 2 1 5 5 6 7 0 4 6 7 6 3 5 6 9 6 3 8 4 8 1 0 7 6 0 6 5 
0 3 0 2 1 4 3 9 8 5 8 0 0 9 9 7 9 8 1 9 9 0 0 3 7 7 5 4 5 0 0 0 6 8 2 2 4 5 6 5 3 0 0 0 0 4 8 0 5 7 2 3 7 1 8 6 8 3 4 3 3 2 4 9 3 5 3 2 3 5 4 3 3 6 7 1 5 7 9 9 4 1 6 1 2 7 3 0 0 1 4 9 2 7 3 4 
6 2 5 7 6 2 8 6 0 2 5 9 2 9 9 6 0 4 8 2 0 3 6 3 3 6 1 4 1 0 5 8 4 5 2 2 6 5 6 5 2 0 6 4 8 7 7 1 3 0 2 9 0 3 9 5 1 8 3 9 9 9 0 8 1 1 3 3 4 7 7 6 7 0 1 3 6 4 8 1 7 9 5 3 8 9 0 9 4 2 6 3 3 3 7 2 
4 0 8 7 1 7 2 2 5 3 5 7 1 4 2 5 0 4 1 1 6 3 8 8 6 7 6 0 9 6 0 8 5 1 7 1 8 3 6 4 9 5 1 2 3 5 9 2 1 3 8 8 4 8 9 1 5 3 7 8 0 3 3 3 6 5 6 9 8 9 6 7 3 0 8 2 6 6 1 0 4 0 3 2 3 7 5 2 7 3 3 6 1 3 4 1 
7 2 8 0 4 3 3 6 0 3 7 1 6 2 2 1 4 9 8 0 2 5 5 4 3 1 0 2 3 6 5 0 3 1 3 7 2 1 6 5 1 4 7 7 6 0 0 1 0 9 1 5 5 7 7 7 8 1 4 3 0 6 8 7 1 3 3 8 7 3 5 7 1 6 7 4 5 4 7 3 2 6 7 5 7 9 1 6 5 5 9 5 8 3 9 8 
6 8 8 5 6 5 8 5 6 8 8 2 9 0 1 4 8 8 2 3 7 4 2 4 7 8 9 3 3 9 7 9 8 0 1 4 7 8 7 5 6 0 2 7 1 3 5 9 4 2 8 1 9 1 3 8 9 8 9 9 4 8 8 2 5 6 5 2 4 2 7 2 9 3 8 6 3 6 9 3 1 9 1 6 4 8 2 9 4 6 6 2 2 5 6 2 
5 0 3 6 9 6 0 0 4 2 6 0 3 8 7 7 6 8 6 6 1 3 5 5 7 0 5 1 5 3 8 6 3 9 8 4 2 3 9 8 4 4 8 1 3 6 6 8 4 5 5 9 4 7 1 4 9 8 6 0 0 4 8 9 7 0 8 7 8 2 2 8 7 7 8 4 1 5 0 5 9 1 2 3 4 5 8 3 0 9 5 9 9 0 1 2 
3 4 0 8 9 2 5 5 7 8 9 0 0 0 4 5 8 7 1 5 3 1 7 2 2 9 8 6 1 1 5 6 4 8 4 7 7 4 9 1 9 7 6 7 9 7 8 5 6 1 7 0 2 0 1 9 2 7 1 8 0 3 2 9 3 5 5 2 2 2 5 8 0 1 3 4 5 3 8 2 5 4 7 3 4 9 8 4 2 4 3 5 9 8 8 9 
9 8 9 2 9 3 9 4 5 2 2 4 1 9 1 1 3 9 6 7 4 4 2 5 8 9 6 1 2 5 8 4 2 0 9 5 0 7 2 7 2 1 5 8 2 4 6 0 4 3 5 0 2 1 0 9 7 2 2 3 3 0 2 7 0 3 6 5 3 5 4 0 6 8 3 9 8 3 6 3 3 9 6 3 1 3 4 5 8 5 2 1 2 2 1 0 
6 2 8 6 7 9 5 7 3 5 1 7 1 3 3 4 9 8 7 7 3 2 3 8 9 8 6 0 2 7 1 7 9 2 1 9 1 4 4 7 7 7 5 2 7 5 1 8 1 8 6 7 3 4 0 9 3 5 8 4 3 3 5 3 9 3 5 4 3 8 5 0 9 5 1 8 4 4 5 7 9 5 4 6 3 4 4 0 1 1 9 6 1 0 4 0 
9 3 5 8 8 8 7 5 0 7 5 0 3 6 4 1 8 0 2 6 5 1 8 7 1 1 8 3 9 3 6 6 5 1 2 5 4 7 1 9 9 1 5 3 0 0 5 4 3 0 0 3 5 3 3 2 3 2 0 9 3 0 9 9 3 5 4 1 1 0 7 0 3 4 6 2 8 1 4 3 7 3 0 0 8 6 1 0 5 3 8 1 1 7 6 2 
5 8 7 2 0 7 3 5 4 4 2 9 2 6 3 8 5 5 4 6 3 7 3 6 5 9 0 8 7 5 0 9 7 3 4 6 4 7 7 7 6 6 7 6 8 6 6 4 1 7 3 2 0 4 3 1 2 2 6 0 2 2 3 2 8 3 8 3 6 3 6 2 2 8 5 4 6 0 9 0 5 8 2 2 9 3 6 2 5 6 5 7 3 0 5 3 
9 0 8 0 6 7 2 7 7 0 9 2 0 8 2 9 8 7 6 2 2 6 5 4 6 1 8 4 3 4 7 3 6 4 2 1 9 8 2 2 2 4 2 3 8 7 5 9 3 7 1 4 6 2 5 0 6 9 6 5 6 3 0 5 3 0 6 4 3 4 7 9 0 3 8 8 1 0 2 9 7 7 3 7 5 8 7 4 1 1 2 9 4 7 5 6 
8 6 1 3 7 4 9 8 8 9 6 4 5 4 2 2 2 0 5 1 7 0 7 0 1 0 3 9 8 2 5 8 1 0 7 2 2 4 7 5 8 4 5 7 3 9 4 7 8 6 1 9 8 0 4 2 5 6 8 1 0 6 2 6 0 7 4 0 7 1 7 5 8 9 2 8 2 5 2 9 7 2 1 5 9 1 6 2 7 1 3 5 4 8 1 0 
7 1 6 6 0 7 2 0 6 1 1 9 7 5 9 7 6 7 2 1 1 4 7 9 5 5 0 7 8 7 3 8 9 6 3 2 4 3 5 3 6 4 0 4 1 5 3 9 0 0 9 1 0 9 4 7 0 8 7 6 7 9 3 0 4 4 1 7 4 5 1 4 7 3 5 4 3 3 7 9 7 2 3 0 3 3 1 7 9 7 8 6 9 1 8 0 
2 4 9 8 5 3 6 3 2 3 3 5 6 5 7 2 0 2 8 6 6 5 5 7 8 3 1 8 0 4 3 2 1 8 3 0 5 6 1 6 1 7 6 0 3 3 8 8 3 3 3 0 4 4 7 0 5 4 3 4 8 9 2 2 8 7 8 8 4 4 4 8 5 1 6 1 3 1 3 9 1 4 6 4 2 2 1 3 4 9 6 3 8 2 4 1 
5 7 4 0 4 4 3 8 9 9 3 8 1 3 3 3 9 6 8 7 3 3 4 2 6 9 3 6 6 1 3 0 5 3 1 4 8 4 2 1 2 7 2 3 5 5 3 2 4 2 4 7 8 0 7 4 4 5 4 6 7 6 4 0 5 2 5 3 7 5 5 7 4 7 0 6 8 3 8 3 5 4 2 4 1 8 7 3 0 6 0 5 4 0 9 2 
4 1 8 1 2 0 8 5 8 3 3 9 3 1 4 3 3 8 0 1 4 1 1 2 2 9 6 6 3 1 7 0 4 7 5 7 4 3 8 3 7 9 4 3 5 7 2 4 9 4 4 6 3 7 0 9 4 1 5 4 4 6 9 5 2 1 6 5 7 4 3 6 0 4 9 7 9 5 9 8 0 5 4 0 4 1 4 1 9 1 7 1 7 7 1 9 
9 4 0 7 6 5 0 8 0 8 5 7 5 3 1 6 9 7 0 4 2 0 6 4 3 5 9 8 6 5 2 3 1 2 6 0 7 9 3 4 2 1 9 7 1 6 0 3 6 6 6 9 7 4 3 9 0 1 1 4 1 9 8 1 0 8 8 7 6 4 8 4 0 8 5 8 0 1 3 9 0 9 1 1 1 8 2 0 4 9 8 8 0 0 2 3 
1 8 8 0 6 6 5 9 1 3 2 0 0 0 3 1 5 5 0 7 7 7 8 8 4 1 1 0 8 9 6 0 8 1 5 0 1 2 4 8 8 5 9 3 3 1 5 4 1 0 2 6 6 4 0 8 5 5 6 5 2 2 7 5 4 7 5 4 2 6 0 8 0 5 2 7 9 6 0 6 7 6 0 0 7 6 7 6 4 0 7 3 5 0 7 9 
8 5 3 1 4 7 0 0 1 2 5 9 2 7 5 9 5 0 9 9 4 2 6 7 1 5 0 8 2 6 4 4 2 2 1 8 7 5 2 8 9 8 0 5 9 6 2 4 7 5 2 4 8 9 7 3 3 4 1 2 9 8 7 1 3 1 7 3 0 0 4 4 1 6 3 1 9 5 3 8 6 8 9 2 9 3 4 2 5 5 1 5 7 3 7 1 
6 5 3 7 2 6 0 7 3 5 6 4 9 5 4 3 7 6 5 3 1 0 0 3 7 0 2 4 7 1 8 1 6 0 8 1 8 8 3 5 6 4 5 2 2 9 0 6 1 2 0 7 4 6 7 8 5 7 2 1 7 1 0 7 9 4 5 2 5 2 6 4 4 1 8 2 9 3 1 4 1 4 9 0 8 8 1 1 6 6 9 6 4 1 2 4 
