23 23 23
32 54 9 19 44 52 10 52 24 20 33 70 26 44 18 71 62 12 55 15 97 62 93 
84 60 8 85 87 64 1 74 54 65 56 90 98 66 56 1 94 8 66 96 90 62 61 
32 43 52 23 55 75 90 81 63 17 92 28 71 40 66 18 21 58 76 25 28 19 31 
36 71 96 93 65 65 27 67 44 66 40 8 4 61 31 46 88 67 90 59 84 83 11 
61 95 68 15 75 70 17 88 95 16 27 11 36 31 31 49 3 82 8 0 85 39 13 
28 90 17 89 2 50 72 60 14 14 59 89 11 3 30 94 68 47 52 87 96 4 18 
4 25 95 76 70 55 18 81 73 0 78 40 5 47 25 0 13 5 87 17 20 8 59 
1 91 17 98 97 13 22 61 72 13 89 24 97 93 10 23 76 30 58 50 70 96 61 
11 62 7 99 93 80 99 9 20 40 41 83 43 12 42 16 87 15 95 64 82 30 13 
66 13 29 80 25 43 98 40 66 56 68 81 56 98 88 36 57 4 13 84 57 20 25 
10 26 26 19 6 55 97 57 75 2 53 72 21 34 13 18 51 66 70 35 66 80 41 
42 59 10 62 45 59 65 73 52 32 77 10 97 86 70 37 39 8 28 34 19 24 84 
6 80 42 19 78 95 26 33 12 96 17 2 59 48 64 12 33 86 46 47 76 12 96 
91 41 1 31 57 65 59 49 78 23 74 63 14 81 6 85 62 42 15 11 23 26 62 
40 31 16 64 59 27 6 77 3 82 47 26 53 43 0 75 69 55 38 38 59 26 87 
2 84 19 21 11 13 46 6 25 80 20 15 22 67 1 6 51 89 6 16 9 57 59 
81 83 84 44 37 59 22 23 2 64 33 17 54 79 67 79 50 3 11 78 73 54 81 
57 45 24 13 29 80 8 51 60 20 45 51 8 13 76 2 76 59 70 36 71 44 39 
78 35 70 74 14 87 93 64 21 78 84 76 46 49 71 28 42 94 31 89 73 16 84 
44 70 94 76 76 67 87 97 59 12 55 99 37 82 44 46 81 58 14 55 16 66 50 
68 59 19 83 36 70 95 47 28 14 12 76 3 72 96 7 52 40 2 61 95 73 27 
13 22 8 27 77 57 64 1 52 50 51 92 68 25 86 78 91 67 17 96 92 47 75 
30 87 18 94 25 70 12 87 73 24 12 25 0 85 93 64 69 49 50 19 43 83 73 
9 3 3 9 7 4 4 7 2 6 2 1 7 5 1 4 8 9 8 9 2 9 3 
8 8 6 5 7 1 8 5 7 6 8 1 2 7 5 7 6 7 3 0 4 5 7 
8 4 5 9 1 5 2 5 8 3 4 2 8 4 9 7 7 1 0 1 1 3 5 
3 7 3 5 6 8 0 1 3 7 5 9 9 7 1 5 1 0 2 3 0 3 6 
1 5 1 4 1 5 6 3 2 7 0 7 4 5 4 8 5 7 1 8 6 7 2 
8 0 6 9 1 9 6 7 8 1 9 5 0 0 6 5 4 2 5 7 6 9 2 
2 6 9 0 7 7 7 0 3 1 2 0 5 1 7 7 6 9 9 5 5 1 3 
4 1 2 7 6 9 7 0 6 0 8 6 2 7 4 7 2 8 5 1 7 7 8 
0 0 9 4 9 6 1 9 6 7 8 4 0 7 7 7 6 7 5 7 2 4 9 
1 4 1 3 3 9 0 7 6 9 4 4 7 7 1 3 6 8 3 3 9 2 8 
2 5 9 6 8 1 4 6 3 0 6 6 6 8 0 8 1 9 3 8 4 4 1 
1 5 9 7 2 8 2 9 4 3 1 6 5 9 0 8 1 5 5 5 5 5 9 
3 6 7 1 2 6 7 3 0 0 8 4 8 5 3 2 9 7 6 4 2 1 8 
8 0 3 2 2 7 7 4 3 7 8 4 7 2 1 6 0 4 1 7 8 0 5 
5 6 8 9 0 0 5 4 8 6 2 5 0 2 8 9 4 3 8 7 3 9 4 
8 6 6 3 4 3 3 4 0 1 5 9 8 7 3 1 3 3 5 6 3 1 9 
6 5 1 2 5 7 4 0 8 4 5 8 8 1 8 6 0 4 7 1 7 9 8 
0 6 4 8 3 3 6 4 7 9 6 9 1 2 4 7 4 7 2 5 4 1 9 
1 1 4 4 8 8 4 7 4 3 3 4 3 9 4 8 0 7 8 1 0 3 5 
0 1 8 8 1 0 0 1 6 5 4 8 7 2 4 6 1 2 5 1 3 7 4 
0 7 3 7 6 2 7 9 7 2 6 8 6 7 7 9 8 6 7 5 2 1 0 
4 6 2 3 3 6 7 9 9 8 1 4 3 1 1 5 2 4 0 3 1 8 3 
6 9 3 6 7 9 3 6 4 9 9 0 4 4 6 0 7 5 8 8 7 0 7 
