78 78 78
93 64 88 26 74 19 43 39 69 4 8 84 10 55 38 54 27 1 67 61 23 94 1 8 30 22 12 91 54 98 87 98 65 38 13 17 60 69 86 31 50 89 72 91 98 46 25 79 62 81 42 27 16 12 80 50 0 64 10 27 27 78 4 9 70 8 76 26 77 37 83 60 13 72 24 13 98 38 
58 84 85 20 62 19 69 60 11 93 9 22 51 20 91 38 66 60 12 45 87 87 77 65 8 20 20 31 87 45 90 34 79 49 2 93 36 57 5 73 95 36 14 32 44 99 34 79 91 88 72 42 26 54 93 77 0 77 4 86 28 52 66 87 68 42 20 9 75 84 35 30 15 47 32 73 37 18 
97 90 42 34 23 9 97 6 41 70 38 96 87 48 80 78 31 54 94 4 65 35 73 46 10 45 82 77 9 76 84 84 81 25 31 1 88 20 11 34 95 37 94 43 88 51 58 67 95 42 5 14 56 97 4 22 36 54 14 4 54 30 62 40 31 56 43 9 91 42 62 32 91 91 80 35 35 23 
86 18 61 8 57 92 99 16 16 48 34 40 43 24 55 33 14 0 71 35 17 71 96 20 66 1 37 59 13 40 27 82 65 51 97 6 43 34 39 38 82 39 8 61 42 29 83 2 88 9 44 92 61 10 82 37 99 78 55 48 14 59 90 30 64 91 71 24 63 83 11 13 5 16 77 19 32 53 
52 22 19 9 8 33 55 18 89 40 32 44 95 94 13 47 22 36 67 86 38 96 25 14 80 44 10 4 98 84 68 92 63 50 41 67 58 14 5 47 62 84 57 71 38 14 72 47 15 67 86 77 83 40 92 73 73 30 0 17 94 67 42 79 46 76 52 70 31 58 79 25 31 62 34 27 67 63 
83 60 19 79 63 78 56 99 65 18 80 59 86 55 44 64 99 40 44 44 69 54 26 50 53 74 13 57 27 53 34 65 44 6 99 2 73 46 13 60 71 13 21 74 29 55 30 10 51 33 28 99 10 35 51 25 54 71 43 23 73 10 3 93 22 69 73 20 40 14 73 69 22 12 27 78 63 55 
59 81 48 13 5 19 76 63 42 66 59 89 34 13 10 29 93 69 46 14 43 32 78 45 65 40 62 24 5 1 27 73 48 62 62 69 74 42 20 12 14 4 93 46 69 88 45 93 74 64 83 89 74 55 98 12 90 90 22 93 78 7 13 6 93 13 68 11 34 70 28 47 12 24 74 1 88 0 
90 99 3 60 42 92 79 53 90 22 31 15 82 46 9 40 77 58 34 70 98 22 64 63 19 39 97 74 96 35 38 26 30 72 17 95 23 76 43 98 42 46 91 72 93 82 23 24 32 35 55 15 85 60 87 93 65 19 61 93 37 30 37 77 49 44 21 66 76 79 47 0 50 38 16 30 56 33 
93 60 16 5 10 58 22 84 35 40 95 69 42 89 90 2 41 74 17 90 24 53 99 63 21 1 73 26 82 89 31 55 40 96 76 54 54 31 21 31 19 67 89 19 85 78 98 31 74 14 26 75 20 18 2 10 48 56 42 89 24 70 45 94 74 56 67 16 15 49 19 29 92 86 18 40 0 73 
88 16 42 57 11 25 0 34 86 22 22 17 30 51 5 86 12 61 74 81 69 82 7 9 92 11 41 63 20 97 68 94 84 62 47 39 37 16 75 48 55 79 86 87 52 62 28 23 46 70 22 98 13 7 29 9 91 13 97 95 47 29 36 56 91 13 35 58 68 43 52 35 83 76 68 19 88 33 
77 85 83 36 23 82 45 48 53 61 73 52 9 55 11 13 85 1 25 93 22 28 60 38 70 25 60 2 61 70 1 98 93 28 2 25 82 37 65 5 58 63 96 42 19 39 98 98 80 35 30 41 57 85 59 73 54 42 42 41 55 97 28 64 86 32 18 75 52 72 76 8 93 64 24 30 43 89 
39 92 32 2 17 75 56 68 24 76 96 41 45 95 56 59 21 44 27 40 47 15 49 22 3 85 53 28 25 54 69 31 79 94 99 51 72 19 23 37 72 30 13 57 60 53 59 3 99 31 45 46 7 46 40 52 47 12 69 62 12 9 82 42 9 70 82 94 85 58 47 10 90 37 94 65 27 51 
51 21 48 17 27 47 36 70 59 81 93 38 44 76 65 95 43 1 58 44 54 55 16 22 68 49 54 64 40 12 56 82 14 72 21 20 83 53 15 37 83 25 94 55 73 10 14 98 61 19 39 95 5 53 84 53 16 79 87 60 97 1 31 94 46 89 36 42 51 20 17 37 35 49 31 97 31 55 
34 23 18 55 62 72 84 54 39 41 87 55 2 82 1 98 44 47 26 59 86 98 96 24 32 76 94 72 69 48 95 42 70 31 60 21 12 17 2 51 21 26 64 86 47 45 98 18 77 70 51 48 38 2 89 75 99 26 93 97 62 56 96 67 18 33 42 47 46 51 67 92 27 44 74 36 71 49 
7 67 48 71 16 90 89 9 95 17 16 84 75 15 20 73 9 51 64 41 93 30 8 83 44 75 5 27 12 31 85 84 82 6 77 95 21 74 3 61 33 58 43 16 82 55 19 37 51 9 99 0 54 46 6 30 59 44 76 54 43 62 40 30 34 65 14 66 81 76 32 94 6 23 42 68 27 93 
28 23 15 76 54 39 5 83 5 10 33 71 17 92 41 35 76 76 30 21 42 67 84 53 94 45 94 11 54 40 47 94 29 84 20 76 41 49 1 23 80 75 67 10 95 91 29 35 32 5 55 32 91 79 18 33 73 65 17 53 4 92 60 18 72 12 46 92 50 42 0 65 28 95 98 69 31 84 
1 89 28 37 55 13 22 95 62 18 86 62 29 76 82 28 43 66 85 9 26 2 63 71 55 94 49 1 13 37 48 62 20 68 28 89 98 12 63 5 26 64 73 92 31 77 21 86 23 78 81 42 12 76 73 27 57 80 44 62 0 71 89 87 85 17 76 73 11 47 94 66 39 84 48 4 29 12 
29 66 0 93 94 6 50 22 7 81 3 26 67 26 39 26 74 38 50 86 89 92 13 93 73 8 65 59 15 4 48 3 98 55 92 16 70 79 53 82 88 35 9 93 68 96 39 70 88 15 47 13 22 8 60 37 45 35 18 95 28 79 33 16 36 98 72 84 25 72 81 13 47 20 37 13 63 37 
90 38 23 26 47 40 63 3 26 41 88 56 45 25 9 86 45 12 36 25 17 89 93 43 65 53 1 99 81 51 39 96 84 65 35 24 10 39 98 47 79 6 29 4 91 6 37 25 9 48 73 32 63 59 24 76 36 27 96 47 91 94 34 6 47 13 49 5 11 95 62 34 99 97 15 35 9 88 
74 80 62 84 80 23 92 15 81 23 52 82 23 14 48 30 48 90 29 58 1 90 75 6 18 35 75 84 41 76 89 3 16 26 82 21 11 56 52 32 86 91 28 23 24 94 91 78 48 94 24 8 83 67 57 48 90 72 55 91 51 80 45 86 76 47 17 23 19 32 96 74 61 32 78 1 52 89 
7 73 58 21 31 73 76 5 68 12 35 70 79 68 10 9 57 4 36 17 46 94 49 53 46 5 3 7 46 92 27 4 29 86 53 62 51 1 14 93 2 30 93 64 86 18 35 13 41 24 24 1 75 78 50 48 95 14 27 57 92 73 84 9 42 28 23 46 64 81 22 73 83 58 4 12 0 36 
15 57 93 34 6 19 67 44 42 68 21 26 8 1 98 69 7 89 45 49 81 95 35 87 65 82 62 56 79 40 17 68 39 63 33 11 97 82 7 33 31 55 95 43 83 97 64 34 90 11 72 42 75 92 18 52 43 28 16 39 50 60 19 34 57 97 22 42 59 57 86 68 10 32 14 14 61 15 
79 45 40 54 81 3 63 66 30 6 34 44 12 83 30 50 42 76 30 46 62 84 4 80 48 76 46 40 94 34 20 63 29 21 60 21 54 16 7 11 99 81 23 26 42 50 3 53 73 9 32 43 47 77 90 54 94 75 24 10 28 88 86 31 12 99 31 61 83 49 77 45 38 50 31 20 78 50 
66 89 81 24 84 97 4 24 77 73 43 19 4 96 78 88 8 34 25 66 72 34 6 45 56 78 0 92 43 65 27 68 6 81 80 66 27 35 52 61 31 36 76 8 21 54 51 63 7 87 24 44 18 52 82 0 4 16 41 20 1 59 94 43 99 5 21 51 69 80 67 48 34 32 46 70 5 51 
65 30 28 56 73 13 88 66 19 66 76 35 43 80 60 74 26 36 4 59 9 73 50 47 76 13 22 21 47 28 87 50 74 45 17 43 33 24 71 17 86 50 7 10 55 68 68 25 11 2 76 28 73 11 47 82 52 6 9 39 77 35 11 82 68 93 20 91 4 39 30 33 62 14 44 97 60 5 
77 27 95 86 17 61 46 75 38 76 71 37 94 96 46 64 83 43 48 42 82 25 13 80 84 3 86 6 85 73 46 95 53 25 70 10 20 82 83 53 69 69 15 21 70 0 2 24 84 44 24 92 8 76 4 92 80 92 76 73 13 11 34 46 88 37 85 66 22 65 18 94 46 78 36 37 7 80 
11 55 77 80 51 69 33 50 61 51 88 0 39 97 99 25 84 25 55 73 22 80 28 78 56 89 15 12 50 88 4 28 58 40 10 82 48 22 13 48 68 79 79 19 61 75 24 68 92 45 91 39 30 79 51 52 35 28 13 96 73 35 30 77 40 93 41 60 9 32 73 5 62 73 35 32 57 82 
50 3 60 61 51 85 92 74 71 2 72 78 97 96 58 66 30 58 99 42 27 21 58 54 78 66 80 19 56 40 0 33 79 25 23 12 57 9 43 98 11 96 91 69 50 15 64 37 70 20 92 25 52 39 29 28 76 8 46 90 83 73 40 6 82 57 3 59 51 18 36 75 43 3 93 91 99 62 
8 86 85 56 95 41 65 67 59 87 72 81 27 64 41 3 35 37 35 89 85 75 84 39 38 74 4 57 52 96 14 23 14 5 9 9 25 99 43 69 40 21 22 33 49 50 30 28 68 20 13 74 94 1 49 57 17 21 90 17 58 38 85 75 97 34 15 32 17 70 6 41 77 42 31 73 12 47 
44 41 28 36 53 58 63 36 85 88 22 73 30 76 67 33 71 43 68 18 57 28 91 73 68 42 15 33 9 45 63 24 26 35 18 46 7 23 75 48 25 35 2 78 46 92 88 8 90 29 49 35 11 82 72 23 20 63 96 74 66 65 89 50 83 72 90 87 82 33 18 46 59 49 62 35 87 17 
32 73 43 76 48 89 59 46 37 57 38 52 2 46 73 55 74 44 6 77 20 31 83 56 33 72 7 45 6 89 7 93 7 96 59 66 33 77 13 42 45 10 81 3 56 59 16 80 76 76 58 54 49 64 61 47 92 34 92 5 31 73 65 15 33 44 45 33 80 75 1 26 15 96 44 76 96 36 
16 65 19 95 8 10 26 41 77 50 65 78 20 52 21 10 82 59 51 87 12 33 90 5 53 59 98 12 35 67 90 9 45 61 53 52 90 96 38 87 98 30 13 1 95 29 61 1 31 93 94 12 85 86 89 97 77 92 21 43 88 68 48 61 8 48 59 47 30 96 68 54 93 89 34 59 97 14 
63 61 42 43 69 3 67 8 56 33 91 19 12 93 83 95 39 47 19 0 83 83 51 55 97 10 44 30 38 37 43 94 87 58 39 42 93 24 41 28 50 37 0 24 6 76 31 23 64 79 36 16 66 12 45 98 25 49 31 33 81 35 70 53 21 57 78 20 56 71 53 8 72 38 66 40 21 30 
81 97 27 91 34 75 59 23 78 98 44 96 93 33 64 96 28 86 21 53 46 74 49 56 19 80 20 23 11 87 33 75 64 75 73 71 60 37 89 49 47 32 35 8 30 92 44 99 55 68 94 58 52 4 9 86 22 33 85 30 61 25 74 88 90 23 19 54 97 80 83 56 97 87 91 52 78 41 
19 34 28 65 10 11 1 14 24 59 48 86 81 70 67 87 87 55 36 16 9 81 76 16 64 73 40 75 32 17 8 38 63 64 65 50 3 84 54 76 7 58 52 78 5 27 16 28 33 10 33 46 80 94 5 71 74 82 96 23 97 73 71 54 85 7 86 72 50 95 31 91 97 22 11 72 2 20 
40 22 19 55 33 9 37 68 98 6 3 72 40 34 16 95 71 56 57 79 33 80 1 8 27 75 88 89 73 63 45 69 42 62 73 60 40 27 83 83 72 50 21 76 47 14 37 12 39 65 29 98 2 88 23 0 91 27 45 47 54 26 24 15 85 43 99 15 83 63 67 70 84 41 5 26 95 0 
41 8 12 63 93 42 69 89 11 31 65 98 9 20 94 91 16 38 97 13 66 58 73 91 56 12 32 0 37 86 25 28 28 79 57 63 43 16 80 97 7 13 57 31 57 82 99 79 2 6 42 96 37 88 32 21 97 57 88 85 61 47 95 82 0 48 3 72 22 71 25 99 38 19 24 84 59 79 
77 32 90 41 2 69 85 79 60 93 34 91 92 94 33 73 51 68 53 82 81 48 57 31 6 44 90 91 73 92 5 20 37 14 80 34 78 4 83 23 50 30 6 52 80 60 99 19 66 24 51 5 31 65 42 15 39 24 61 61 7 47 26 22 99 27 32 66 31 41 75 10 70 46 18 78 23 79 
48 11 99 20 93 79 18 16 37 66 4 55 31 42 28 95 62 34 31 68 9 39 33 99 4 93 52 58 41 30 74 65 77 20 48 89 77 5 7 50 50 4 96 70 78 5 11 83 62 11 53 71 92 47 88 24 66 82 35 43 27 59 48 65 44 42 7 79 33 85 98 57 92 4 15 29 54 47 
75 43 72 96 54 98 49 16 92 67 54 96 97 72 54 73 58 77 83 75 67 12 65 11 20 68 88 58 60 26 70 3 59 31 82 87 47 58 56 89 91 93 68 3 26 84 9 29 95 27 4 57 6 55 26 42 12 3 66 92 54 1 45 20 37 70 10 38 6 93 57 25 39 19 17 93 51 9 
83 60 15 58 50 95 39 12 44 7 55 69 83 68 94 50 33 17 6 31 2 45 74 93 50 35 28 62 13 91 83 61 44 10 93 4 61 88 57 99 41 41 22 88 67 42 79 52 58 16 75 73 31 37 96 94 43 22 11 83 9 72 19 77 18 13 56 90 91 86 34 60 83 39 74 36 63 70 
26 76 25 5 52 14 40 24 15 86 88 53 48 28 80 96 33 44 21 92 37 9 50 81 30 10 21 7 89 36 61 95 67 58 5 4 76 76 82 91 43 6 58 38 12 4 48 6 7 4 59 57 40 94 8 63 82 97 88 34 14 65 6 95 39 0 7 53 71 81 44 78 15 63 13 35 29 34 
28 63 65 29 33 99 88 90 1 59 61 61 46 39 36 36 43 69 61 97 86 41 51 74 22 33 35 6 74 83 13 90 47 38 31 21 32 62 20 26 80 19 5 60 16 80 22 77 19 32 25 36 96 6 3 92 25 96 37 20 51 78 20 97 43 20 82 67 87 48 52 56 28 19 50 7 48 1 
11 66 21 50 98 60 18 55 80 46 93 73 24 28 86 4 12 81 18 59 52 98 86 27 14 94 95 40 50 41 11 21 3 24 49 15 27 17 96 9 68 72 16 46 71 12 22 36 2 38 84 11 99 2 27 24 97 6 2 66 37 40 36 12 12 38 70 5 68 4 71 95 94 39 40 12 72 88 
27 2 85 38 41 27 72 70 77 62 80 49 77 78 82 88 71 99 13 12 45 3 41 35 96 18 65 87 72 58 90 29 85 85 78 45 17 77 93 65 50 66 7 3 95 83 14 51 22 84 31 2 96 52 43 41 18 3 42 18 37 45 22 51 82 42 51 0 75 7 38 20 31 82 80 49 25 8 
64 86 89 37 26 19 96 13 21 57 19 91 46 15 89 61 61 33 29 99 23 2 69 86 39 67 74 58 77 82 63 70 50 10 69 82 7 34 99 6 70 20 53 57 11 26 64 34 31 77 99 55 46 53 74 79 74 3 31 80 73 79 45 13 8 90 79 28 81 71 63 20 10 78 72 78 14 16 
98 88 20 13 16 9 27 14 86 61 75 26 42 45 77 7 48 85 29 3 84 91 57 49 15 49 44 21 7 48 84 73 6 85 76 50 61 11 56 90 21 38 32 77 30 60 62 37 69 42 14 1 85 22 69 34 89 8 67 87 42 56 29 82 31 3 66 52 98 88 84 66 82 86 79 35 28 14 
97 87 47 39 0 60 2 54 31 84 36 64 71 82 3 76 61 21 44 55 67 50 30 11 86 97 21 58 18 54 98 55 31 41 96 37 30 79 95 88 39 22 47 56 33 21 19 72 29 37 60 9 80 51 47 18 24 85 13 3 25 36 49 35 84 84 47 42 42 13 65 22 11 1 26 91 91 74 
80 76 84 1 56 58 93 64 17 99 5 5 37 77 30 39 17 26 71 66 43 13 40 54 21 69 82 79 73 13 28 75 57 48 93 92 33 47 35 49 0 79 59 5 62 70 11 83 4 60 35 89 87 30 69 4 6 85 93 22 79 45 45 6 34 78 0 82 7 23 49 56 54 85 74 87 22 93 
61 7 90 58 55 8 7 78 14 59 30 8 11 99 88 25 22 76 75 47 13 88 18 29 62 29 23 45 89 56 20 98 73 16 87 70 62 3 60 35 31 53 11 16 96 78 10 30 17 7 2 63 50 51 6 65 75 27 89 61 32 34 18 5 45 16 49 83 17 95 70 18 17 49 0 41 46 27 
60 27 17 51 44 14 81 24 8 7 29 9 26 95 28 51 59 27 29 8 61 69 88 67 22 42 50 71 3 12 17 71 4 41 13 78 9 93 24 62 59 25 13 89 52 4 74 79 78 63 55 44 66 6 46 65 79 52 89 75 71 11 41 52 64 98 34 27 88 51 58 92 34 27 0 86 77 38 
69 96 95 81 12 17 21 50 8 52 61 7 39 89 34 44 63 33 57 16 16 67 38 20 87 35 27 53 33 39 51 67 88 38 93 69 55 27 7 22 79 51 39 46 79 65 39 84 41 89 6 86 6 75 19 77 26 35 4 40 87 17 50 47 18 56 43 82 14 65 43 97 2 31 89 29 26 96 
24 99 12 76 1 80 60 82 78 97 56 66 70 43 41 9 91 30 29 4 52 5 50 93 26 71 41 4 60 84 84 66 21 70 28 83 96 59 91 65 11 11 16 94 70 8 14 57 89 68 9 85 12 93 87 33 60 35 2 53 98 15 14 93 0 84 87 83 46 48 57 29 5 22 78 54 96 10 
0 74 56 87 30 64 64 10 77 63 23 70 83 39 96 58 68 16 45 23 13 23 70 26 62 29 20 86 36 17 4 33 51 65 27 30 59 75 21 64 26 55 32 71 64 76 17 21 90 67 20 81 94 18 58 30 44 18 65 15 80 71 49 90 21 52 58 55 6 49 18 53 13 90 57 18 76 99 
37 78 53 38 66 60 63 16 45 97 39 47 14 37 29 80 44 7 88 40 65 98 12 48 42 11 3 90 35 36 99 82 88 85 36 25 21 97 12 65 84 6 45 81 81 19 70 62 3 59 44 29 12 80 23 55 23 54 28 4 28 56 12 68 54 21 92 29 75 81 13 35 8 39 76 7 80 91 
68 81 69 70 90 97 57 48 68 13 68 13 91 56 12 25 5 7 57 96 90 3 96 35 55 64 98 89 72 73 98 2 12 75 94 27 30 97 83 68 7 98 23 41 3 44 14 91 24 13 51 81 59 77 74 32 56 29 21 97 22 36 51 9 99 2 87 86 10 71 67 39 33 96 46 81 63 18 
82 20 86 48 19 36 2 24 81 41 58 0 85 4 57 50 22 50 70 63 72 83 47 81 71 83 72 90 93 36 36 97 21 77 75 42 7 22 24 69 77 54 97 37 86 40 48 40 40 6 2 82 3 82 21 67 17 54 24 81 75 95 70 96 38 27 27 88 56 33 67 71 58 22 82 48 50 93 
24 24 77 55 36 38 21 1 30 76 61 93 36 57 3 50 73 15 39 36 26 96 10 48 14 35 35 29 65 23 80 30 4 83 40 15 43 32 81 5 5 30 49 52 76 42 71 33 33 24 34 32 32 21 5 29 54 18 14 15 67 58 86 7 50 58 16 27 85 96 71 77 67 92 45 54 22 48 
43 77 61 11 3 54 51 23 62 73 24 67 40 26 63 69 30 15 22 89 39 83 53 82 63 90 80 23 83 10 1 59 53 97 23 12 46 30 84 24 27 40 0 86 79 29 66 82 85 2 63 52 26 87 82 73 15 77 41 53 4 78 72 22 32 12 26 63 34 21 37 24 48 72 89 92 86 35 
3 0 40 1 69 86 68 17 73 27 72 98 67 31 0 22 26 36 50 55 55 21 2 27 52 55 61 84 67 57 84 10 93 15 52 51 16 7 92 39 92 5 14 65 62 39 16 86 54 53 16 6 59 96 95 80 99 34 26 55 73 65 84 36 2 96 45 9 78 44 15 2 94 40 26 92 87 26 
56 18 79 94 30 0 36 23 83 76 78 50 77 88 35 8 37 94 79 68 71 38 99 64 83 14 2 1 83 29 45 88 29 0 39 11 90 27 84 49 74 35 54 96 84 47 79 85 97 49 80 40 88 53 69 75 58 14 75 7 88 71 15 72 89 84 21 40 44 91 16 61 3 25 76 79 84 82 
57 50 30 80 89 19 32 80 8 58 80 14 82 77 42 83 11 6 14 50 75 24 84 87 44 91 58 37 0 50 61 20 94 12 7 92 81 38 85 54 98 29 44 86 24 68 31 88 17 46 75 9 7 80 76 3 65 50 49 61 78 34 63 55 16 27 59 68 9 44 92 55 69 6 44 75 7 50 
16 1 98 63 40 81 36 21 5 17 92 42 13 83 90 50 37 54 1 93 23 78 81 51 45 54 82 72 24 46 47 13 61 78 6 53 35 87 12 81 53 92 25 36 39 67 77 56 21 30 65 83 60 15 69 52 4 98 70 68 47 68 52 25 78 49 62 80 66 10 39 54 67 90 84 51 3 41 
77 66 40 80 69 89 55 69 87 62 6 34 79 46 30 38 17 80 89 95 93 13 86 33 30 58 62 38 38 58 75 4 40 23 82 33 5 45 44 79 90 93 67 37 59 61 80 84 50 9 40 10 46 0 66 26 71 52 42 46 65 8 12 27 30 12 81 10 73 56 8 9 86 82 10 46 34 22 
96 39 38 54 70 94 64 62 8 74 9 56 57 7 84 21 31 51 49 2 41 69 28 3 5 18 81 51 8 36 22 96 32 99 53 76 85 84 90 69 56 39 52 41 60 16 17 77 54 14 43 90 40 4 52 20 73 82 29 18 5 97 83 92 0 31 10 16 55 6 79 77 49 70 55 71 38 15 
47 4 71 18 39 20 91 47 78 33 53 5 62 68 42 80 93 99 90 19 4 52 32 28 47 74 38 94 51 52 97 88 87 41 88 69 2 53 69 84 20 29 94 7 93 80 52 22 9 34 82 93 79 51 6 12 80 69 68 77 3 2 90 44 53 95 59 55 83 57 29 72 48 69 88 78 97 30 
44 71 42 17 95 88 34 71 62 89 12 85 77 70 8 18 99 58 23 87 32 15 93 72 82 64 95 29 54 72 33 10 93 52 22 79 79 14 91 93 18 94 23 60 62 5 50 77 31 53 67 93 55 16 11 56 30 30 2 25 56 4 12 87 46 16 95 7 32 74 90 86 84 20 97 48 28 48 
20 87 74 2 6 89 96 35 98 83 85 14 99 57 7 63 31 23 9 4 61 4 2 10 37 5 58 3 6 54 24 70 6 38 97 78 13 2 87 94 21 46 15 93 6 67 88 36 78 81 8 83 60 44 49 83 75 3 12 88 6 23 3 50 30 48 5 95 34 75 26 17 84 23 76 27 68 99 
54 92 94 33 8 59 61 15 71 48 18 31 87 60 54 47 87 51 54 85 12 98 30 61 75 19 47 18 58 58 56 47 9 49 17 35 44 67 62 13 52 41 63 79 58 80 16 17 89 17 75 26 0 32 77 66 48 52 82 22 8 37 6 38 92 46 73 32 24 47 77 30 22 53 89 21 72 8 
75 74 62 74 97 0 46 79 31 0 63 62 84 18 4 32 55 47 44 70 0 2 15 36 97 47 13 9 0 78 44 63 88 44 15 9 10 63 75 81 64 6 2 51 93 82 88 19 39 40 44 43 66 9 80 11 81 56 24 10 98 21 86 83 82 51 10 53 79 90 90 62 16 33 71 63 94 16 
43 89 38 78 55 11 73 66 16 50 22 95 26 93 29 58 94 74 47 9 1 32 92 99 52 48 96 87 60 5 45 12 80 19 74 44 27 43 45 49 42 66 6 4 91 66 30 33 3 45 9 53 62 74 71 29 0 16 3 11 90 43 50 33 93 99 57 38 54 4 73 86 13 17 36 16 4 73 
59 57 22 16 76 48 31 25 84 97 17 49 83 31 39 99 44 60 95 26 5 89 11 2 88 83 77 49 21 79 19 38 66 26 68 37 95 55 24 82 46 4 65 34 11 69 57 90 32 27 81 70 71 15 6 82 99 89 87 10 8 24 5 87 37 40 9 16 70 18 86 24 0 82 18 47 65 89 
83 86 37 21 34 4 83 64 34 25 75 21 23 60 26 20 80 7 81 35 74 63 51 55 65 58 83 22 0 62 28 45 47 40 3 33 49 8 83 79 90 29 71 48 56 65 35 2 57 39 39 21 72 67 78 20 54 30 7 56 36 24 57 40 77 3 12 94 22 45 6 7 18 73 9 74 83 62 
71 26 49 99 99 3 71 74 27 20 61 42 10 69 20 81 78 52 84 55 23 98 61 80 29 22 32 83 53 33 12 87 55 58 68 62 36 53 56 46 46 23 0 49 47 7 17 78 54 75 38 0 46 88 53 44 81 35 24 76 17 65 12 21 31 9 5 9 98 46 9 83 25 29 66 53 85 78 
3 97 6 2 65 39 37 46 63 12 43 36 4 15 5 23 92 63 66 15 61 34 58 9 0 64 70 78 35 87 2 34 29 71 44 71 11 8 38 57 56 6 58 18 22 4 61 14 83 52 14 41 16 59 18 29 56 4 84 32 37 47 76 11 79 69 32 63 98 47 76 47 77 60 36 77 77 81 
20 3 88 51 93 25 96 55 72 60 30 10 42 38 46 84 36 46 68 43 90 86 96 14 53 2 54 21 97 19 24 26 0 81 60 94 24 27 75 58 4 48 50 93 60 19 81 42 84 72 41 66 38 57 56 69 93 92 26 27 65 44 32 82 93 2 56 19 71 70 78 85 32 47 10 90 28 29 
10 14 58 53 37 96 12 62 94 4 19 28 50 17 72 29 13 47 86 91 36 82 93 3 92 55 91 40 28 10 79 52 12 19 12 7 61 88 59 68 12 17 17 11 53 75 52 15 43 8 14 48 90 61 95 67 10 25 61 46 62 57 65 95 25 51 85 26 23 94 89 44 46 63 20 9 74 19 
21 27 32 36 37 77 18 60 32 40 11 82 61 25 12 91 93 89 35 93 11 54 20 19 86 79 89 76 89 9 97 84 82 89 64 80 23 69 38 48 58 13 74 0 35 52 31 95 19 29 50 98 86 29 64 23 27 21 33 54 12 63 92 16 26 18 43 95 40 56 96 61 14 90 86 52 87 87 
8 5 3 6 5 5 7 0 7 4 6 7 2 7 8 6 9 7 6 8 1 8 2 4 4 0 2 2 6 2 0 4 5 5 0 4 2 1 7 9 3 6 1 3 7 1 3 7 0 4 3 4 6 6 9 9 6 4 0 9 1 6 4 4 6 2 1 2 7 8 5 1 8 6 1 6 9 3 
0 7 9 6 7 6 8 2 5 9 6 9 3 5 0 0 9 2 6 5 1 2 9 2 8 9 5 1 2 9 3 0 9 1 7 8 4 4 1 0 4 0 0 4 8 4 8 1 5 9 5 1 7 3 3 4 6 3 0 8 4 2 2 4 5 3 9 9 9 2 8 5 2 4 7 6 3 3 
2 6 1 1 4 3 6 0 8 1 0 9 7 6 2 6 3 5 2 9 3 1 1 2 7 2 2 9 9 8 3 5 0 9 6 4 9 9 1 5 4 1 4 1 8 5 5 6 4 9 3 8 4 4 4 8 2 4 8 9 1 0 5 5 2 2 4 0 9 4 3 3 4 3 5 2 2 4 
6 8 7 5 3 9 2 9 9 8 6 6 5 6 3 6 1 0 9 3 4 0 4 5 4 2 7 9 5 8 6 9 5 8 9 6 7 5 9 0 4 5 7 9 8 6 2 1 2 3 1 2 4 1 6 3 4 5 8 1 3 9 6 5 4 2 4 3 5 2 4 0 9 1 9 5 3 9 
6 1 3 3 3 2 1 3 5 7 4 5 2 2 7 8 9 6 5 3 7 9 9 7 9 5 2 0 7 1 2 5 8 9 7 4 1 1 9 8 0 8 8 8 6 4 6 7 5 0 0 2 9 0 3 7 9 6 4 1 4 6 9 9 2 1 7 8 3 3 5 5 4 0 1 0 1 5 
9 5 7 1 4 3 7 1 7 1 7 8 9 1 7 4 1 3 7 1 0 0 7 8 6 9 8 0 3 2 3 5 4 1 7 5 0 9 4 5 3 6 4 1 2 9 6 2 5 6 7 8 0 3 1 8 5 4 8 5 7 2 0 1 5 1 9 8 6 5 8 5 0 4 3 2 5 2 
3 6 1 2 4 1 9 5 8 5 1 1 0 0 6 9 2 7 0 1 9 1 6 2 5 6 1 2 5 2 1 6 7 1 4 4 6 9 2 2 8 4 1 4 7 6 8 1 6 6 6 3 5 0 9 2 2 5 6 1 4 3 5 1 8 6 7 8 2 8 0 2 7 3 1 7 2 5 
3 3 2 1 8 0 4 9 6 4 4 0 4 1 9 7 8 4 7 1 1 3 9 9 8 9 5 9 1 4 7 8 7 2 2 2 9 8 2 1 7 8 6 1 3 4 3 1 3 1 0 4 6 9 3 8 8 5 2 2 0 1 3 8 5 8 8 0 8 7 0 9 2 6 6 3 1 3 
7 8 6 4 1 6 0 1 8 4 2 0 5 2 4 3 6 1 2 7 8 3 6 4 5 2 3 7 6 9 5 2 8 8 2 5 0 7 7 7 3 4 3 0 8 1 3 0 2 3 2 5 4 0 1 0 0 7 8 7 0 7 9 4 4 0 6 9 4 1 9 5 9 6 0 0 4 1 
4 0 1 3 3 4 6 7 6 7 5 7 5 7 7 2 1 7 3 7 4 4 2 5 0 2 2 8 3 8 3 8 1 9 6 3 2 9 4 2 9 5 3 9 9 9 3 4 7 6 8 2 5 0 5 3 2 4 2 0 0 6 3 8 0 8 0 7 2 3 8 4 1 1 7 4 6 5 
8 4 4 9 0 1 4 8 2 8 8 4 0 9 3 6 3 6 1 4 9 7 7 7 7 6 4 1 5 0 6 9 8 6 1 5 1 1 8 9 3 5 8 7 1 3 2 7 8 6 8 7 5 1 7 7 4 7 7 3 5 7 2 8 8 7 1 8 1 9 4 5 5 0 2 5 3 4 
9 5 9 0 0 0 7 9 1 8 3 6 0 2 3 2 5 0 4 9 2 1 7 2 3 5 3 9 4 5 7 0 4 5 0 5 4 4 1 7 7 0 3 2 1 6 4 3 0 0 6 4 6 5 4 3 6 3 6 0 5 3 3 4 8 4 0 5 2 5 1 8 8 3 2 3 5 0 
1 9 0 8 1 4 7 9 3 0 5 6 9 2 9 5 8 9 1 4 4 8 9 1 5 5 4 9 4 1 7 2 5 8 2 0 5 1 8 1 2 3 8 2 3 3 9 1 3 5 3 4 1 9 8 3 0 8 3 0 7 9 5 1 4 2 0 4 4 2 0 9 7 4 4 5 0 0 
8 5 7 4 6 2 0 7 0 5 8 5 2 6 6 5 3 8 6 4 0 9 4 2 5 8 6 2 1 1 5 6 8 5 0 0 3 1 0 8 4 5 8 6 3 9 2 5 3 9 1 6 5 5 6 2 1 8 7 8 5 5 5 8 8 9 5 8 0 9 0 3 1 0 9 4 1 3 
4 5 0 1 0 1 9 1 7 8 0 3 9 5 7 5 2 6 5 2 3 3 8 6 3 1 4 6 5 3 8 7 4 9 1 7 9 6 2 7 2 2 9 8 7 3 8 6 4 8 9 6 7 0 2 9 6 9 2 2 3 7 7 1 2 1 8 9 7 4 0 8 7 5 0 9 7 8 
6 4 1 2 4 5 4 0 4 7 1 9 7 7 4 1 2 7 8 5 9 8 6 9 9 2 9 0 4 0 8 4 7 7 3 7 6 2 9 5 8 0 9 9 6 3 3 0 0 2 0 5 9 0 1 4 5 6 0 6 3 2 6 2 1 6 3 5 1 0 4 4 7 6 9 2 1 0 
9 0 8 3 2 3 4 1 0 7 6 4 5 6 7 0 3 5 5 7 5 3 1 6 0 0 2 4 2 2 3 6 6 4 8 1 7 5 0 6 9 0 6 1 6 0 9 5 0 9 5 5 0 7 0 6 3 0 5 9 8 6 9 5 5 8 3 0 6 3 2 8 5 4 8 4 4 0 
1 1 9 5 9 8 6 2 6 8 5 3 9 9 1 9 6 9 9 4 1 7 7 1 3 7 2 2 6 9 4 1 7 9 8 8 7 5 5 1 7 0 1 2 4 8 8 3 6 5 5 9 5 3 0 3 8 8 1 3 8 5 8 6 3 5 6 5 3 7 2 8 2 4 1 5 6 3 
1 1 6 8 6 8 1 7 8 0 9 1 5 4 8 4 0 6 7 4 9 5 2 4 7 6 0 5 8 2 7 1 5 7 7 6 4 7 7 0 0 4 5 8 7 0 6 6 9 1 4 6 0 0 5 4 7 3 5 9 0 2 7 4 4 9 7 8 2 9 5 8 7 0 7 4 2 0 
6 7 5 5 8 5 8 5 3 3 8 9 3 3 6 0 5 9 7 8 8 4 8 0 2 9 1 1 7 0 5 3 9 9 7 4 5 0 6 1 5 0 7 5 3 9 6 9 5 3 9 4 4 4 9 3 1 2 9 4 1 6 7 1 6 9 4 7 3 0 7 5 6 8 7 4 1 6 
6 1 6 9 4 8 7 3 5 7 8 9 7 6 9 3 0 6 7 8 1 8 9 1 4 9 4 9 5 6 9 7 6 5 1 2 3 9 1 7 8 9 4 4 8 8 9 0 9 6 7 9 0 4 0 8 6 5 7 4 3 3 2 3 1 1 2 1 2 4 4 4 9 9 3 1 5 5 
8 0 3 5 5 3 5 7 3 9 0 4 5 9 2 8 0 0 3 1 3 3 0 7 3 7 6 8 7 4 2 7 2 7 1 4 1 5 0 2 5 9 8 7 0 0 7 1 4 9 9 5 9 3 5 8 7 7 4 2 5 1 2 4 8 4 8 8 4 3 1 7 5 9 4 6 5 9 
9 5 7 6 0 6 2 1 2 5 1 5 3 1 6 8 5 1 0 3 5 4 4 5 9 2 1 5 8 8 8 4 1 8 9 6 4 4 1 6 7 4 7 1 1 5 0 7 0 0 3 8 3 2 7 0 5 3 3 2 1 2 5 0 6 1 1 8 7 7 1 4 5 9 0 9 7 9 
3 3 8 4 9 7 9 6 3 8 1 6 5 3 0 1 4 8 5 1 8 7 7 2 8 9 7 5 6 4 3 1 7 6 1 2 0 2 8 6 7 3 3 0 8 7 4 2 5 5 0 7 3 1 2 9 3 5 9 6 6 6 9 6 2 8 2 6 9 5 4 9 8 0 5 6 5 3 
7 4 3 2 3 8 0 7 9 4 5 6 9 9 0 1 2 5 1 7 2 2 1 9 1 5 3 7 9 7 8 3 9 7 2 0 3 9 5 6 2 1 8 2 9 2 8 4 6 3 4 0 4 2 0 3 1 1 9 2 5 7 5 5 7 5 4 7 7 4 2 2 4 4 3 8 0 1 
4 5 3 3 1 6 4 9 4 3 4 3 2 2 9 4 8 8 1 5 3 2 8 3 2 6 5 9 7 1 8 8 0 6 5 6 7 1 9 5 2 2 1 5 1 9 7 1 2 7 0 2 2 4 7 9 6 9 0 7 1 1 6 7 5 0 0 4 7 7 4 6 7 7 0 6 1 8 
5 1 6 2 2 4 0 8 9 0 0 8 1 8 9 4 2 3 8 3 2 0 4 3 0 7 3 9 9 2 6 3 7 6 1 5 7 2 5 6 7 7 9 0 5 5 2 5 8 0 7 2 0 0 6 7 0 9 0 0 9 9 9 4 9 0 4 8 0 8 2 0 9 2 1 5 3 4 
3 1 6 2 3 4 3 3 9 8 3 9 4 0 5 7 7 7 7 4 2 6 1 4 6 3 0 2 8 7 5 6 5 5 2 4 7 6 0 6 2 7 7 9 6 7 7 2 0 9 6 5 4 9 6 8 6 7 9 0 0 2 8 3 6 1 3 3 1 2 2 8 7 2 1 5 7 8 
3 5 6 1 2 4 0 6 4 8 5 8 2 2 5 2 6 3 7 5 9 5 3 5 7 7 9 4 7 4 1 8 0 3 6 7 8 2 1 8 5 6 0 3 6 5 4 5 0 7 2 3 6 6 7 7 5 6 0 3 3 5 8 9 7 3 9 8 8 9 1 8 0 9 4 4 1 6 
4 9 0 5 9 0 3 4 6 3 9 5 7 2 7 6 9 1 8 3 5 2 7 6 4 7 0 2 6 7 6 2 0 8 4 9 9 2 1 5 5 0 2 7 7 1 0 7 0 4 0 1 1 2 1 5 5 4 1 4 0 2 4 4 9 8 7 9 9 9 3 9 4 8 9 5 3 4 
3 1 1 1 7 3 7 6 3 8 3 5 1 1 6 0 5 4 7 0 7 8 3 8 2 8 5 9 7 3 8 1 1 2 6 1 8 6 1 4 1 2 9 3 1 4 3 6 7 5 4 3 9 4 3 2 2 8 8 2 4 6 0 4 3 3 3 5 0 7 9 1 9 0 9 1 1 8 
5 5 9 4 6 3 4 6 8 9 9 8 1 2 1 3 8 9 6 1 7 3 5 0 8 6 5 5 7 4 5 1 6 7 2 5 9 4 1 8 5 4 7 3 6 9 8 9 4 8 2 4 5 5 1 2 9 9 5 5 5 9 0 7 3 3 9 1 1 9 8 6 8 7 5 7 0 4 
7 4 8 3 7 5 4 3 5 2 8 7 5 9 2 6 7 8 3 5 4 8 3 1 1 4 5 4 3 9 3 0 0 8 2 6 1 2 3 7 6 6 8 4 4 1 2 3 6 9 2 0 6 6 3 5 5 9 0 5 6 9 7 5 9 4 1 2 3 7 6 9 0 5 9 2 6 0 
8 5 0 4 8 7 7 0 2 7 8 3 2 9 3 7 6 3 9 5 2 8 3 1 3 5 0 6 3 2 4 6 5 3 6 7 5 7 1 4 6 0 0 3 0 9 5 2 2 0 9 7 3 3 0 3 7 1 4 9 9 6 0 6 5 5 9 7 0 1 5 2 6 5 7 8 7 1 
2 0 8 6 4 8 4 5 1 8 9 3 2 9 4 8 2 5 2 2 8 5 8 0 0 0 8 3 4 3 3 9 5 8 1 2 5 8 0 6 1 5 9 0 3 4 4 9 3 5 6 1 4 9 3 2 0 0 4 6 1 3 7 4 6 9 8 3 0 8 8 3 5 9 1 0 7 8 
0 2 0 1 6 0 7 4 1 7 7 7 9 2 4 8 4 1 8 9 4 8 1 4 0 1 4 7 9 1 7 3 8 6 1 5 5 7 8 3 7 9 9 1 6 2 0 0 0 6 4 6 3 3 4 0 7 9 0 0 3 9 9 0 4 5 4 3 5 5 8 8 7 1 5 7 3 7 
6 8 9 1 7 4 8 4 3 4 9 9 0 7 6 1 1 7 2 8 5 0 7 1 6 3 7 9 7 9 8 1 5 4 4 4 8 8 1 4 2 0 4 9 5 8 4 6 8 1 1 6 5 0 1 2 4 4 8 1 0 7 0 1 3 4 9 4 8 4 7 1 6 7 3 7 7 8 
7 2 3 5 6 6 0 7 9 4 4 7 7 1 2 9 6 5 2 2 4 2 3 1 2 9 1 1 5 2 7 2 1 1 2 6 3 5 3 7 8 3 2 0 5 3 7 2 5 6 6 9 7 0 6 6 9 6 2 6 0 1 4 0 2 0 5 1 0 2 2 1 8 1 0 1 2 7 
1 2 7 0 8 0 7 2 2 9 7 3 4 1 4 8 6 6 2 0 2 4 1 4 2 0 7 1 8 6 0 6 6 4 1 3 2 1 2 2 1 6 9 5 3 7 1 5 1 1 3 8 7 5 3 2 1 4 8 3 2 7 7 8 8 0 4 2 4 2 7 3 4 7 8 3 2 4 
7 0 1 7 1 6 2 1 9 5 3 5 6 1 1 2 3 8 9 5 9 8 5 8 4 6 1 5 1 3 3 9 1 7 2 0 3 2 9 7 9 5 1 2 7 0 5 6 4 2 7 1 3 5 5 5 0 8 4 9 4 4 1 5 5 7 1 2 2 9 3 8 8 4 5 4 1 4 
4 8 3 8 0 2 2 5 3 8 2 2 9 1 3 5 9 3 9 1 3 4 3 0 5 9 7 1 1 9 4 7 8 7 5 9 5 5 9 9 4 7 0 6 7 4 9 4 3 0 9 9 6 9 3 4 4 6 3 4 8 1 2 5 7 1 2 1 7 6 4 5 2 2 1 6 3 8 
9 5 9 5 4 8 8 9 9 5 6 6 3 5 2 2 2 2 1 8 9 8 8 6 3 2 1 3 5 4 8 5 7 1 5 9 7 1 3 1 6 7 5 6 2 2 3 5 3 1 1 0 2 0 0 9 7 9 0 2 6 0 1 2 9 2 3 3 7 3 3 3 0 8 7 6 7 7 
2 4 5 5 3 2 0 6 4 2 1 2 0 7 9 3 3 7 4 1 5 2 1 9 9 5 5 4 5 2 2 7 4 9 3 3 1 1 1 6 1 7 9 1 4 1 1 3 6 7 9 8 1 1 8 0 3 0 1 2 3 2 2 2 6 0 2 6 0 4 3 9 2 1 0 4 5 4 
3 8 9 2 3 2 4 5 4 6 4 2 4 0 2 1 5 2 8 9 6 7 4 8 8 2 4 4 8 9 2 5 1 1 9 9 5 3 4 5 8 7 8 2 4 0 2 9 0 1 0 6 8 2 3 5 4 2 7 9 5 1 2 4 9 7 3 0 3 5 8 5 0 6 0 9 5 6 
7 1 5 8 7 6 8 1 0 4 5 4 1 2 5 3 6 4 7 4 8 1 7 2 9 0 2 4 3 0 9 2 0 2 1 3 3 3 4 1 7 1 2 0 1 2 8 8 9 7 7 9 0 2 5 0 4 2 5 7 6 1 0 7 9 2 1 2 9 4 3 0 7 3 1 1 2 9 
3 2 3 8 6 7 4 0 5 7 2 6 0 9 2 1 0 5 7 3 9 0 9 9 0 4 8 9 0 7 1 2 2 2 9 0 2 5 6 8 8 5 4 1 1 7 4 4 9 4 4 3 5 3 2 5 5 5 3 4 1 6 9 3 1 7 3 2 8 9 9 8 6 4 9 9 3 7 
8 5 0 2 1 6 1 6 8 0 9 3 0 7 1 3 9 2 6 5 9 7 5 9 1 3 5 4 5 6 1 5 7 0 0 6 0 0 5 5 3 2 0 2 9 4 2 1 8 4 9 9 0 1 0 9 4 6 2 5 2 2 5 0 6 2 9 1 9 4 7 9 2 8 6 3 6 2 
0 8 9 9 0 0 1 9 1 8 4 4 6 0 2 0 0 1 8 8 8 2 2 9 1 3 1 0 5 9 9 4 8 3 2 9 4 2 3 5 9 6 9 7 8 9 8 1 1 2 5 2 9 6 6 0 4 1 7 3 5 5 8 7 0 7 0 9 0 7 7 7 4 6 9 7 3 9 
4 3 4 0 6 4 7 2 4 9 9 3 3 2 1 7 0 1 7 2 1 0 1 2 9 8 9 0 3 7 0 6 4 5 1 2 8 3 8 1 0 7 1 1 6 1 9 7 2 1 0 5 8 6 3 9 2 1 0 9 8 8 5 2 3 1 3 0 1 9 3 6 5 6 6 1 0 9 
9 8 6 1 9 1 4 6 9 5 9 2 6 7 7 7 6 6 5 4 8 3 4 2 5 1 0 4 9 1 7 0 7 6 5 5 9 2 9 4 4 6 6 4 8 5 3 9 2 6 6 4 3 8 7 3 3 2 7 4 8 2 4 2 9 4 3 4 9 8 8 8 9 0 8 6 6 5 
7 0 6 6 8 9 2 1 4 3 1 0 8 1 2 1 8 4 5 4 1 2 5 5 7 2 4 0 0 5 9 5 2 4 9 8 4 7 9 9 5 5 5 9 0 6 4 4 3 8 1 7 6 3 4 0 1 0 8 9 1 0 2 7 2 2 8 5 4 4 7 6 3 8 0 0 9 3 
2 1 7 2 5 0 3 2 1 7 4 9 1 7 9 9 9 4 6 6 9 1 9 8 0 2 8 1 5 1 8 1 0 3 7 7 1 8 8 7 5 6 0 4 8 6 0 3 3 5 3 5 5 2 5 4 2 1 6 1 3 4 9 0 5 9 3 8 0 7 9 3 4 2 1 5 5 9 
8 0 5 0 0 3 8 0 7 2 4 2 2 7 9 7 5 8 5 6 9 1 2 8 2 1 1 2 6 8 3 3 6 3 5 4 7 5 1 4 1 7 1 4 6 2 3 1 6 0 5 5 0 8 5 0 3 3 0 8 5 8 2 5 7 5 6 4 3 9 6 0 9 5 5 9 4 0 
3 7 7 9 5 1 7 9 2 0 3 7 0 5 4 4 8 9 9 6 9 7 3 6 2 4 8 6 7 3 9 5 4 1 0 8 0 6 6 9 6 4 0 9 6 8 4 7 4 0 6 9 0 1 0 6 5 6 5 2 3 3 5 7 6 1 1 7 9 7 9 8 5 2 9 5 6 7 
2 4 5 2 2 6 1 7 6 5 4 0 2 4 3 3 7 7 6 0 9 6 4 6 7 0 7 2 4 9 3 4 6 1 9 4 3 3 9 9 3 9 1 3 8 6 7 6 7 5 0 7 7 0 7 7 7 0 0 1 3 0 9 6 5 5 4 3 6 3 5 0 8 0 5 0 7 5 
7 4 9 1 5 9 5 7 2 2 4 3 9 3 7 5 5 4 4 7 4 2 4 8 1 9 8 9 2 5 7 2 5 8 6 4 9 3 9 9 6 5 7 5 0 1 5 5 5 3 7 6 3 3 5 3 8 8 0 5 1 2 1 8 9 6 5 0 1 1 3 2 7 4 3 6 1 3 
9 7 4 7 3 5 5 5 7 3 6 9 7 1 2 7 5 1 4 0 5 7 2 5 4 2 5 4 5 2 3 7 3 5 1 1 7 1 9 6 9 6 8 1 6 3 0 6 1 2 5 1 9 4 7 1 8 6 1 3 4 9 7 8 6 7 1 7 5 0 5 1 4 0 2 7 8 3 
9 7 3 3 4 7 5 8 7 6 1 1 8 9 2 0 8 1 8 1 1 2 1 7 3 8 9 9 3 5 2 9 3 0 5 5 9 9 3 5 5 9 2 5 2 0 1 3 4 9 9 7 2 1 8 2 9 0 4 2 9 4 6 7 4 9 8 8 4 1 0 6 5 1 1 6 7 3 
3 5 5 5 0 3 3 8 8 5 9 7 3 1 8 0 1 1 6 2 2 0 7 0 1 2 0 9 9 3 1 6 5 1 7 6 0 5 1 1 3 6 6 0 7 1 9 7 9 6 9 9 9 2 6 3 0 3 9 2 5 3 1 1 2 4 6 4 1 8 3 3 7 8 2 1 9 9 
2 5 6 4 8 9 5 6 2 5 1 5 2 9 4 4 3 1 3 6 1 1 7 3 2 9 8 2 1 7 8 7 0 7 7 3 7 6 0 4 2 5 4 5 4 1 1 0 4 7 5 1 5 3 4 5 2 4 5 0 1 4 6 0 3 1 2 5 5 4 6 8 2 4 3 4 3 9 
7 1 0 6 1 6 2 9 6 6 6 1 0 3 3 4 4 6 0 4 7 8 2 4 1 0 9 4 0 0 5 0 4 7 1 0 0 3 7 0 9 0 5 9 6 2 9 0 4 9 8 3 7 3 3 5 1 5 5 8 9 6 2 5 8 2 9 9 5 7 3 4 2 6 2 8 4 5 
6 5 8 4 6 1 2 4 1 6 1 2 3 1 0 4 9 5 0 6 0 3 9 1 6 8 4 6 1 3 9 3 7 5 8 0 8 8 1 7 3 5 8 8 9 9 3 1 1 4 6 6 1 8 4 5 3 6 3 1 6 2 4 6 9 5 5 4 1 6 6 3 7 8 2 3 9 8 
0 4 9 4 5 4 4 1 6 9 9 3 0 9 7 0 3 1 0 5 5 8 6 2 1 9 0 4 0 5 1 1 8 5 5 5 3 0 7 9 3 5 7 0 7 3 0 1 7 5 1 9 5 7 1 4 3 9 5 6 7 3 7 6 7 1 0 3 2 1 9 4 8 4 9 3 1 4 
3 2 8 5 2 2 8 9 6 1 3 9 9 6 1 9 6 7 1 2 0 3 5 4 8 1 3 6 6 9 9 2 6 9 8 0 5 4 5 4 0 9 2 2 9 6 8 9 4 4 8 2 7 3 9 8 1 6 1 1 8 7 3 3 8 6 1 5 3 5 6 4 4 8 6 5 9 5 
8 8 5 3 9 0 2 4 7 1 1 9 1 6 9 0 7 2 1 4 2 6 5 0 8 8 6 2 4 9 0 6 9 0 1 7 1 6 5 0 5 0 4 4 0 3 7 8 8 6 4 1 9 2 6 1 8 1 3 0 4 9 8 0 4 8 7 5 5 4 6 2 2 6 0 4 7 5 
0 1 0 5 8 2 0 6 2 0 5 5 9 0 2 1 9 8 2 0 8 3 0 5 2 1 2 5 9 3 7 8 0 5 5 1 5 1 8 6 6 3 5 1 6 8 9 9 7 3 4 2 0 3 4 1 0 2 1 7 6 7 9 3 0 5 3 1 7 6 5 4 9 9 8 7 3 3 
9 5 5 2 8 3 6 4 8 3 1 9 9 7 9 5 4 0 8 1 2 7 8 9 8 7 4 9 4 6 2 4 3 9 2 4 0 2 1 9 9 6 6 4 6 8 9 3 4 3 8 0 7 5 3 3 0 7 0 3 1 6 5 7 3 1 7 4 8 6 5 3 8 9 9 4 5 9 
7 9 3 2 9 3 5 7 1 6 1 6 8 5 4 0 1 1 5 7 9 8 0 4 3 8 3 1 7 1 2 7 8 4 8 1 2 3 0 4 1 2 2 9 3 5 2 6 7 5 9 6 1 9 5 8 6 3 6 0 5 8 1 1 9 6 2 3 3 2 0 6 1 2 4 1 5 9 
0 7 0 0 3 4 7 4 0 9 3 2 1 4 6 0 7 5 3 3 0 4 7 2 2 2 0 5 7 7 6 8 0 4 7 9 4 0 5 8 5 3 1 3 2 5 7 8 8 9 9 3 2 1 4 1 2 3 0 1 2 4 5 1 6 2 4 4 8 6 3 7 8 4 5 4 9 2 
5 2 3 6 5 8 9 8 7 3 2 5 7 7 3 6 2 4 1 1 1 6 7 8 9 5 8 3 2 0 4 2 1 1 4 6 2 1 0 1 1 4 9 1 4 2 6 6 8 9 9 2 1 1 1 1 2 3 0 7 1 2 8 7 0 0 8 2 5 2 6 6 9 6 6 3 5 4 
6 8 8 4 2 3 4 3 2 7 6 9 5 0 6 1 3 8 5 5 1 2 0 5 0 9 9 9 6 8 7 2 0 7 5 4 9 1 3 7 3 6 7 5 6 5 9 5 2 5 1 3 5 1 9 9 6 3 9 0 0 9 6 6 0 8 8 2 7 1 7 9 4 8 2 4 1 8 
8 7 8 9 5 3 6 3 3 2 1 2 5 1 4 0 9 6 3 9 7 4 8 9 5 1 4 7 5 1 1 9 4 5 6 1 4 2 0 9 8 7 1 9 2 5 6 0 4 7 2 5 5 1 4 3 8 9 5 9 7 8 6 7 8 7 9 0 6 5 6 2 3 1 9 6 6 3 
8 4 4 3 9 8 6 0 5 5 1 8 9 0 4 5 0 7 6 8 3 0 6 6 1 5 7 7 0 2 0 9 1 6 2 9 4 4 7 6 3 8 3 3 9 0 2 5 8 7 1 2 5 3 5 6 3 1 9 2 3 7 5 3 8 4 5 9 2 8 8 2 2 8 5 0 6 9 
3 1 7 0 2 7 9 2 3 3 5 4 5 1 8 1 6 0 4 5 7 9 9 8 7 5 6 5 3 9 7 8 3 3 6 3 3 2 8 0 7 8 3 2 8 0 4 1 5 2 7 9 4 8 5 5 4 5 9 1 6 0 6 0 1 3 5 2 9 7 6 3 5 2 1 9 6 1 
1 2 8 2 2 0 8 4 4 1 2 8 7 2 8 4 6 5 3 9 8 5 6 2 4 8 2 0 0 5 8 0 7 3 3 7 2 3 9 9 0 9 5 2 6 7 1 0 0 6 0 0 6 0 4 2 9 4 5 5 7 7 3 8 9 8 3 0 4 7 2 0 5 7 8 7 8 2 
2 2 4 9 4 4 9 4 9 9 4 5 2 7 9 6 8 2 8 4 9 2 4 4 5 7 3 9 6 4 3 5 1 8 0 8 7 9 2 8 0 6 2 7 5 9 4 0 9 3 4 3 1 3 2 5 0 3 3 8 2 2 1 5 5 2 6 5 0 1 7 7 1 1 3 2 5 3 
3 0 4 2 2 7 7 3 3 9 9 7 3 4 7 1 9 3 9 9 0 1 0 6 3 0 1 0 4 9 6 0 0 9 5 2 5 7 7 6 1 3 5 2 1 0 5 9 4 0 2 8 5 1 0 0 8 8 7 1 8 9 6 9 1 3 7 1 8 4 3 2 1 3 5 2 4 7 
5 2 0 4 7 3 5 2 5 2 9 1 5 2 7 5 0 7 8 9 4 6 6 8 2 2 5 3 9 3 4 7 8 1 9 8 7 4 7 1 4 1 4 2 4 2 8 6 6 0 9 6 9 0 0 4 2 4 6 8 5 7 4 8 5 8 9 6 0 7 6 5 5 7 2 0 2 3 
