47 47 47
69 27 44 79 28 28 6 28 3 84 72 42 76 94 8 98 96 15 96 45 10 96 14 74 38 72 63 16 61 1 72 88 18 74 33 78 85 65 51 65 6 3 79 58 46 49 86 
96 40 10 79 65 14 74 91 48 22 29 55 20 90 73 1 53 40 15 46 11 30 12 50 92 3 19 11 97 7 32 76 50 23 36 9 42 96 79 29 42 68 50 51 30 7 13 
94 22 19 53 31 82 66 1 81 8 61 89 14 13 15 72 40 17 26 39 97 7 85 37 28 74 78 92 91 90 47 61 78 34 96 16 61 10 83 88 82 17 90 33 10 48 18 
47 45 63 65 42 14 57 14 59 80 87 22 68 47 19 37 93 32 67 7 86 96 25 42 31 97 1 26 22 12 3 4 20 54 6 5 21 87 68 16 30 62 51 36 79 26 82 
21 65 34 73 7 87 78 79 65 83 33 54 17 97 68 29 19 3 11 9 98 0 94 80 29 3 25 51 36 78 49 19 51 76 20 33 89 50 78 36 57 2 27 70 38 11 46 
76 16 5 87 31 52 3 86 73 83 24 28 80 61 0 38 10 48 5 61 1 30 61 27 74 78 54 44 71 26 83 49 31 0 88 34 61 22 44 53 13 17 79 38 27 63 8 
80 42 83 60 58 21 28 20 52 68 59 18 71 89 16 76 29 33 88 6 75 58 36 27 55 3 73 16 55 7 75 0 34 4 89 72 92 75 99 47 64 15 48 0 9 77 29 
56 54 43 40 84 28 55 87 26 19 39 73 86 46 7 63 35 8 50 43 11 25 16 87 73 79 79 0 11 26 1 32 68 12 23 89 56 33 43 24 87 6 29 81 23 63 63 
16 85 51 52 31 19 99 81 0 97 27 66 71 3 54 3 65 28 69 10 33 83 4 77 21 64 58 27 52 99 52 5 26 21 59 59 31 19 51 52 30 54 73 59 28 55 63 
10 37 63 11 10 95 34 41 32 50 58 91 12 65 7 54 54 2 58 13 15 11 90 32 59 31 14 54 69 17 37 89 60 22 89 43 54 14 39 36 33 53 96 65 85 7 70 
14 30 28 82 89 40 35 96 94 91 12 1 8 68 89 54 53 53 40 74 57 53 14 59 12 85 98 94 7 79 34 77 44 49 8 95 99 60 36 51 27 48 80 97 9 97 64 
72 68 97 41 71 94 82 12 90 9 66 59 43 4 91 63 65 33 22 47 36 44 46 67 36 34 2 95 54 85 95 94 49 45 91 53 25 57 8 50 31 90 53 13 57 53 11 
37 16 53 68 36 8 76 40 41 91 48 11 83 62 31 67 98 36 1 31 52 70 70 43 65 21 88 49 54 36 10 61 29 18 83 95 14 82 8 1 39 68 28 70 2 31 4 
86 0 76 52 5 83 64 52 92 97 70 87 81 81 37 52 76 76 49 60 85 70 40 20 95 18 3 72 61 64 2 22 93 45 25 51 96 63 91 46 88 18 43 84 60 23 45 
9 11 31 93 6 8 57 55 40 27 90 88 48 46 62 98 96 47 61 15 5 91 11 5 92 1 67 46 42 22 93 15 7 60 6 72 29 19 58 51 12 97 57 9 76 8 70 
23 87 18 6 8 83 0 26 38 61 97 34 76 43 58 80 44 58 10 76 47 67 17 14 79 70 38 98 91 4 82 64 47 10 95 64 77 93 87 89 68 99 24 91 44 91 47 
7 5 10 7 23 45 83 39 12 48 51 72 90 24 44 91 21 86 19 82 14 92 72 61 94 8 57 47 27 24 4 59 9 88 24 55 32 31 31 5 83 24 7 88 14 69 79 
49 79 53 17 96 48 55 80 40 90 82 72 11 76 67 86 1 58 91 4 21 61 1 41 97 63 90 25 75 17 58 73 76 43 98 3 35 63 96 47 2 82 31 13 75 42 28 
59 48 78 24 58 77 74 24 59 73 25 95 30 74 6 67 3 43 8 86 93 80 49 42 27 3 98 80 98 12 25 79 38 76 15 80 73 39 21 37 74 79 40 55 54 82 81 
89 38 47 30 57 58 50 43 30 55 84 4 24 73 60 96 94 23 49 99 28 95 91 5 62 30 54 78 62 76 16 77 12 93 46 0 51 65 31 84 6 12 27 99 36 63 5 
98 90 8 10 45 7 86 21 15 27 10 39 39 58 2 58 89 96 60 38 8 70 40 36 69 46 75 50 66 62 53 53 40 81 57 38 72 16 71 9 44 56 18 67 28 8 46 
64 72 74 3 92 44 38 58 13 93 17 96 4 71 62 68 45 0 93 81 11 33 6 62 96 89 97 38 13 91 33 58 43 11 23 75 21 95 8 42 88 14 19 91 73 93 27 
41 61 9 28 55 1 53 97 61 1 80 51 57 76 57 76 56 40 8 96 87 41 40 55 64 51 17 97 43 56 15 18 95 16 84 48 82 31 75 81 21 43 36 35 5 72 54 
14 18 58 65 30 76 76 35 94 89 19 40 62 3 73 18 86 82 12 49 42 24 27 74 64 13 7 5 15 87 40 53 58 75 53 65 33 19 31 92 94 29 68 30 7 91 32 
31 27 36 4 55 97 51 0 68 15 80 82 62 1 89 69 87 19 6 45 43 5 78 57 16 67 29 58 50 5 44 45 5 76 44 44 13 99 85 99 14 27 50 86 28 73 83 
97 3 92 70 46 84 18 13 47 78 8 27 97 72 37 50 58 80 12 11 68 55 30 16 17 30 24 24 38 5 42 81 31 89 52 74 79 83 70 82 58 20 39 94 99 23 98 
41 86 21 60 51 16 42 9 38 60 44 95 9 83 25 78 35 84 82 91 60 18 69 34 46 42 75 39 60 91 11 36 67 45 37 44 87 48 50 78 22 12 19 47 38 87 71 
15 82 76 16 27 90 18 28 48 38 79 66 56 95 52 19 60 95 32 92 15 60 23 98 89 38 92 61 70 67 82 43 49 39 76 35 99 89 65 93 40 41 92 55 66 13 48 
49 37 87 98 5 59 98 1 7 83 26 23 33 95 93 31 49 94 92 89 40 76 26 14 53 69 39 64 10 34 98 92 40 3 29 40 87 7 56 38 95 46 46 42 82 94 50 
21 92 67 26 94 58 74 34 76 71 34 40 30 9 91 90 42 22 6 51 16 92 39 80 93 91 55 14 41 10 99 8 5 12 93 8 51 68 73 42 52 88 19 82 19 70 46 
96 81 1 56 1 80 64 43 27 91 23 89 87 41 88 0 1 87 63 93 0 27 74 62 92 44 47 69 19 69 95 88 57 43 6 38 7 78 59 87 51 62 74 78 11 48 96 
69 50 30 44 2 69 80 88 23 63 87 62 52 21 52 70 69 91 86 10 4 99 3 21 88 84 32 49 36 51 97 80 31 50 19 72 97 96 76 75 10 51 73 44 59 36 84 
47 40 33 40 63 93 8 4 14 41 1 46 77 81 79 46 1 82 91 5 53 33 60 46 86 98 94 88 95 65 92 79 40 37 53 96 22 75 67 27 33 8 71 76 76 45 94 
22 47 91 37 1 1 6 14 91 97 57 56 61 19 21 79 98 83 4 75 23 10 36 65 77 99 45 33 29 84 21 79 44 61 31 97 25 95 86 52 17 22 44 38 52 71 60 
67 4 78 36 13 96 13 95 50 94 98 25 66 42 49 39 87 33 44 98 10 75 29 15 44 65 23 95 6 30 23 29 76 41 57 10 88 17 48 96 99 45 10 85 90 21 62 
1 65 95 31 68 94 72 32 35 93 59 87 0 23 17 98 99 16 99 77 96 40 4 97 4 19 12 17 71 61 81 68 55 11 19 27 56 51 32 82 74 67 57 17 8 70 80 
43 51 50 20 4 7 49 76 41 16 87 11 99 90 26 93 24 60 64 13 91 94 62 89 44 32 10 69 10 88 14 32 55 89 29 58 74 56 32 61 55 49 5 25 39 74 4 
79 44 30 22 14 77 20 22 35 94 37 41 63 54 64 31 11 12 22 78 86 57 20 54 94 53 17 81 89 92 53 91 80 86 20 7 40 30 71 68 37 66 44 75 69 64 11 
15 92 16 10 89 31 5 4 52 21 40 88 38 41 88 69 81 30 82 24 22 9 31 82 12 79 56 21 80 50 72 41 38 70 44 9 40 64 49 81 5 2 82 69 92 23 30 
55 57 60 54 38 14 88 83 41 80 96 4 40 67 25 9 1 12 21 10 73 62 39 87 70 27 89 63 80 90 10 4 73 75 93 35 18 46 44 27 32 44 68 22 44 10 15 
68 6 5 72 90 60 28 48 25 12 3 10 30 84 74 80 54 74 37 70 98 49 19 91 77 68 69 97 94 26 32 34 54 38 80 57 15 52 60 32 15 43 19 44 65 40 97 
52 70 5 43 65 6 76 92 89 40 34 72 28 11 87 70 27 84 87 28 66 37 36 75 31 44 30 88 74 99 74 91 60 41 45 42 29 25 7 98 59 26 34 63 48 80 51 
48 47 23 30 83 99 33 10 87 8 61 98 83 89 68 14 20 19 92 27 60 46 95 62 40 41 25 19 52 49 24 15 13 1 66 6 62 82 92 50 7 82 20 2 51 83 92 
48 39 64 71 54 58 18 41 27 44 72 35 83 75 42 70 58 77 59 62 94 68 61 69 5 59 47 42 86 74 34 66 50 93 40 42 39 94 52 48 10 75 19 50 93 6 36 
14 44 7 60 56 64 73 91 60 48 20 41 15 49 14 5 80 96 59 67 77 12 30 20 11 38 24 70 89 45 33 74 21 36 30 79 8 47 8 34 5 93 13 83 36 24 96 
82 0 0 37 91 37 97 13 30 51 56 70 30 2 62 4 64 48 22 1 71 73 76 65 16 54 10 52 60 0 89 34 50 36 90 99 2 68 74 20 8 3 60 8 6 2 57 
4 39 44 71 93 1 8 28 94 15 7 63 65 63 4 21 53 2 75 67 1 49 89 68 46 65 7 97 91 65 69 49 62 45 42 92 13 72 80 58 78 72 99 58 30 82 35 
5 0 6 4 2 4 1 8 3 6 3 9 6 9 8 9 9 9 7 8 4 9 1 4 4 2 5 1 8 7 7 8 9 7 0 3 5 3 7 2 9 6 9 7 9 0 9 
1 6 1 3 1 2 1 8 3 4 8 4 2 8 2 9 8 3 6 7 5 0 2 6 3 8 2 5 7 6 1 0 8 7 3 9 8 2 9 2 6 8 2 3 4 1 8 
7 2 3 1 4 6 1 0 1 6 5 1 7 5 8 1 8 1 4 4 4 4 7 6 3 7 9 8 3 8 7 3 3 8 3 3 3 2 8 6 3 0 8 7 5 8 0 
2 0 9 6 7 1 6 2 2 0 8 1 0 3 2 2 2 3 2 4 5 6 5 8 5 9 3 0 5 1 8 1 1 2 1 8 1 2 0 3 4 6 1 1 7 5 6 
0 3 9 2 3 9 6 4 6 2 4 4 9 0 0 0 7 8 5 4 2 7 5 9 0 3 5 3 3 4 7 0 7 6 5 3 0 8 8 2 8 7 9 1 1 7 0 
3 4 6 0 5 3 4 9 0 6 3 7 2 6 6 5 6 4 9 1 9 7 6 6 3 0 7 7 6 4 7 9 1 6 8 3 1 8 3 2 9 6 4 8 7 9 8 
6 9 4 6 6 2 2 5 3 4 6 8 2 0 7 8 2 5 7 2 7 7 1 4 7 3 1 9 4 0 5 3 4 1 4 2 1 9 6 5 1 9 1 0 6 0 0 
3 1 0 2 8 0 3 7 1 1 1 1 4 9 6 5 8 6 0 1 1 5 8 1 8 1 6 5 9 1 2 7 3 6 3 1 7 3 9 8 2 1 7 5 0 6 1 
9 7 8 7 9 2 9 5 6 3 5 4 0 0 6 6 4 6 4 4 5 6 7 2 9 7 7 4 5 0 2 1 6 2 9 4 0 6 2 2 8 1 8 5 0 2 1 
3 7 8 7 1 3 5 9 3 7 4 4 0 0 6 0 6 7 2 4 0 6 0 3 7 4 6 7 1 8 0 2 2 8 9 4 6 1 7 0 6 4 5 3 3 5 5 
4 9 1 1 9 6 5 8 9 8 7 7 1 7 1 0 5 4 0 9 8 5 4 0 0 4 2 4 3 3 2 8 4 6 3 5 9 4 7 3 0 2 3 4 0 0 9 
7 8 4 6 1 8 9 4 0 9 8 3 0 4 1 0 9 5 3 8 8 8 6 0 0 3 3 4 7 7 9 5 7 6 0 4 8 1 8 7 9 0 6 6 5 4 4 
8 0 3 0 4 3 6 0 6 4 6 9 8 4 7 1 2 9 4 8 0 5 9 4 4 1 4 1 2 7 7 9 5 0 2 1 8 3 3 4 2 1 5 5 5 2 4 
9 5 5 3 4 2 2 8 0 5 6 8 3 8 0 4 1 8 4 4 6 8 2 7 0 0 7 6 5 7 3 4 6 5 1 2 3 8 6 3 0 2 6 4 9 8 0 
7 8 9 0 3 9 2 2 5 9 6 0 3 4 9 9 7 1 9 1 5 2 3 1 2 7 0 2 4 9 0 5 9 5 1 2 1 9 1 2 9 0 4 6 8 6 6 
4 5 7 8 1 1 9 3 2 2 6 4 8 6 3 2 0 6 1 6 7 6 4 7 3 9 9 1 7 2 3 1 3 0 0 2 9 2 4 9 0 3 2 0 1 5 8 
8 4 8 1 5 7 1 1 5 6 4 7 7 7 2 4 0 6 2 8 3 3 8 8 4 1 0 1 0 3 0 8 6 8 4 2 4 6 0 6 3 4 5 5 6 2 3 
2 8 6 6 6 9 5 4 5 0 1 7 9 5 7 4 9 3 9 6 9 2 1 1 7 9 3 6 2 1 9 5 1 3 6 3 1 0 7 1 8 0 0 4 1 7 2 
2 6 3 0 3 7 8 0 6 7 0 0 4 6 5 3 6 6 3 5 5 3 1 0 9 8 9 4 1 0 5 5 2 4 5 5 0 1 0 1 1 0 2 2 6 6 5 
5 7 2 2 6 3 7 1 0 5 0 3 5 7 0 0 9 2 3 3 4 6 9 6 9 8 8 0 0 3 8 0 4 7 1 9 7 8 2 6 7 4 9 9 5 2 7 
6 3 5 8 9 5 5 1 8 1 4 8 3 1 3 4 8 7 8 1 2 1 2 6 3 0 4 3 4 9 3 9 1 5 3 9 9 8 8 4 5 4 2 9 6 4 9 
4 8 4 2 1 3 9 1 4 4 2 6 0 9 0 3 1 6 9 7 7 6 4 3 2 8 6 9 5 9 6 4 3 1 5 8 2 6 4 8 7 3 7 3 3 7 3 
2 1 6 7 2 2 3 4 1 9 4 7 6 5 4 0 2 7 4 4 9 9 5 8 5 4 9 0 7 3 1 4 6 0 6 6 0 1 0 0 4 7 7 2 9 7 3 
6 3 4 1 2 3 9 0 1 5 6 4 0 6 3 4 0 0 1 4 8 8 0 4 9 9 0 4 4 0 2 3 7 9 6 1 2 7 8 1 5 4 5 1 1 9 6 
2 7 2 5 7 9 3 6 3 8 9 5 6 1 2 4 3 5 0 5 8 6 5 3 1 6 3 0 1 3 8 0 1 9 1 5 4 6 4 6 7 3 1 6 5 5 4 
0 0 5 1 1 5 0 4 9 9 1 8 1 9 1 0 5 8 6 5 5 1 9 0 3 8 9 6 2 5 4 6 9 3 5 1 8 6 1 4 1 0 7 5 6 2 2 
9 5 8 7 8 9 7 9 2 4 2 0 5 5 5 1 7 3 7 2 4 8 8 9 3 9 9 5 7 5 5 5 4 4 8 0 5 1 1 2 5 1 1 0 4 4 6 
7 8 8 3 9 3 8 0 4 9 2 2 1 6 8 7 2 7 1 1 9 6 9 4 0 6 1 2 4 0 4 0 7 5 5 5 5 6 2 4 9 1 9 1 8 3 6 
8 2 2 3 6 1 1 4 4 5 9 1 8 5 4 9 2 6 2 5 7 7 9 2 6 9 3 7 0 6 9 4 6 1 9 0 6 4 9 0 7 3 8 7 4 3 6 
8 8 0 0 5 3 9 2 5 2 5 2 7 1 5 6 3 3 3 7 8 4 4 9 0 0 1 2 1 4 0 2 6 6 2 8 0 0 2 8 2 3 2 1 3 4 1 
2 3 1 6 9 6 1 8 9 0 1 2 2 7 1 4 0 7 9 8 3 4 5 9 3 7 6 2 1 9 2 2 2 8 4 1 0 3 4 6 7 8 2 6 8 7 6 
6 5 8 1 6 7 4 4 6 0 3 6 3 5 5 7 5 2 5 2 8 2 1 6 2 9 7 1 8 5 0 8 4 2 6 7 1 8 8 2 7 6 4 2 6 1 0 
5 7 0 3 1 9 3 6 8 8 5 1 6 2 1 1 1 3 9 8 7 3 4 1 9 2 8 7 5 7 0 9 4 1 0 4 1 1 7 8 0 3 4 9 6 2 6 
6 8 8 4 0 9 7 9 0 8 8 7 6 9 1 0 9 3 4 8 6 5 4 2 9 6 4 6 1 6 0 3 5 2 4 6 8 1 9 0 6 0 7 2 3 9 8 
1 5 4 2 2 5 3 2 3 2 5 6 1 0 2 8 6 4 5 9 1 9 1 9 6 8 6 1 2 0 7 8 6 9 8 6 6 6 9 5 5 9 4 6 2 6 8 
1 8 2 8 7 5 3 9 3 5 5 1 9 8 2 4 3 4 3 0 7 1 8 2 7 9 6 3 6 3 2 0 5 0 1 8 4 3 8 3 0 9 5 6 3 6 5 
6 9 1 6 9 3 1 8 2 6 9 8 5 7 3 1 5 0 6 3 4 6 7 2 0 9 0 0 0 5 1 4 3 7 2 6 3 5 3 3 2 6 9 0 5 7 6 
4 2 8 2 2 1 5 6 1 5 8 2 0 6 1 1 9 4 6 4 0 3 1 1 3 8 7 5 3 6 3 9 5 5 8 3 5 0 2 8 1 0 1 6 2 6 2 
0 1 7 0 3 9 2 5 3 6 5 4 7 3 2 5 7 8 5 2 8 8 4 0 9 0 6 7 6 3 9 8 5 6 8 4 6 6 9 0 5 9 3 6 5 6 6 
5 2 7 1 4 8 6 0 9 9 5 0 2 3 6 7 0 2 5 6 8 5 1 4 6 2 6 4 3 8 2 2 8 0 3 6 9 9 8 6 7 7 4 8 3 0 1 
0 9 7 0 8 6 3 4 1 5 7 3 3 2 5 1 0 4 8 0 7 3 3 3 7 3 8 3 3 5 7 7 5 4 4 1 3 0 6 5 1 0 2 9 1 7 0 
7 2 4 4 9 7 2 1 2 9 9 5 3 3 0 0 1 3 5 0 4 3 2 6 2 9 2 5 2 8 9 3 2 9 9 5 3 0 4 2 4 5 6 5 1 5 5 
0 6 8 9 0 7 7 6 1 5 5 6 0 3 9 3 5 8 3 5 6 8 4 2 0 4 1 9 5 0 2 3 5 4 9 3 3 7 5 4 6 5 0 5 2 4 8 
8 5 4 9 2 8 7 6 5 3 4 6 2 9 2 3 8 0 7 0 0 1 2 1 2 4 9 2 9 9 4 6 1 7 6 0 9 3 8 3 1 7 1 8 5 2 1 
2 1 4 4 5 4 5 4 1 1 0 7 7 5 3 7 4 5 6 7 6 9 0 4 3 5 1 4 2 5 0 2 7 1 2 8 1 1 7 8 0 5 1 4 6 7 1 
8 2 4 5 3 6 0 5 8 1 0 9 9 8 7 1 9 6 5 4 7 8 4 6 8 8 5 1 9 9 4 0 9 6 6 9 6 6 8 9 9 5 1 0 9 8 2 
7 0 1 3 2 8 1 1 1 5 7 5 8 4 1 8 1 3 7 1 7 1 2 6 8 5 0 4 6 3 9 2 7 1 7 3 3 7 2 5 0 2 8 7 5 5 1 
