10000
8373 
9683 
7217 
7185 
3520 
3692 
5624 
7554 
3412 
1605 
2508 
6531 
1415 
4256 
6800 
7664 
9371 
3595 
6209 
6464 
8177 
5099 
457 
8062 
335 
7593 
8617 
1156 
4169 
3237 
5984 
8499 
6239 
1481 
780 
7682 
9341 
7576 
4515 
7626 
531 
6536 
6455 
9520 
5038 
8848 
3413 
8852 
7331 
1520 
4669 
8666 
2290 
237 
6576 
3106 
7755 
6668 
4175 
3734 
3496 
8792 
3577 
5023 
4446 
6293 
7020 
4847 
1942 
6982 
5363 
4051 
3953 
2159 
4347 
6076 
289 
7672 
2950 
7780 
1124 
7840 
1193 
9448 
110 
9316 
2614 
7798 
1964 
1394 
2147 
479 
5936 
9671 
7127 
6298 
1292 
1684 
876 
4518 
2638 
5858 
6115 
9169 
7747 
4389 
2300 
5880 
2137 
7344 
2370 
7342 
8627 
1426 
7921 
3380 
9180 
3217 
9270 
6545 
438 
6515 
3580 
8302 
8760 
1866 
8076 
5491 
6219 
1153 
3720 
235 
4053 
9611 
9709 
8088 
5959 
2762 
2569 
3173 
5271 
6509 
2213 
6958 
8648 
4296 
6599 
5555 
3142 
3389 
3842 
2429 
6815 
385 
2653 
2887 
5710 
5413 
5329 
4434 
2486 
6969 
7645 
7955 
48 
4323 
2287 
2933 
1194 
685 
8384 
6521 
8137 
4605 
1853 
5709 
6215 
6109 
4939 
5667 
5592 
3963 
8773 
8016 
1139 
9293 
7049 
3195 
8446 
7622 
9966 
4828 
7929 
2523 
1732 
6880 
6850 
1057 
9618 
6795 
5013 
6507 
3743 
2091 
3203 
8024 
2394 
4943 
8366 
6820 
4829 
8928 
8518 
2683 
9369 
2072 
9512 
3096 
9843 
1725 
4639 
8017 
2532 
7716 
9366 
1393 
256 
366 
9837 
3014 
4324 
7620 
5965 
6388 
1571 
9835 
1904 
1757 
2353 
5500 
2811 
7825 
8320 
2082 
7302 
8227 
847 
3950 
755 
3702 
7238 
4877 
888 
2794 
9624 
9738 
3201 
4307 
9956 
8874 
7566 
3521 
2694 
1564 
1622 
3752 
7296 
1352 
1073 
7423 
2885 
8434 
8067 
805 
2415 
5104 
1666 
2778 
8422 
1441 
814 
8172 
3978 
22 
298 
5355 
1664 
7599 
8574 
6942 
2701 
3133 
3877 
4439 
7799 
5213 
2352 
2594 
4619 
4209 
5943 
7928 
6995 
9592 
2685 
2876 
1115 
2541 
7276 
7320 
3868 
5209 
6606 
280 
6996 
3529 
9689 
3094 
1050 
4459 
30 
8637 
6633 
9321 
8011 
6754 
6134 
7823 
3031 
4415 
9643 
8917 
198 
7433 
6356 
4494 
8417 
672 
5972 
4617 
2065 
2350 
7095 
6410 
3664 
1067 
7709 
2450 
9953 
5081 
9386 
1608 
783 
4140 
1662 
4609 
644 
6125 
686 
6852 
3583 
8452 
6698 
7669 
7394 
3818 
905 
5955 
6288 
4271 
6646 
3135 
2059 
9170 
4757 
5343 
7771 
7884 
9813 
6425 
5779 
4796 
1735 
2001 
6002 
1123 
6929 
5907 
4081 
2125 
8338 
9909 
7572 
1524 
142 
7144 
9552 
5549 
5691 
5569 
3346 
4327 
608 
4120 
4845 
7499 
1338 
8919 
4990 
5565 
3277 
3772 
4078 
8587 
2757 
3771 
2000 
9438 
1154 
4038 
228 
6981 
9880 
5026 
5264 
6911 
6785 
9924 
3952 
5613 
5383 
3689 
1386 
3348 
949 
919 
4722 
6349 
8809 
6595 
3066 
691 
2657 
7936 
7256 
2237 
986 
9368 
3611 
1975 
6139 
4424 
7763 
3182 
2309 
2438 
639 
3505 
6843 
7098 
4384 
1963 
8539 
6950 
6712 
8473 
1543 
3699 
8222 
4416 
3648 
8375 
4815 
7524 
8965 
9090 
4035 
2261 
7882 
4693 
4006 
1463 
4510 
770 
8453 
9097 
2914 
5769 
8290 
7093 
1770 
779 
9467 
8143 
9347 
596 
5076 
4506 
173 
1799 
535 
4214 
5251 
425 
8801 
4555 
3316 
6679 
2917 
9358 
1171 
6629 
6185 
7521 
913 
2700 
1235 
3852 
2064 
1480 
4149 
593 
5900 
6449 
4810 
9096 
8536 
7376 
752 
4556 
3462 
7171 
827 
4645 
2377 
9626 
3429 
5651 
1718 
9903 
2982 
4043 
1304 
4536 
7337 
5400 
3324 
845 
5794 
3973 
9319 
1391 
9617 
3455 
4589 
5504 
2038 
2107 
6865 
6726 
24 
5928 
2763 
8922 
2375 
1180 
6645 
6024 
8833 
9297 
6122 
4285 
542 
6616 
650 
5919 
943 
3640 
3019 
2945 
5443 
9495 
3867 
5861 
9597 
8436 
5732 
6230 
5073 
2585 
9562 
2187 
9989 
429 
8134 
4824 
2207 
1023 
7788 
5906 
7793 
3263 
2639 
9687 
3341 
3948 
7464 
6421 
5015 
3918 
5272 
1376 
3858 
120 
6828 
3590 
5720 
3827 
6036 
7631 
4105 
8216 
6901 
3879 
1015 
6628 
6495 
4364 
9186 
894 
1349 
8822 
5444 
5211 
5334 
8859 
916 
6845 
2164 
3899 
5481 
1721 
5327 
7007 
5161 
7963 
7362 
8072 
3922 
8869 
8509 
5348 
9445 
6812 
3236 
4901 
9569 
6130 
520 
3414 
3814 
2580 
2918 
9145 
9143 
7449 
3212 
1510 
9440 
4756 
4377 
9603 
9593 
2192 
2663 
3016 
8990 
5996 
9745 
7625 
3487 
7842 
3449 
8543 
2955 
5461 
9853 
4962 
2799 
3039 
9431 
9554 
1565 
1727 
4152 
2693 
3782 
6195 
6798 
3655 
3083 
2212 
8449 
3750 
2633 
2061 
72 
86 
6307 
4881 
4300 
9860 
2423 
2916 
3893 
8798 
6876 
3085 
414 
8099 
8565 
7201 
4 
1170 
5851 
7067 
7950 
9940 
844 
8310 
928 
8291 
9579 
7044 
4376 
5276 
7752 
6688 
6694 
6006 
8044 
6787 
8743 
5475 
7403 
4566 
3835 
7938 
3531 
3624 
8516 
6200 
1798 
243 
6300 
6993 
2862 
699 
9531 
4631 
7762 
784 
4357 
6631 
7775 
9702 
742 
4257 
9967 
2488 
1282 
4058 
9719 
6920 
2543 
1544 
6235 
7937 
5817 
4870 
8961 
2522 
8830 
510 
5920 
4759 
2863 
8793 
8860 
3372 
3783 
2577 
1672 
1186 
2246 
6577 
6940 
5035 
7386 
3061 
6090 
8606 
2106 
5112 
1702 
108 
4047 
5260 
9065 
9580 
214 
7671 
3910 
7477 
7986 
9490 
4785 
8414 
6905 
7608 
5309 
4560 
5836 
1290 
3747 
6419 
8850 
5609 
6680 
5522 
6145 
6986 
6078 
4687 
8205 
9925 
6345 
3841 
7142 
5534 
6660 
1405 
5450 
3646 
7978 
966 
159 
5510 
1501 
2397 
5342 
8350 
7035 
1515 
8723 
4964 
348 
1930 
1604 
7896 
9382 
1111 
6048 
9523 
6469 
3618 
7909 
3535 
8511 
8973 
8 
195 
4487 
8231 
2036 
8351 
3102 
7857 
8765 
8009 
316 
7519 
5800 
5464 
7544 
8545 
1670 
9195 
5726 
104 
5266 
4860 
1740 
9436 
7630 
7068 
5929 
4568 
1800 
9241 
8391 
8889 
8379 
8654 
7373 
8724 
7072 
6722 
4857 
1606 
1834 
5149 
3409 
7377 
8396 
1677 
2226 
7314 
7019 
3884 
2529 
5482 
6667 
7615 
3057 
1069 
3005 
7734 
7484 
7744 
1263 
4709 
2254 
1507 
464 
2730 
6342 
8597 
1408 
4018 
1224 
3356 
7674 
2123 
5544 
682 
9246 
4710 
6530 
4185 
5837 
1182 
730 
8594 
5903 
1360 
4895 
5040 
8747 
4704 
4995 
4874 
7434 
1274 
1734 
3451 
2264 
3554 
1012 
6191 
2279 
9020 
1909 
7252 
7399 
4264 
326 
4581 
4448 
7741 
9210 
3471 
4107 
2320 
3079 
1886 
8806 
3145 
3006 
4205 
97 
2071 
9757 
6443 
956 
4374 
7005 
5031 
6871 
3171 
3576 
617 
8176 
4358 
6291 
3558 
3864 
7701 
4989 
6489 
700 
1599 
6811 
153 
4352 
5759 
2735 
5857 
758 
2911 
4305 
2098 
7261 
1527 
3230 
3038 
3311 
9235 
9693 
7457 
6715 
9029 
9406 
9502 
2672 
525 
9892 
2721 
7692 
5426 
6104 
8286 
7305 
4784 
1650 
2163 
5610 
8497 
1545 
3516 
7745 
3694 
7849 
4470 
5108 
2956 
6052 
7273 
8787 
8078 
2941 
4045 
6610 
7627 
7934 
9825 
4410 
5594 
5275 
1234 
7683 
126 
2599 
4537 
2809 
7306 
9423 
9010 
2740 
1655 
4835 
2194 
5916 
2154 
6146 
3652 
8876 
2357 
4197 
5102 
4551 
7805 
5199 
9378 
7179 
5890 
3175 
3976 
4647 
9950 
6563 
1381 
7300 
1339 
6028 
8820 
5640 
3060 
2992 
570 
6439 
1667 
333 
771 
7088 
4061 
6882 
1055 
1783 
2054 
8556 
4103 
6485 
1560 
2734 
1499 
407 
8704 
1091 
4483 
6556 
7694 
5825 
9532 
6952 
2514 
6436 
6240 
9173 
7115 
7540 
5243 
8596 
5470 
5267 
9093 
2166 
1887 
1005 
6868 
9112 
6505 
8652 
8236 
5244 
2256 
1125 
2312 
5134 
4137 
9633 
7450 
5397 
4627 
6210 
300 
902 
6435 
6520 
3170 
4355 
2537 
3243 
6129 
1354 
4338 
1561 
8126 
1950 
1579 
2692 
6479 
7724 
9302 
2245 
3266 
2624 
5419 
1766 
7404 
6524 
4458 
5216 
1846 
7532 
4585 
2813 
9348 
5187 
8563 
5668 
5238 
6788 
8314 
3357 
8769 
5814 
5756 
7298 
1313 
6283 
7063 
1646 
5283 
6565 
9586 
5033 
942 
4539 
6654 
906 
4276 
8736 
2418 
5883 
6197 
1192 
6440 
8061 
7704 
2784 
8576 
575 
2963 
8774 
245 
9459 
567 
6467 
3334 
9810 
4913 
6247 
8503 
3047 
2603 
9381 
2185 
3872 
3902 
8230 
205 
8879 
8891 
5637 
8217 
6832 
576 
9896 
3658 
9573 
1287 
8865 
5286 
4198 
3273 
897 
5933 
3832 
9772 
521 
4314 
3649 
9184 
9506 
9969 
7221 
3351 
7821 
6649 
6591 
7355 
2247 
8352 
7210 
6557 
4299 
410 
3501 
7729 
6327 
7552 
7310 
4113 
7074 
6056 
4936 
5578 
5415 
5653 
5453 
3980 
9038 
4215 
3416 
8935 
8337 
2010 
9535 
8734 
4255 
1348 
7282 
4465 
8235 
4683 
6502 
6674 
7348 
6834 
6132 
8762 
7345 
2899 
9703 
8802 
7414 
2905 
5207 
6238 
485 
3930 
8203 
9013 
123 
952 
2588 
7008 
118 
3136 
5093 
3815 
7153 
5886 
5208 
3050 
1151 
959 
5307 
1712 
85 
9685 
5806 
3609 
4052 
2786 
3295 
4131 
6321 
3239 
8456 
8894 
1410 
6082 
7473 
3166 
2884 
7462 
4244 
557 
445 
8147 
8381 
3023 
3281 
8395 
6186 
5969 
1438 
2021 
5431 
9283 
2046 
5414 
7313 
664 
4507 
6566 
1493 
3272 
2984 
5548 
8744 
7584 
1999 
9137 
9259 
2388 
1960 
2897 
7578 
2333 
314 
6108 
4072 
9872 
9821 
3082 
3116 
8051 
4733 
5476 
7038 
6931 
1612 
8493 
4929 
1120 
3598 
9244 
222 
8790 
7084 
470 
3048 
6622 
5422 
9009 
1695 
152 
7717 
8508 
1446 
7389 
7160 
9744 
1142 
8753 
8429 
5052 
2962 
2947 
5130 
2355 
7797 
2311 
9942 
9540 
5436 
3965 
9401 
409 
3342 
4206 
7015 
6237 
5753 
6320 
7006 
4867 
9329 
5563 
8671 
8498 
7916 
8875 
2124 
9637 
6282 
9994 
7866 
8857 
305 
6714 
3350 
5310 
2302 
3411 
4564 
3742 
322 
1227 
627 
5456 
8570 
3400 
5429 
1189 
7930 
6150 
36 
4108 
8567 
3791 
1805 
5950 
2497 
7472 
1367 
8168 
2674 
4040 
5864 
1106 
321 
8219 
6218 
5365 
5730 
3693 
5423 
4686 
5515 
6064 
9596 
8116 
7766 
8327 
2520 
7387 
800 
3073 
8650 
4468 
5098 
8313 
3332 
8623 
7222 
8956 
8766 
9847 
8378 
1860 
1597 
57 
8397 
2571 
5278 
3512 
7157 
3765 
9857 
2621 
9392 
7614 
459 
6592 
6985 
558 
4453 
5079 
6695 
7728 
358 
1217 
361 
5285 
5249 
3224 
766 
2964 
7288 
115 
4041 
9906 
8036 
278 
1407 
5472 
4369 
7892 
2534 
2549 
2171 
7066 
8339 
4621 
6429 
5662 
3670 
9982 
9781 
5693 
9362 
6948 
1060 
1615 
6988 
7211 
2034 
6562 
3630 
6401 
787 
448 
7760 
2739 
5842 
5626 
1024 
3119 
4562 
3218 
8238 
5398 
1400 
1431 
3009 
5123 
9823 
9875 
8832 
694 
5406 
1011 
1162 
789 
4832 
9429 
868 
6898 
8930 
2695 
2354 
909 
290 
3754 
4339 
2138 
7586 
6389 
3045 
6547 
4923 
7880 
7096 
8970 
8901 
1717 
8921 
2631 
4807 
6884 
8824 
1077 
1018 
5796 
1847 
6516 
5528 
7500 
880 
2395 
3425 
7075 
5758 
6221 
8937 
3167 
3223 
6510 
8371 
4274 
7686 
4865 
2765 
9447 
1130 
4772 
3305 
4906 
5248 
8075 
393 
7613 
4875 
9212 
8586 
9250 
6062 
275 
9947 
7241 
2938 
9977 
5657 
4546 
6987 
721 
3109 
1152 
6755 
3101 
7026 
2286 
3527 
5931 
6760 
2055 
178 
9660 
4409 
4444 
2439 
5974 
4648 
2898 
2838 
6816 
9030 
135 
1779 
5767 
3398 
8978 
1768 
9995 
7357 
6255 
3774 
5812 
3367 
4232 
1347 
9768 
4173 
8882 
9163 
3811 
4421 
5158 
6116 
163 
7407 
7871 
8918 
7076 
1040 
4229 
6773 
1031 
70 
7803 
8483 
9359 
2330 
3074 
3044 
6546 
4707 
270 
5579 
2878 
8631 
7045 
6494 
7094 
6677 
2089 
7318 
7295 
5855 
8268 
3651 
1671 
9257 
1935 
4550 
9547 
3219 
5632 
2432 
3360 
3923 
2013 
2348 
4892 
8958 
8283 
6792 
45 
1865 
83 
6101 
4272 
5290 
352 
4348 
122 
1260 
4133 
1526 
8285 
6035 
7148 
5570 
3404 
9154 
2105 
2513 
8004 
8374 
653 
9033 
4204 
991 
6412 
6550 
3890 
6357 
5612 
1103 
732 
6582 
511 
9726 
3641 
8868 
9723 
6558 
6373 
5949 
6907 
7062 
6254 
5154 
7875 
6220 
9604 
3210 
1433 
2422 
7417 
5008 
2609 
733 
1743 
3279 
4144 
7264 
1602 
265 
638 
882 
1265 
4237 
8425 
9979 
8836 
9249 
2601 
1448 
2475 
5465 
849 
764 
7323 
371 
8257 
9295 
4329 
7505 
4953 
295 
1976 
1239 
1013 
5992 
8633 
2881 
6770 
8646 
7826 
6618 
5479 
3172 
8181 
8324 
4248 
7872 
6844 
9290 
4541 
7199 
7787 
3254 
9251 
3125 
29 
6720 
8706 
9962 
859 
5811 
1785 
3392 
6481 
9191 
4391 
9762 
6016 
1832 
4087 
9028 
6416 
3955 
7653 
9328 
8914 
8463 
56 
5362 
3548 
3022 
9830 
8273 
4999 
3934 
1809 
8972 
7050 
9384 
4549 
3504 
9625 
4476 
6699 
3049 
8688 
9309 
3766 
3789 
881 
3438 
8341 
5895 
6138 
9496 
259 
6404 
7972 
9043 
6465 
4418 
6602 
9863 
2967 
341 
6355 
1566 
2103 
8127 
2675 
4310 
5884 
1017 
2436 
3303 
2969 
6945 
4395 
8915 
1490 
106 
6174 
3984 
4367 
2888 
1804 
8162 
1845 
7506 
1084 
5410 
8817 
4328 
6018 
3799 
7887 
5088 
6930 
4231 
1269 
92 
8123 
3822 
133 
8739 
3985 
1238 
2812 
3008 
2112 
6217 
9198 
1086 
1118 
7901 
2820 
3898 
6126 
9272 
2840 
4636 
2232 
3537 
6391 
4142 
1266 
1752 
7194 
4174 
1849 
4472 
6165 
1195 
9884 
4235 
4992 
9808 
7676 
8845 
3294 
6548 
6719 
9971 
1437 
6432 
4288 
5358 
1323 
4180 
4011 
1624 
2959 
823 
8749 
7765 
8525 
509 
6084 
1724 
9576 
7782 
1465 
3229 
8714 
4073 
8979 
1283 
8469 
6099 
2688 
1870 
4304 
9343 
9335 
3208 
2722 
8515 
6572 
8811 
9219 
5245 
1116 
103 
400 
2276 
5155 
3711 
5660 
7964 
5971 
8985 
9099 
3780 
4062 
8208 
1454 
4632 
8426 
6335 
98 
1574 
3627 
4387 
7739 
5844 
8003 
1777 
6276 
6437 
8847 
8920 
5021 
2691 
2592 
9049 
7351 
754 
6069 
9986 
2536 
5062 
7781 
2804 
5157 
5295 
9645 
657 
3914 
5559 
1611 
8603 
5387 
8309 
8729 
2130 
8086 
7867 
4426 
817 
3466 
8023 
2501 
2707 
6564 
5416 
8940 
55 
9759 
9851 
6826 
5617 
4316 
9138 
9957 
6989 
1472 
2646 
2085 
1877 
9050 
500 
1962 
9735 
3936 
6534 
8640 
9449 
7592 
2087 
2566 
5160 
5885 
1022 
5441 
403 
1310 
4221 
8288 
5854 
7981 
6285 
7668 
2632 
4259 
2419 
8409 
9713 
7014 
1763 
8825 
64 
5618 
2236 
9271 
263 
299 
7789 
6655 
1078 
2544 
4844 
332 
9636 
7537 
2408 
7602 
6135 
7914 
1863 
1511 
8679 
9968 
2713 
4766 
2817 
7284 
9162 
3853 
8692 
1451 
4531 
4365 
6583 
9493 
869 
8559 
6131 
8550 
4587 
6193 
1762 
3551 
5036 
8108 
8343 
5305 
78 
626 
7123 
4998 
1806 
488 
111 
4201 
2535 
1421 
9806 
7890 
129 
2009 
8953 
6377 
2322 
1923 
2271 
5345 
2687 
810 
3427 
9115 
2526 
7681 
8100 
8149 
9852 
9646 
434 
8784 
5607 
8546 
9620 
5505 
7567 
1959 
4650 
4781 
7030 
5925 
1953 
6107 
1617 
3206 
3128 
209 
146 
7004 
6630 
2770 
7571 
5037 
4813 
9779 
4739 
4618 
9663 
8022 
2342 
846 
4094 
8476 
3725 
1966 
6984 
2160 
987 
7512 
6325 
2623 
6450 
5240 
3457 
1058 
5558 
1483 
4167 
5935 
4083 
1635 
6813 
309 
7888 
6273 
2155 
3775 
7308 
3991 
3240 
2837 
9761 
5556 
5078 
8745 
1358 
2867 
4831 
6919 
8156 
2028 
5316 
8815 
6904 
703 
3247 
9832 
4839 
3731 
715 
4655 
1183 
9804 
2 
5531 
2896 
1074 
9466 
2409 
776 
4702 
9654 
5631 
3792 
6060 
2511 
3098 
7178 
4027 
5492 
5143 
7251 
3379 
1538 
4732 
4368 
5322 
9839 
1653 
1242 
5325 
2210 
7100 
6730 
3454 
2005 
799 
3024 
9688 
6943 
6057 
7665 
8741 
4092 
8916 
9245 
3904 
7831 
3207 
8962 
1722 
6351 
4155 
3423 
7421 
1992 
3882 
7274 
6740 
4774 
9107 
5547 
8542 
8490 
3421 
1673 
4251 
451 
9069 
7182 
6478 
7945 
5127 
1580 
4887 
6433 
6873 
6025 
8622 
4679 
8085 
2199 
9641 
8399 
7790 
7164 
7438 
6348 
6632 
514 
7697 
4977 
8541 
155 
8590 
3557 
1001 
9301 
7051 
2845 
7021 
9172 
9970 
2708 
2235 
5314 
9894 
8416 
4403 
1814 
1639 
3907 
1815 
7191 
7227 
3374 
5494 
2976 
1351 
3276 
4427 
7048 
8213 
3632 
4854 
6338 
9588 
4154 
9926 
3384 
3561 
5740 
3566 
8008 
3111 
4029 
6691 
5781 
8701 
9518 
7984 
3962 
402 
7358 
387 
5876 
6692 
5318 
9042 
2499 
8568 
8220 
1912 
3696 
3530 
6180 
4386 
9057 
2158 
6032 
3653 
8271 
7102 
5701 
698 
8799 
3798 
3159 
2248 
1046 
1399 
7189 
1273 
6227 
775 
7680 
7079 
9602 
4741 
2587 
2284 
4241 
2126 
7922 
6051 
6310 
5292 
834 
2606 
8911 
6113 
7688 
9629 
5848 
3668 
139 
2650 
489 
5066 
6724 
5166 
364 
9128 
6634 
7637 
6344 
1197 
4694 
4574 
5963 
1314 
5352 
4543 
4500 
5011 
7108 
7398 
5262 
287 
890 
3735 
6205 
3837 
5391 
3320 
6228 
5561 
3077 
8405 
5870 
5734 
1464 
585 
3979 
8264 
7959 
3981 
9716 
4159 
7902 
4505 
5118 
3123 
7743 
4705 
6452 
4689 
2868 
2242 
7528 
5466 
6306 
3191 
7696 
2044 
7092 
3850 
1418 
334 
8358 
724 
7181 
7503 
5287 
3369 
6381 
7483 
9640 
649 
437 
1214 
6697 
3909 
1508 
1714 
7953 
2598 
9018 
4596 
2400 
1791 
9265 
7658 
7375 
4291 
8000 
8776 
2578 
9133 
6248 
5865 
8834 
3227 
9666 
3260 
8199 
1196 
7541 
1987 
5241 
4521 
741 
9052 
3526 
1629 
4752 
1241 
2281 
1474 
7939 
5004 
7764 
1645 
5571 
7767 
9944 
9463 
58 
4742 
8649 
2568 
1841 
3222 
6781 
4682 
5695 
6461 
865 
8180 
6428 
8504 
9131 
9408 
7543 
1892 
8467 
9430 
6201 
1155 
254 
6651 
4236 
9340 
9679 
2343 
307 
1830 
3906 
3722 
1494 
826 
5082 
3259 
5852 
9866 
1093 
7996 
7999 
8256 
9765 
2446 
6050 
9344 
858 
2442 
8812 
6529 
3730 
4022 
8370 
4019 
4969 
59 
8562 
4591 
421 
6268 
9583 
5524 
8492 
6114 
480 
2401 
8073 
1476 
7513 
3824 
2128 
9142 
1678 
1793 
420 
4768 
1215 
267 
7870 
6829 
6659 
977 
3873 
1747 
9268 
8746 
9508 
1824 
5106 
331 
3344 
6805 
3113 
3717 
7738 
4654 
476 
5047 
9456 
277 
3998 
6086 
892 
7047 
8969 
2041 
9390 
2111 
3071 
247 
384 
5330 
9938 
9987 
3302 
3032 
8398 
4480 
8353 
8183 
6370 
9912 
8707 
9453 
9539 
5218 
4958 
3231 
1388 
8102 
7553 
708 
2313 
1109 
4817 
5590 
9613 
9537 
8544 
6233 
5605 
4614 
3629 
6292 
2649 
9901 
3264 
3262 
3679 
2909 
5786 
1551 
4765 
3586 
2119 
9585 
5921 
1342 
3215 
3917 
211 
80 
3639 
3179 
2441 
9608 
2783 
8389 
1596 
6571 
8984 
4211 
605 
8582 
692 
3607 
9156 
5301 
2573 
10000 
4823 
8122 
7121 
689 
1685 
1368 
1036 
5681 
9179 
5046 
7003 
5746 
4608 
4628 
4910 
6723 
3396 
512 
1034 
7017 
7589 
3467 
3990 
9763 
3130 
7912 
5215 
4519 
162 
90 
6670 
4552 
8531 
7330 
939 
8522 
4475 
5495 
3345 
8528 
5543 
5680 
7039 
4008 
4311 
1019 
8786 
8255 
7925 
1733 
4233 
5140 
6161 
3407 
7813 
2836 
2869 
8437 
4946 
9544 
757 
7129 
4385 
582 
9014 
2670 
1486 
6155 
2745 
1380 
5575 
4708 
2381 
1062 
6535 
8538 
1749 
356 
8814 
3000 
9917 
2259 
5486 
2156 
4816 
4956 
8196 
9373 
8279 
1028 
7638 
8689 
2866 
8890 
6446 
6664 
3225 
6451 
185 
9831 
2533 
6608 
960 
2052 
973 
4801 
2139 
2332 
6822 
4160 
6066 
2310 
9349 
210 
9148 
4746 
2656 
8674 
1998 
3870 
8662 
9085 
9653 
7699 
5003 
6213 
9503 
1332 
294 
9047 
4841 
6081 
2197 
9468 
3712 
9575 
2755 
5169 
5716 
9507 
4012 
2944 
811 
9690 
5346 
9409 
5110 
7459 
8618 
9758 
9433 
3844 
6454 
6840 
9053 
7368 
5233 
9826 
6043 
2014 
4961 
6039 
8655 
5778 
7444 
2216 
5862 
1271 
623 
3190 
7435 
3983 
8095 
4547 
3329 
1900 
2317 
3599 
5270 
6486 
4763 
7083 
5224 
2591 
5914 
8488 
4573 
6339 
1558 
2457 
9922 
2738 
1983 
9003 
7861 
4610 
9331 
5009 
4281 
229 
4147 
3820 
4436 
9764 
4224 
3881 
6938 
4382 
2847 
5679 
9727 
6625 
6853 
5956 
349 
5815 
8898 
9139 
2200 
2346 
5457 
1178 
532 
5785 
4520 
6284 
2358 
7650 
7176 
8952 
1837 
8049 
8355 
568 
8413 
8475 
9883 
5425 
6551 
2936 
4089 
4793 
7162 
4150 
9722 
9889 
3506 
9812 
5041 
2660 
7383 
8610 
2655 
9913 
3826 
286 
4074 
3178 
506 
951 
883 
386 
1626 
7152 
33 
3550 
3211 
9706 
3597 
7801 
5536 
590 
8125 
4002 
1270 
3788 
4024 
6721 
2882 
8461 
2020 
3503 
6014 
2113 
3829 
4954 
8114 
9288 
1100 
7134 
7154 
8348 
6153 
7002 
7998 
158 
6341 
4509 
806 
7574 
2058 
3318 
5191 
2120 
2002 
9846 
3645 
8322 
7131 
7317 
2456 
1897 
5376 
91 
6906 
7966 
2775 
454 
2680 
1885 
5258 
9731 
9849 
1000 
1842 
4010 
5446 
5148 
5532 
8607 
2970 
5511 
2703 
749 
7954 
9935 
8197 
455 
7346 
94 
8224 
5319 
5860 
93 
9790 
3155 
5221 
3463 
1043 
5394 
2886 
5821 
7042 
5323 
2136 
1902 
4524 
1945 
9792 
7419 
5692 
7970 
2076 
2268 
9073 
4497 
7406 
7169 
3581 
2466 
297 
7136 
6295 
4985 
2686 
3235 
873 
5 
4254 
9458 
8513 
2773 
4182 
6731 
418 
6169 
8727 
340 
2723 
7155 
4571 
1696 
3680 
6780 
5077 
7336 
5784 
4794 
3553 
2815 
4303 
221 
8249 
4811 
3929 
3931 
9006 
2907 
7202 
8084 
6120 
8663 
1081 
8082 
2218 
5333 
7396 
1275 
7195 
3682 
4908 
1095 
2824 
8609 
7678 
1803 
5280 
5017 
2153 
31 
9941 
3280 
7988 
8047 
1212 
4484 
6568 
2461 
5063 
5122 
1708 
7742 
522 
6836 
8026 
6864 
6192 
2816 
5847 
8888 
2288 
4123 
1175 
1364 
230 
7753 
2470 
8400 
3737 
5964 
8614 
8043 
6362 
6980 
9477 
6363 
2725 
6581 
1056 
7470 
9888 
2931 
9974 
8071 
5075 
3675 
4438 
5729 
3701 
7391 
1530 
8738 
9899 
2539 
505 
1113 
9311 
5058 
5147 
4897 
9200 
3751 
7662 
6313 
7219 
73 
9867 
8902 
7695 
1412 
6249 
7432 
5028 
8066 
1049 
7071 
2581 
4282 
8470 
6896 
8121 
69 
2217 
3816 
4770 
3489 
1715 
360 
4273 
7369 
603 
850 
2067 
34 
2858 
2555 
7367 
3855 
908 
1489 
9051 
3430 
9882 
7786 
2291 
1918 
9036 
8994 
37 
7325 
4745 
77 
3727 
2494 
6685 
1796 
8578 
2416 
8153 
4528 
6385 
8924 
9897 
2173 
1435 
1947 
3436 
2859 
9171 
6042 
1129 
9472 
1319 
4262 
7689 
2790 
6686 
4383 
736 
7778 
9334 
7248 
972 
6974 
18 
4996 
9075 
6767 
2889 
1251 
5311 
6030 
7886 
628 
9240 
3444 
899 
563 
7243 
7656 
8471 
7354 
2990 
8877 
4005 
2233 
1707 
4378 
2856 
748 
2562 
7031 
3887 
2180 
4145 
523 
1468 
5367 
6411 
4533 
7773 
4429 
3776 
7054 
4919 
2706 
8977 
5764 
2404 
9905 
6687 
2860 
6037 
6181 
4593 
113 
8032 
8867 
6791 
6609 
7684 
3301 
2262 
3453 
5998 
7643 
1083 
6271 
9631 
6352 
12 
9500 
1741 
2776 
3518 
5299 
1687 
923 
6194 
851 
8458 
8964 
2315 
4397 
3691 
867 
9082 
3927 
9498 
9499 
7509 
3830 
1873 
1913 
8465 
6297 
6513 
7425 
1884 
1529 
1761 
5012 
5866 
4456 
4798 
4819 
7412 
6318 
1642 
9561 
4760 
8239 
1164 
1340 
1504 
6422 
3528 
2714 
5889 
8711 
9298 
2335 
3108 
8987 
816 
8946 
5521 
6533 
2266 
5084 
3968 
2469 
1030 
8862 
9859 
2968 
5868 
2205 
7187 
6525 
9432 
768 
1298 
2318 
9278 
1563 
9642 
5214 
2752 
6863 
4183 
4100 
1459 
5990 
5496 
4267 
9225 
8323 
1609 
9479 
2101 
320 
9612 
4594 
1906 
2068 
1874 
2716 
251 
2398 
1593 
9820 
9695 
4925 
8696 
4194 
7208 
5069 
3154 
9004 
1281 
5546 
2528 
5185 
1769 
1521 
753 
6364 
2924 
3308 
8549 
1047 
5967 
8778 
7581 
2761 
3971 
5498 
4031 
6171 
8651 
9565 
637 
3084 
2642 
5010 
6447 
6895 
3805 
981 
431 
3825 
6927 
9063 
381 
8999 
701 
1688 
4216 
9488 
5508 
8989 
7652 
4983 
7833 
5816 
8472 
1320 
114 
223 
9934 
7085 
4346 
9794 
3107 
932 
490 
5683 
8566 
5497 
2583 
2063 
7784 
5694 
4413 
5938 
4270 
3865 
4611 
7889 
9841 
3617 
7058 
8246 
2690 
3681 
6544 
9656 
7388 
7166 
5603 
8334 
5404 
7618 
7879 
7431 
6111 
8904 
9310 
9675 
2372 
4037 
6142 
6068 
893 
6158 
7558 
3070 
5230 
5922 
4080 
8923 
6725 
296 
2715 
2146 
3592 
4493 
2347 
5978 
5830 
9902 
6569 
665 
3257 
323 
4630 
2652 
79 
8185 
8775 
2382 
7774 
3966 
1663 
5162 
2025 
8770 
5297 
8851 
538 
2430 
2612 
1789 
4987 
8166 
2953 
7278 
6841 
373 
8573 
1750 
5499 
6830 
9780 
8695 
1284 
1502 
2368 
7546 
3331 
6360 
4492 
9072 
996 
2894 
2873 
2574 
5044 
7299 
5373 
1974 
985 
1066 
9811 
7862 
4575 
4767 
7270 
4542 
680 
8064 
4016 
5259 
5132 
6397 
6226 
5300 
9260 
2074 
3686 
7708 
8112 
6961 
5105 
2948 
9487 
7118 
2742 
2768 
405 
774 
1272 
9788 
7740 
2988 
7329 
6329 
2904 
4599 
3957 
2191 
3685 
1925 
6598 
1256 
4578 
2095 
9253 
7772 
2251 
2220 
7943 
8184 
7915 
527 
9287 
756 
2689 
6637 
9056 
3508 
3067 
750 
9672 
1970 
9207 
4569 
6466 
8214 
4838 
8605 
5115 
3214 
9945 
6333 
3994 
1697 
7023 
8466 
9379 
4111 
2484 
9752 
38 
9427 
4240 
9188 
2109 
6846 
3185 
8954 
3958 
920 
3993 
5237 
4396 
5787 
7140 
1161 
9273 
982 
192 
5273 
767 
9798 
9572 
2890 
1285 
4685 
8335 
3447 
398 
2417 
9330 
2323 
513 
2027 
933 
7475 
8423 
4880 
8234 
2558 
3977 
1726 
5891 
549 
274 
9452 
9333 
1844 
8445 
9541 
1680 
3072 
6967 
9785 
9774 
433 
8839 
3053 
3298 
4529 
3807 
9932 
4876 
1818 
7687 
6092 
8626 
7312 
5433 
5156 
629 
1496 
9933 
8764 
6089 
9411 
238 
9048 
3242 
7158 
7456 
9786 
5584 
5586 
9209 
3391 
4598 
1881 
6696 
9111 
9992 
4326 
9146 
5620 
2402 
4317 
3683 
6470 
119 
7315 
4114 
5382 
8093 
1694 
5296 
9818 
1133 
659 
9317 
5517 
5535 
8768 
7333 
1201 
9712 
4318 
2516 
2793 
7480 
1905 
591 
9739 
760 
2810 
2104 
6764 
7654 
2186 
2100 
3499 
1429 
2040 
3151 
2066 
7057 
9482 
4602 
6914 
8955 
1731 
5336 
1742 
1245 
9091 
4420 
4567 
312 
475 
1185 
8215 
2003 
2750 
5986 
3883 
8254 
7629 
3418 
4226 
5739 
8411 
3220 
3362 
7272 
8561 
4371 
824 
8870 
8752 
3564 
4634 
4294 
769 
1009 
2022 
7847 
7226 
9939 
9114 
288 
8253 
7501 
8265 
2077 
8871 
5697 
9167 
9041 
8821 
6149 
202 
2094 
3848 
4640 
5186 
3370 
6702 
2586 
8906 
9442 
518 
9364 
8198 
8976 
2751 
8175 
3626 
5353 
4000 
9070 
9958 
8777 
6021 
6538 
7899 
999 
809 
1861 
1088 
9307 
6956 
7216 
3097 
8907 
2327 
1213 
6963 
1377 
2339 
3568 
1647 
6482 
9181 
6561 
7547 
3042 
4633 
383 
8593 
5378 
9598 
1720 
8179 
1470 
9718 
670 
164 
539 
8580 
344 
6096 
1576 
7837 
7932 
7400 
6393 
2228 
871 
179 
440 
3491 
6814 
6172 
8635 
9403 
4115 
3615 
3198 
2379 
9066 
6675 
2507 
2597 
3138 
5018 
5502 
462 
5201 
7595 
4106 
5256 
7570 
4718 
4544 
788 
3274 
5915 
4513 
396 
370 
2299 
2451 
8592 
7864 
6736 
2204 
3161 
1402 
6623 
9399 
5257 
8703 
7816 
572 
8500 
5872 
2851 
4994 
5507 
6229 
9360 
3484 
9193 
571 
95 
1054 
4580 
1374 
2314 
9887 
971 
4579 
9652 
6936 
8517 
157 
3325 
7670 
611 
5927 
9160 
362 
3859 
5223 
553 
746 
1550 
1363 
9313 
5545 
6817 
648 
4982 
5652 
7920 
2737 
4156 
7353 
599 
7011 
3793 
555 
7575 
6979 
3888 
8835 
8260 
2157 
5719 
5488 
1413 
602 
3261 
6971 
7233 
6390 
4822 
7474 
6745 
2517 
2062 
4663 
2521 
260 
5717 
8349 
7482 
1387 
3796 
6263 
7230 
200 
2142 
5622 
934 
7562 
9422 
7254 
9621 
1477 
735 
5557 
9098 
5389 
1559 
704 
5650 
9267 
2053 
6684 
3366 
762 
4935 
1246 
8502 
8681 
491 
6928 
7034 
8045 
2198 
4128 
8420 
690 
6319 
7913 
468 
2337 
2496 
9275 
5306 
8613 
2942 
6935 
8159 
7838 
831 
1997 
4675 
1760 
6883 
7952 
957 
4916 
8645 
6275 
3908 
561 
1475 
1819 
1466 
3054 
2759 
2465 
4351 
820 
6587 
175 
5924 
6196 
3628 
3126 
6281 
3860 
2994 
5153 
8474 
3010 
3821 
8624 
7285 
2954 
6585 
8797 
2712 
244 
2782 
9991 
8101 
7639 
6260 
4059 
4643 
6567 
3570 
5135 
6047 
5361 
2913 
5702 
7828 
368 
8266 
998 
2584 
9557 
6434 
9464 
9350 
8988 
1578 
6588 
9511 
3591 
8128 
3388 
9280 
4478 
891 
3408 
9817 
8735 
2495 
4526 
6589 
3937 
2930 
6278 
3762 
5196 
4553 
4153 
2515 
3613 
4163 
9705 
3105 
2384 
1739 
1264 
9021 
925 
7718 
4863 
6299 
3813 
8433 
4904 
9304 
3221 
4788 
5564 
6559 
5174 
2548 
2445 
1816 
5171 
2697 
6234 
3059 
5656 
8447 
2273 
4662 
6973 
1916 
5068 
2769 
4928 
8140 
7447 
7289 
6833 
5988 
1569 
9916 
4966 
3876 
9182 
6326 
6653 
1240 
5506 
3434 
1911 
404 
9819 
4740 
4661 
1919 
1898 
4482 
9008 
7531 
2946 
4266 
646 
7463 
8602 
3093 
2800 
8028 
8280 
8074 
5780 
9151 
7993 
2531 
2525 
9079 
2821 
9100 
615 
8938 
3643 
4375 
9734 
4859 
1482 
6709 
6375 
3565 
2635 
3470 
4373 
3662 
7218 
1355 
7117 
9677 
6304 
547 
3698 
1603 
2080 
3924 
9011 
6635 
7726 
1534 
7723 
7301 
8233 
1007 
9489 
8001 
3186 
7452 
1628 
7104 
2257 
6744 
4394 
3997 
6040 
838 
7159 
8883 
61 
8794 
7518 
9809 
5600 
4820 
4603 
1621 
8243 
9395 
9868 
2677 
5789 
9059 
4804 
6085 
3041 
3480 
656 
6144 
6968 
351 
2908 
7258 
7213 
1190 
99 
5364 
6976 
9152 
234 
3684 
4789 
4440 
1598 
1539 
1937 
4736 
6763 
2405 
7392 
6442 
1244 
101 
7635 
3801 
3636 
8237 
2364 
9084 
1045 
291 
8406 
3642 
624 
7751 
9996 
7324 
9346 
4093 
2133 
4934 
5849 
6266 
9192 
7192 
2997 
5604 
1657 
5074 
5379 
2420 
2298 
7809 
285 
7856 
8880 
8367 
9648 
354 
6666 
8643 
9865 
6384 
8390 
1051 
4050 
5527 
1280 
9581 
8676 
1836 
3569 
7255 
4116 
6678 
2605 
6964 
8294 
9353 
9879 
8660 
7971 
1829 
4258 
3127 
2007 
5941 
1422 
4557 
9157 
1648 
2704 
5137 
7374 
2818 
2413 
8841 
3894 
7269 
3770 
5630 
2006 
3359 
6008 
4157 
7242 
6916 
9891 
7370 
2249 
1528 
526 
1523 
8948 
9587 
7112 
9724 
6786 
1993 
3614 
2403 
3840 
6371 
9416 
791 
4025 
5324 
3606 
4295 
4891 
8115 
5871 
6700 
3234 
9080 
7401 
5060 
4912 
442 
3395 
7135 
5469 
2977 
4737 
5627 
498 
7646 
1309 
988 
7428 
8616 
5145 
1738 
9130 
1397 
9828 
1131 
884 
2270 
6640 
8070 
9269 
2084 
6512 
7249 
681 
9516 
5554 
389 
8849 
253 
5424 
9530 
6095 
7515 
5567 
5588 
7895 
1063 
7648 
7172 
4931 
478 
5755 
5434 
5390 
6361 
261 
921 
6607 
1378 
7535 
5593 
6689 
6893 
554 
5686 
4850 
2727 
7560 
3328 
6742 
2857 
2453 
7069 
1296 
3880 
4422 
2437 
2935 
3594 
5930 
6532 
7591 
6594 
2292 
4408 
9949 
7525 
9230 
8275 
317 
5649 
47 
3726 
4527 
7311 
8359 
2696 
4190 
3951 
2915 
7206 
6444 
4657 
2880 
2787 
9076 
5663 
2301 
1872 
2777 
9320 
5229 
7409 
4425 
1035 
6374 
2709 
8489 
528 
4903 
7573 
283 
9566 
7846 
9661 
2399 
2214 
8595 
9497 
5704 
8863 
980 
3926 
4044 
4485 
1261 
5918 
7785 
9981 
5440 
8119 
2490 
8038 
8393 
3104 
1713 
2760 
8441 
8364 
5163 
5541 
5239 
6894 
6752 
2099 
5198 
2289 
1681 
4033 
5242 
2435 
8803 
2627 
9750 
4143 
4583 
6067 
8031 
3763 
4117 
962 
661 
3786 
2625 
4716 
8250 
9078 
1746 
8297 
3795 
4191 
2224 
4692 
9486 
313 
7343 
2383 
3579 
8013 
5366 
4512 
828 
6287 
1479 
3895 
1210 
3002 
4932 
507 
415 
7666 
6756 
1871 
266 
5083 
3199 
6173 
3638 
3687 
793 
8305 
1787 
6477 
1630 
2980 
2665 
9279 
1076 
6160 
1730 
5070 
5131 
8298 
2864 
5754 
7183 
1382 
8012 
3401 
7564 
7517 
8245 
857 
5989 
4102 
2803 
5349 
4644 
3863 
5109 
369 
6934 
7393 
5712 
4963 
9600 
5737 
2833 
4911 
5687 
6261 
4805 
3358 
264 
3426 
5661 
6983 
8386 
9134 
9754 
2482 
5022 
7150 
3845 
5733 
5979 
3479 
4750 
4864 
8171 
1858 
6462 
1254 
9622 
4775 
794 
8356 
727 
4894 
465 
3759 
4703 
9012 
9199 
9338 
8092 
3216 
938 
6957 
169 
4036 
1676 
2844 
380 
930 
8796 
3510 
6794 
8019 
8154 
6523 
1341 
9657 
2294 
837 
2834 
4164 
2720 
807 
9770 
3753 
5940 
9862 
416 
940 
9024 
345 
1330 
5995 
6303 
1949 
8258 
5485 
2208 
9446 
723 
4616 
4447 
4196 
3025 
4980 
8823 
8656 
1027 
8261 
1236 
8312 
3610 
7975 
1442 
545 
3078 
1812 
7710 
7792 
9470 
662 
9558 
32 
855 
3150 
5970 
8831 
969 
7441 
2610 
1020 
8315 
2449 
2412 
7190 
9606 
1533 
2037 
7059 
2460 
1933 
6758 
679 
6007 
2366 
7426 
6671 
2019 
1068 
8677 
2425 
4399 
5042 
8362 
5568 
5337 
4013 
4004 
5776 
5771 
3915 
4289 
2634 
5538 
8226 
8884 
3089 
5598 
3469 
5126 
1307 
1 
5226 
3251 
2459 
194 
8756 
5034 
5795 
6799 
3184 
3764 
1810 
3960 
342 
1335 
3995 
7933 
2263 
1356 
812 
2121 
8110 
995 
2143 
4882 
6123 
9707 
6280 
9345 
5807 
1322 
4976 
5144 
9055 
7380 
9680 
6405 
7235 
3604 
4488 
1092 
2424 
9801 
8782 
25 
5580 
2255 
7691 
6955 
4189 
872 
8827 
7590 
9132 
8478 
8843 
6004 
136 
1098 
5596 
4356 
8669 
3390 
7244 
5583 
206 
8035 
5688 
6080 
8945 
2172 
8138 
6322 
9927 
9113 
6170 
4132 
3913 
2570 
7146 
8342 
835 
3874 
8791 
8657 
9542 
4744 
9322 
412 
7551 
5641 
5183 
3076 
9120 
726 
8311 
2493 
2174 
9669 
2717 
4747 
7769 
5878 
7968 
8282 
5493 
4003 
8403 
1198 
5354 
5802 
2222 
6939 
492 
1989 
3665 
3486 
6484 
5302 
8270 
8535 
3375 
7246 
43 
7824 
9834 
3148 
8259 
4268 
8785 
4532 
8992 
9929 
327 
3204 
6054 
3461 
1546 
2447 
1854 
2177 
4325 
3961 
6407 
1506 
5863 
2952 
5770 
3571 
219 
8720 
213 
39 
5002 
728 
3415 
583 
474 
6087 
167 
5947 
7853 
5902 
7507 
3605 
5723 
5403 
5782 
3445 
3307 
9176 
2732 
2485 
5188 
483 
2628 
9058 
2338 
5973 
5086 
6354 
6168 
4057 
6662 
1336 
1484 
1549 
1369 
9961 
2161 
7239 
6624 
5670 
5519 
1776 
3678 
7490 
4477 
495 
3532 
6732 
7722 
556 
8846 
1643 
6184 
2958 
9711 
3181 
3515 
2253 
6001 
6540 
7000 
2923 
1373 
6554 
9529 
4388 
5644 
6508 
7944 
1850 
6331 
3846 
3180 
7356 
1921 
378 
8995 
955 
5512 
7800 
6258 
3833 
6889 
2448 
6475 
4668 
9007 
7151 
5252 
4039 
8438 
3205 
5975 
6236 
7454 
5427 
580 
5227 
2576 
7523 
6418 
5805 
5228 
3787 
7948 
140 
815 
5908 
3100 
1946 
519 
4812 
1555 
4242 
84 
2932 
3810 
4523 
7363 
8944 
4808 
8941 
6399 
3956 
268 
4293 
9928 
6253 
8750 
8949 
3975 
660 
8089 
5049 
3729 
1938 
8856 
5952 
1784 
6774 
8190 
747 
6849 
6459 
9196 
8658 
7307 
2853 
4664 
8346 
9103 
1278 
7105 
1965 
5700 
5833 
6400 
3574 
8209 
3988 
1331 
3386 
4673 
388 
50 
2973 
353 
4787 
7277 
4212 
6977 
8118 
7033 
4098 
976 
970 
7220 
7868 
7107 
6438 
5713 
569 
3631 
7908 
9117 
3327 
6088 
3433 
9339 
7642 
9081 
6848 
6061 
9797 
5303 
8636 
7705 
6366 
9963 
8642 
8936 
1297 
5722 
236 
3011 
609 
5320 
4433 
6259 
8418 
6897 
1922 
250 
7382 
1226 
441 
359 
170 
4333 
2808 
6951 
40 
2428 
950 
4821 
2617 
6526 
231 
5114 
1457 
6044 
8055 
4249 
6761 
8129 
1778 
8146 
1008 
1835 
5828 
9594 
3589 
6 
9623 
7700 
7617 
1775 
6797 
3525 
4411 
8980 
5834 
1497 
9383 
5741 
156 
4219 
3417 
9673 
2079 
5845 
4554 
5752 
2596 
318 
2698 
1135 
3741 
1944 
6382 
993 
5822 
6915 
8308 
4359 
372 
5768 
7522 
6750 
5096 
8462 
2802 
5714 
7267 
6065 
2602 
6245 
9213 
7349 
941 
7359 
2115 
303 
9505 
7712 
9784 
8591 
7548 
5958 
9694 
5128 
8292 
7257 
4079 
8202 
7804 
9639 
5212 
2328 
4993 
1048 
7422 
5347 
6768 
8435 
2666 
6683 
5430 
6147 
2369 
3555 
8293 
9749 
8908 
7236 
3226 
5945 
7101 
7941 
8630 
5231 
2719 
3368 
9742 
8211 
9908 
5682 
3671 
2671 
1514 
6636 
9965 
2822 
8864 
5827 
1927 
2939 
4862 
7455 
8757 
4836 
1658 
4868 
2901 
1168 
6656 
4309 
9904 
3911 
2277 
2781 
8755 
281 
6518 
2274 
6854 
559 
4717 
1610 
825 
912 
4489 
9545 
9748 
5514 
9840 
446 
9473 
9227 
6441 
5477 
2848 
911 
3705 
6642 
6657 
9261 
8686 
132 
6501 
6408 
138 
8819 
4957 
863 
634 
4975 
9560 
9435 
744 
6528 
7947 
9189 
6493 
3282 
1586 
8333 
1879 
9737 
5896 
2340 
172 
2306 
7873 
2754 
3330 
249 
3383 
9201 
4930 
11 
6823 
3647 
5591 
684 
9305 
1209 
3673 
7180 
885 
3132 
4676 
2043 
4263 
854 
8668 
5220 
1258 
7582 
1675 
7885 
8269 
7439 
719 
2545 
4286 
1222 
3749 
9814 
5985 
7027 
5698 
9106 
6106 
6223 
1071 
4076 
4223 
2195 
4790 
3443 
4101 
1852 
8690 
63 
3573 
8443 
3778 
102 
9856 
9528 
7214 
2129 
9854 
8365 
3941 
1419 
7319 
4697 
6369 
9123 
1345 
7385 
7777 
8158 
9068 
3046 
7624 
9807 
363 
843 
9040 
7542 
9356 
1990 
5463 
2676 
7806 
7350 
5405 
1324 
8909 
7776 
8307 
5566 
3144 
1145 
1318 
5551 
2925 
8161 
6870 
8982 
8274 
5841 
8170 
5937 
765 
1823 
9475 
6665 
790 
4069 
6431 
5808 
4914 
5089 
7497 
2669 
71 
8187 
1701 
4978 
7234 
9601 
6672 
5178 
2462 
7812 
1087 
8139 
5107 
4298 
2877 
4849 
8639 
1173 
1801 
7907 
5321 
51 
5523 
6949 
5721 
562 
7207 
9778 
6128 
2209 
9439 
8289 
7539 
5597 
8477 
9315 
5080 
6075 
9791 
5690 
4656 
688 
2426 
3387 
3473 
1061 
5407 
293 
3285 
1432 
1498 
7808 
1321 
2567 
7951 
4677 
9898 
6603 
3892 
3120 
7467 
4350 
6504 
9355 
4706 
1981 
8795 
5092 
4042 
1716 
1661 
619 
3697 
7779 
3703 
1802 
9318 
2234 
4606 
9800 
3092 
9751 
8468 
3672 
3317 
4952 
3052 
7603 
4148 
8553 
1631 
1398 
2182 
9893 
6483 
2774 
7177 
7715 
1772 
3716 
4090 
9418 
2542 
4449 
818 
9793 
3004 
7714 
2152 
3371 
4269 
5452 
9615 
3336 
5206 
1401 
6105 
7898 
9026 
954 
9696 
2280 
5761 
4731 
8105 
9417 
1547 
7291 
7504 
904 
4179 
4331 
5671 
4125 
8638 
8201 
1255 
6414 
6824 
9984 
3713 
7711 
9701 
3964 
1325 
9385 
23 
1467 
6159 
8450 
7445 
1014 
6806 
9027 
5912 
2132 
1127 
2011 
3245 
739 
7193 
6648 
4379 
695 
5350 
6541 
2175 
7557 
1517 
4947 
7845 
3026 
3299 
9614 
3431 
2743 
2179 
4525 
1948 
7446 
9555 
1907 
8742 
613 
2934 
577 
9391 
606 
2626 
8772 
1584 
4166 
3666 
2618 
1231 
2215 
4725 
589 
8818 
4234 
3035 
9549 
856 
990 
4945 
2795 
9563 
5932 
7598 
4228 
2684 
3464 
7974 
9105 
598 
5634 
2308 
6152 
578 
7372 
7555 
3495 
7125 
1439 
1317 
5892 
1191 
9286 
8816 
6476 
8866 
1986 
9973 
5685 
3174 
5152 
6243 
8241 
4884 
8885 
204 
7636 
7012 
1072 
540 
7863 
8585 
914 
9214 
6711 
6604 
9044 
7919 
8204 
1554 
4600 
8427 
2134 
5757 
8510 
537 
3309 
417 
5743 
4595 
3310 
4337 
5375 
1492 
7440 
5587 
4899 
2110 
8050 
9185 
3312 
4402 
3659 
201 
9424 
895 
4462 
8336 
7693 
6358 
5402 
6819 
4170 
6643 
4769 
7859 
7332 
1247 
7917 
7316 
6910 
7204 
5179 
3758 
5133 
3122 
2050 
4688 
7918 
4340 
6162 
3567 
2032 
1445 
9119 
1931 
3030 
5799 
8529 
4060 
2042 
4130 
4938 
1689 
529 
4782 
2607 
7303 
2806 
2726 
4146 
4284 
7028 
5839 
2943 
1794 
5882 
2678 
1126 
2373 
796 
3802 
7992 
1006 
6615 
5369 
423 
5887 
6346 
7969 
7138 
4277 
3912 
3140 
607 
7830 
3270 
6586 
830 
9943 
2965 
4082 
9567 
224 
5029 
2331 
186 
8186 
6847 
4635 
1041 
319 
5589 
7965 
9805 
4948 
6605 
8325 
1188 
9936 
2211 
7488 
5831 
5159 
2929 
8789 
2476 
9483 
3323 
215 
8094 
7365 
9308 
2986 
452 
7124 
5121 
8900 
2814 
9546 
3481 
4981 
9405 
8702 
7494 
9733 
9471 
3271 
9686 
3288 
9153 
1821 
2181 
7508 
8634 
160 
3582 
2047 
1553 
5071 
2658 
1141 
9325 
6409 
7597 
1450 
7843 
4712 
4210 
3275 
5016 
5997 
8808 
7957 
1895 
1248 
233 
4135 
3676 
3940 
2641 
901 
5165 
3869 
9420 
248 
4791 
8276 
3669 
20 
154 
5274 
9415 
2872 
4370 
1411 
5341 
9002 
9166 
6463 
1052 
4332 
4855 
3856 
4893 
7905 
1859 
9990 
4287 
802 
183 
5338 
7791 
220 
4202 
683 
8678 
7651 
7200 
466 
3967 
3733 
4856 
655 
8986 
3315 
3248 
7043 
3556 
1146 
6647 
8895 
5326 
7237 
5170 
7534 
8705 
9116 
9197 
3068 
4017 
1625 
1857 
4321 
6216 
1423 
7232 
2604 
965 
4461 
227 
1333 
4834 
8442 
2798 
3723 
1010 
8759 
9664 
3935 
5210 
4970 
5846 
7860 
3064 
8098 
8360 
1698 
6713 
276 
4843 
3498 
5798 
2471 
3176 
5217 
8910 
6658 
8096 
1753 
2319 
8684 
5194 
2510 
1362 
9054 
8708 
1573 
8670 
5317 
7016 
983 
1456 
544 
7170 
8519 
3854 
4238 
1978 
5763 
1934 
1607 
5635 
4165 
1848 
8608 
9019 
6231 
6738 
4699 
1462 
9746 
3292 
3969 
8615 
9035 
3633 
5867 
6707 
7995 
3492 
5268 
7850 
4068 
4684 
8619 
6203 
7730 
4534 
6727 
463 
6991 
367 
5459 
813 
8287 
7736 
7397 
8779 
8829 
1929 
5703 
8853 
842 
2645 
1016 
9450 
1207 
9484 
9314 
676 
4652 
9238 
6856 
8800 
6912 
1890 
4545 
5673 
6514 
9877 
6316 
7001 
9410 
2278 
5775 
4401 
6046 
7923 
9231 
2371 
7458 
6000 
3634 
1396 
7265 
9062 
4412 
8697 
7130 
9638 
5064 
6379 
7064 
1729 
6825 
3857 
355 
4218 
9232 
4243 
5765 
6474 
705 
4695 
4275 
1782 
7225 
4096 
6055 
1277 
81 
6597 
8018 
8495 
6878 
1840 
2178 
3183 
5791 
7405 
3382 
9771 
9443 
9045 
9609 
9578 
8959 
1119 
4455 
6063 
328 
9517 
9871 
9591 
8903 
2724 
2376 
4414 
8174 
9407 
6031 
4486 
4026 
1660 
5911 
3663 
9559 
208 
1308 
4353 
3139 
4615 
1070 
3513 
1954 
8132 
5351 
8661 
1864 
5279 
3232 
1305 
5435 
8083 
6729 
4840 
6506 
2363 
6289 
1627 
8079 
2843 
6383 
1359 
161 
1205 
9187 
1839 
6073 
6542 
9190 
5946 
7924 
5944 
1623 
963 
7110 
2203 
5572 
8942 
640 
6903 
878 
4499 
8242 
9519 
6578 
6549 
2582 
7167 
2993 
3378 
1372 
2630 
1167 
5458 
687 
515 
9400 
4260 
15 
1199 
3058 
1444 
4195 
3541 
5025 
7942 
2557 
4381 
2891 
7641 
5939 
6921 
9327 
2852 
8130 
4726 
862 
5843 
9092 
9650 
6365 
9704 
6177 
3674 
1460 
5250 
6340 
7759 
5119 
7673 
2829 
4711 
1969 
5254 
9374 
2772 
1703 
96 
4653 
144 
8554 
8726 
5420 
7956 
8232 
6818 
2780 
8328 
9918 
5113 
7352 
408 
6497 
7478 
9568 
7514 
7855 
6175 
7878 
9553 
8069 
9336 
8376 
6909 
9635 
3337 
255 
7721 
6053 
3452 
7587 
9454 
7168 
5540 
729 
2972 
9815 
4516 
1759 
7290 
5621 
9510 
8188 
3450 
1404 
9972 
8113 
7430 
7378 
9388 
6913 
1883 
8131 
7756 
5648 
3124 
2949 
5948 
1838 
2983 
6242 
8455 
8571 
9380 
8021 
9177 
9118 
587 
5328 
6426 
4700 
6706 
4345 
1851 
5445 
5934 
5727 
9161 
427 
473 
6059 
8195 
4313 
9570 
8141 
6456 
997 
75 
1334 
1289 
3587 
9844 
5177 
1704 
7987 
1537 
365 
9221 
9993 
5655 
5460 
1065 
5850 
6127 
8408 
3928 
4738 
8981 
6206 
9681 
4085 
6378 
5408 
6966 
2238 
8104 
9005 
5005 
8464 
7605 
82 
8721 
625 
9067 
4393 
9202 
5601 
1737 
279 
3809 
3982 
7322 
9465 
2883 
792 
3517 
2831 
1344 
7632 
9678 
8192 
2593 
8641 
8588 
7402 
7260 
3393 
5117 
1817 
3744 
745 
8318 
5636 
4247 
7498 
4861 
9222 
461 
3509 
8514 
4319 
7703 
9776 
3406 
8392 
9217 
1053 
974 
9676 
8252 
1512 
734 
2711 
9229 
9873 
5829 
1600 
3944 
2349 
3523 
5055 
1509 
2258 
2736 
7832 
66 
6277 
7009 
8421 
7411 
7612 
3437 
5480 
5203 
4898 
9533 
9911 
5235 
2150 
1471 
1328 
7247 
2325 
7906 
3200 
6480 
3575 
3616 
5797 
9954 
8878 
4949 
6110 
5823 
7628 
645 
4127 
1758 
7569 
7719 
5360 
4245 
8057 
4064 
6669 
8826 
3268 
6579 
9824 
2031 
8713 
9521 
8459 
4944 
6396 
5738 
9220 
7091 
6601 
8653 
3797 
3657 
9858 
2960 
3721 
5030 
5393 
5205 
5742 
6190 
1033 
1581 
2595 
4971 
3169 
4927 
1121 
4729 
7601 
2407 
2681 
4714 
6937 
6771 
9387 
6232 
1243 
832 
6140 
5824 
5236 
9312 
6244 
54 
795 
3055 
5478 
709 
1276 
501 
4561 
5039 
7471 
3768 
5999 
8828 
4265 
7468 
9799 
3707 
6208 
7175 
2616 
3938 
1808 
2879 
3896 
4720 
8932 
3650 
2455 
2389 
9574 
2078 
6468 
6627 
2819 
2491 
6620 
8025 
6262 
2081 
2922 
9109 
9829 
1279 
2190 
1004 
7818 
3314 
2940 
3003 
330 
5788 
8316 
3193 
5380 
5735 
14 
2221 
41 
8505 
60 
9419 
5706 
4405 
2561 
3355 
636 
1202 
5473 
3542 
9155 
9876 
165 
2854 
3996 
8281 
4071 
5043 
6198 
8151 
8967 
2341 
8014 
4613 
8480 
2117 
7097 
9756 
181 
1343 
4261 
1908 
8460 
5894 
5898 
9760 
534 
4186 
9729 
3087 
2193 
5838 
8212 
8244 
2004 
1955 
7286 
5926 
5751 
5219 
2018 
3313 
7173 
4902 
581 
2223 
4540 
2841 
6751 
6716 
6023 
7086 
947 
1128 
8665 
190 
8206 
1253 
7010 
6661 
8763 
6703 
3343 
88 
9997 
3500 
1206 
401 
4406 
8896 
2966 
4344 
3020 
3761 
7087 
4363 
3536 
252 
4469 
7103 
5340 
6241 
1075 
2823 
9428 
4184 
4625 
9514 
2144 
2057 
7060 
9025 
315 
8873 
861 
2846 
992 
5581 
9256 
7420 
7335 
4698 
4826 
4951 
6573 
3265 
2991 
8767 
2705 
1134 
8295 
6650 
2895 
2188 
3970 
9016 
879 
7949 
3256 
5374 
2500 
5421 
7139 
4915 
1536 
7748 
8659 
9946 
7604 
130 
1764 
6517 
3146 
4814 
3296 
9874 
1996 
3304 
2267 
4786 
5490 
2920 
2321 
8547 
426 
9397 
2483 
7835 
8410 
9907 
8993 
184 
9960 
3354 
6179 
6890 
3732 
2365 
2015 
1249 
8912 
2145 
4028 
1187 
546 
7253 
9461 
7869 
7757 
8569 
8167 
9000 
3021 
1204 
1232 
4466 
8983 
4129 
4719 
3255 
3340 
2748 
4502 
2622 
1370 
9088 
6308 
5467 
6743 
2518 
3419 
2244 
2842 
4431 
3192 
8117 
9895 
4442 
4754 
9755 
935 
907 
9363 
6527 
530 
7814 
8248 
647 
9628 
2503 
1583 
3017 
5150 
2961 
601 
8430 
4460 
8788 
6453 
2472 
2998 
666 
218 
7073 
9402 
4451 
9619 
2051 
786 
4463 
239 
9412 
4886 
5705 
4974 
1295 
716 
8947 
1820 
9168 
2239 
3943 
1385 
3349 
324 
4690 
1856 
5136 
9234 
929 
926 
5801 
1855 
4162 
4283 
1228 
7893 
1691 
7259 
9599 
1979 
2527 
9136 
924 
2206 
9060 
840 
4646 
9525 
958 
4349 
8221 
3297 
187 
3602 
5246 
7577 
4151 
8060 
3511 
5525 
9144 
188 
3972 
1425 
7224 
6690 
1968 
6734 
3353 
4171 
5773 
1105 
5869 
496 
2664 
9915 
2892 
7811 
7022 
4490 
7321 
5790 
7529 
3790 
8950 
6350 
4278 
6575 
4021 
5054 
3756 
9550 
5359 
6083 
2396 
6862 
8382 
740 
3746 
7495 
6778 
8751 
7594 
874 
6343 
4188 
8487 
3333 
8700 
8629 
143 
7077 
4032 
5793 
9662 
9476 
2792 
782 
5225 
693 
2269 
7161 
8068 
5255 
9515 
7982 
35 
7746 
3700 
5308 
1882 
2468 
7364 
8491 
948 
8144 
1541 
4624 
6746 
8733 
8152 
9089 
1169 
7610 
8732 
6296 
8133 
8052 
9732 
1781 
1748 
3381 
212 
9948 
6317 
232 
8330 
2023 
3849 
6886 
946 
8527 
9920 
17 
9354 
4302 
2699 
3828 
1485 
5061 
1302 
1616 
7280 
9299 
944 
273 
8303 
9135 
9910 
3075 
7013 
2362 
2433 
2978 
2351 
3376 
7174 
7122 
9108 
6072 
3147 
3560 
798 
424 
1833 
6269 
9332 
4503 
7395 
2231 
4833 
2667 
1148 
5247 
5718 
4629 
499 
2183 
1436 
7667 
2361 
5910 
5377 
3440 
7609 
8551 
2344 
5760 
6960 
1585 
5151 
5646 
8218 
8719 
8881 
6034 
6733 
2636 
3347 
6003 
7802 
89 
493 
6962 
3688 
3253 
5962 
7309 
9951 
1237 
722 
6917 
5792 
5991 
9478 
5091 
5050 
6693 
4940 
3954 
3293 
6837 
7231 
9367 
8486 
8611 
6553 
4104 
3051 
4680 
7679 
1500 
9919 
5190 
3029 
1079 
9127 
1038 
1939 
1928 
1233 
1518 
1994 
1403 
2189 
4354 
7796 
4308 
1082 
1562 
191 
3999 
548 
5167 
7563 
1709 
2480 
5642 
2296 
1366 
8040 
4112 
3847 
4055 
9255 
9404 
6154 
4777 
7807 
4109 
8005 
1973 
9649 
8628 
7989 
1813 
5731 
2201 
6376 
4161 
7429 
4481 
610 
1917 
4441 
7424 
5388 
9571 
6332 
7137 
6998 
5192 
9504 
5674 
1652 
3385 
5289 
967 
7070 
4001 
8194 
9647 
9885 
2316 
4727 
6838 
1039 
7647 
9730 
7304 
3086 
1172 
2202 
9233 
2927 
9242 
9141 
751 
3493 
8933 
6892 
8644 
8927 
4452 
7240 
5284 
6013 
1568 
6387 
3718 
3249 
3494 
5462 
8120 
2731 
2421 
9208 
5386 
5371 
6010 
1525 
3012 
1940 
5595 
978 
3290 
8807 
803 
968 
395 
7891 
10 
5893 
4432 
6395 
8415 
2108 
2184 
8699 
19 
3300 
9816 
2016 
8771 
262 
9451 
7516 
6885 
1021 
5875 
6749 
4809 
7476 
3667 
394 
651 
6204 
1306 
6887 
3112 
6925 
4920 
6810 
669 
3284 
9469 
1540 
6427 
9337 
6552 
1901 
1469 
801 
3394 
5101 
4701 
8007 
2785 
5172 
697 
9766 
3250 
8344 
8059 
5312 
9684 
6593 
3441 
310 
6872 
7685 
4735 
7415 
5059 
6386 
5537 
9434 
1478 
5573 
5053 
6947 
5103 
5447 
5585 
9444 
7659 
9375 
3468 
9665 
2492 
6309 
9183 
3559 
6784 
6336 
9659 
7931 
7533 
4967 
517 
6118 
9276 
7281 
612 
8731 
8377 
3920 
8015 
6093 
2017 
3062 
392 
8523 
5057 
524 
5281 
8053 
7141 
8387 
5678 
3897 
7036 
1932 
7266 
2710 
3823 
1893 
7408 
9218 
743 
7341 
564 
2855 
8899 
8858 
5095 
4514 
2830 
406 
9102 
1649 
584 
4522 
713 
4290 
6753 
7839 
7502 
8306 
7588 
5197 
6323 
668 
8600 
6842 
5897 
4846 
6739 
8284 
292 
5269 
8512 
3037 
5553 
4279 
7229 
4678 
3784 
3402 
6728 
2564 
7583 
2928 
6372 
1736 
7205 
8926 
2069 
4063 
2414 
7877 
4761 
8136 
6294 
375 
9178 
2825 
2661 
4924 
3769 
8207 
8997 
1326 
3736 
1771 
5024 
6772 
945 
7527 
5606 
5056 
6415 
5526 
6972 
4612 
2060 
8056 
3485 
6908 
6899 
444 
1903 
4797 
8577 
2329 
7 
5728 
772 
8402 
5615 
9522 
1495 
622 
9551 
6992 
4548 
7865 
6851 
3794 
5599 
8998 
7379 
3043 
3620 
2489 
4511 
7634 
5645 
6009 
1132 
9501 
1880 
9769 
1780 
8683 
177 
7496 
808 
6049 
6923 
3306 
6202 
887 
3540 
6151 
8278 
3 
7874 
8165 
4937 
8897 
3533 
8247 
6839 
4193 
2835 
1229 
8575 
9001 
1434 
7156 
4048 
1557 
5335 
5189 
8394 
4623 
632 
1957 
2243 
8225 
6133 
246 
1223 
1458 
5809 
8401 
9667 
7040 
3424 
9175 
573 
2553 
3748 
5966 
8010 
3677 
2293 
2861 
9998 
7209 
5942 
9655 
9777 
5982 
8340 
707 
9590 
618 
9393 
6157 
9668 
4495 
3322 
5980 
5455 
8710 
3377 
2345 
9584 
7568 
8966 
7725 
1843 
2871 
720 
3131 
9900 
1790 
6430 
258 
7126 
3036 
5877 
2434 
3233 
3524 
2230 
1522 
1636 
8301 
3757 
9833 
4730 
1641 
325 
5658 
1114 
7128 
5859 
7834 
6312 
759 
678 
8039 
6017 
8454 
8329 
1099 
4743 
1869 
9216 
3949 
6267 
3363 
9086 
1589 
3189 
6965 
5072 
5856 
5344 
9323 
9700 
543 
6119 
8354 
4883 
717 
2250 
6926 
2008 
2356 
8444 
6074 
8991 
737 
8210 
4501 
3803 
3546 
4672 
8109 
6077 
6682 
453 
3851 
1157 
9715 
9827 
8065 
7487 
1958 
5774 
8091 
1392 
706 
1682 
616 
6094 
2090 
7149 
839 
1878 
1788 
8481 
9264 
5125 
7024 
4095 
7109 
9236 
4141 
1122 
643 
9682 
76 
2989 
1259 
9610 
1797 
927 
6328 
2303 
8326 
8267 
3403 
3338 
9692 
7550 
7287 
6182 
2487 
8431 
7436 
3623 
7442 
5304 
7283 
44 
5120 
4905 
5175 
2240 
413 
4674 
9658 
541 
5542 
346 
2406 
7338 
1158 
1991 
4138 
4334 
1822 
9460 
1868 
5000 
6256 
4213 
8385 
1440 
1618 
8730 
1699 
5100 
8887 
2260 
3543 
3901 
2796 
7994 
7111 
7381 
6058 
1350 
1371 
2149 
1920 
6143 
6511 
2546 
8380 
1613 
6121 
52 
7448 
8124 
2937 
9536 
5503 
301 
3709 
8372 
6932 
4423 
9032 
2114 
9890 
1505 
2662 
675 
5142 
5923 
5368 
460 
1365 
6301 
5957 
533 
2640 
242 
8383 
1085 
6279 
4671 
6222 
6445 
3932 
4335 
3435 
6286 
4530 
2176 
1531 
5516 
5439 
3152 
2644 
8345 
343 
9670 
2304 
1443 
447 
3806 
9291 
5904 
5164 
1160 
1754 
2029 
5509 
3552 
1294 
9370 
4642 
5513 
4572 
272 
903 
4366 
1037 
7844 
2637 
1519 
189 
4246 
7663 
3622 
145 
2512 
7822 
7707 
9725 
5777 
3040 
3539 
2648 
6164 
6737 
5638 
2506 
1669 
9247 
1792 
8029 
8251 
7339 
5487 
5483 
7163 
9365 
1592 
3056 
9147 
4771 
9164 
9930 
4979 
4479 
6953 
3477 
3202 
4878 
6011 
4955 
5529 
2324 
4471 
3549 
9462 
5961 
1181 
2979 
3507 
1174 
5451 
9437 
8448 
502 
4398 
5412 
822 
2764 
5484 
7958 
7561 
2906 
654 
989 
3871 
3018 
3244 
2556 
5826 
8925 
6394 
4660 
8048 
6782 
6471 
9414 
9616 
6183 
4110 
8667 
560 
5139 
8228 
1473 
7032 
6330 
6472 
6070 
347 
3942 
3959 
3365 
8718 
4099 
7360 
182 
376 
597 
8813 
6103 
9491 
6776 
5518 
8698 
1633 
8555 
3278 
5520 
8296 
4419 
1619 
3153 
5954 
8581 
9074 
2807 
5708 
9627 
6639 
1674 
7371 
4715 
9289 
8672 
374 
2996 
1654 
8090 
7196 
1744 
4015 
9474 
7758 
1143 
8685 
2118 
5684 
841 
6359 
1899 
4517 
7018 
5715 
4034 
27 
4649 
1875 
6617 
5629 
2334 
7469 
4227 
2971 
4666 
6302 
7271 
936 
6857 
5665 
6199 
2092 
7113 
304 
4009 
4800 
1090 
7099 
2643 
1096 
5001 
7770 
641 
5881 
8558 
5666 
9292 
5432 
9121 
1828 
6402 
4088 
2030 
4253 
1590 
7328 
6091 
9480 
8369 
8321 
2921 
8189 
3007 
3584 
2452 
2975 
2849 
141 
5094 
2552 
1575 
5677 
8975 
1867 
6460 
1219 
4825 
3781 
5699 
8715 
5960 
3839 
9740 
696 
9015 
4380 
6619 
6487 
1179 
1315 
7817 
8560 
7510 
7366 
7212 
9978 
9538 
497 
8572 
3905 
7165 
5097 
7854 
337 
3819 
8440 
3921 
9303 
7418 
67 
486 
481 
4362 
5619 
7443 
2070 
7829 
8524 
1117 
6498 
391 
7046 
3862 
8063 
3502 
2033 
336 
2102 
2718 
2629 
4014 
7481 
4443 
109 
8583 
6188 
1262 
6098 
8034 
7556 
1300 
7186 
5181 
3695 
7090 
147 
3141 
6424 
4065 
9351 
5116 
6922 
5395 
2140 
3947 
2910 
3121 
8837 
8363 
5253 
9125 
9294 
4762 
4885 
3459 
379 
4799 
4691 
8758 
8155 
2227 
3114 
1353 
8037 
2474 
1337 
5772 
7815 
6701 
6718 
8081 
5438 
8145 
1026 
5184 
9277 
1165 
877 
3690 
5676 
2600 
7120 
2957 
6584 
1556 
4430 
450 
4858 
7640 
6251 
4588 
8319 
2086 
8680 
3422 
8934 
9674 
4450 
1668 
8479 
7215 
9087 
5689 
4960 
5331 
9869 
4049 
4306 
1384 
3916 
7903 
4827 
6033 
4968 
819 
2390 
4301 
225 
673 
8691 
536 
1203 
9 
1461 
1980 
5048 
107 
710 
2219 
1773 
3593 
6250 
306 
1705 
2097 
9252 
1951 
4965 
6858 
4181 
1614 
436 
1327 
6570 
5448 
4626 
667 
6503 
2550 
4200 
1208 
4753 
9952 
9931 
9296 
1108 
9630 
2297 
4879 
9795 
3001 
6406 
1150 
7056 
7926 
8599 
3544 
3779 
2832 
3600 
8913 
1390 
9361 
2463 
2744 
5533 
1570 
8507 
1693 
4988 
714 
2410 
3069 
4866 
1774 
6596 
4837 
6789 
4342 
8485 
6005 
8169 
6766 
6189 
9595 
166 
1177 
3137 
53 
8240 
7080 
7489 
2282 
975 
6029 
2336 
1316 
7841 
151 
2141 
7461 
2902 
9782 
26 
918 
1225 
1984 
4437 
6612 
5602 
6600 
5917 
3588 
2122 
5173 
4721 
9215 
2870 
5202 
3483 
1221 
8620 
8526 
7294 
3194 
1719 
4320 
9741 
3889 
1552 
3875 
1896 
3545 
5372 
7055 
6347 
302 
9413 
2443 
3773 
9017 
725 
3028 
9509 
738 
9266 
4203 
3475 
2974 
6879 
6071 
7616 
4918 
4917 
8148 
7479 
100 
6117 
9513 
2771 
21 
5550 
3156 
631 
6420 
3065 
1706 
5981 
1299 
6941 
8027 
516 
5577 
4755 
1453 
2075 
6264 
9194 
1943 
469 
3420 
579 
9634 
477 
6380 
435 
7275 
7761 
8332 
3514 
9376 
2039 
171 
1176 
9556 
8020 
2673 
7078 
7361 
8263 
6079 
5474 
6881 
5819 
7623 
9699 
8929 
5067 
2779 
9061 
2753 
6759 
1491 
7967 
8106 
9878 
5968 
196 
2985 
9174 
1112 
7203 
8557 
7493 
1665 
87 
5409 
8428 
4372 
6041 
2241 
2229 
137 
131 
8810 
9605 
8664 
1659 
552 
4565 
6496 
5442 
5899 
5813 
6492 
5222 
7976 
3289 
8872 
2464 
6539 
3476 
5282 
6809 
2498 
432 
600 
5664 
5234 
8780 
503 
2620 
9204 
3562 
8754 
9717 
773 
3015 
3710 
2995 
848 
2572 
9126 
7768 
9527 
1200 
4508 
3352 
3715 
1110 
3027 
1002 
9282 
1644 
8621 
1211 
124 
3095 
2467 
7997 
7437 
3612 
4435 
5019 
6775 
176 
1252 
6211 
4751 
7649 
411 
2026 
7390 
3163 
5987 
482 
9455 
7600 
6747 
2826 
6708 
8939 
6801 
3258 
2088 
9104 
1710 
6866 
8728 
1303 
8046 
5725 
8388 
3719 
1147 
3134 
3252 
8272 
5905 
9988 
5749 
4066 
199 
3209 
8604 
2791 
2275 
4199 
4178 
9211 
866 
6717 
5832 
4118 
1138 
1577 
7881 
6272 
5129 
8457 
6994 
6590 
5313 
8761 
257 
3660 
2359 
2729 
7961 
5204 
46 
5027 
6265 
9224 
852 
5874 
2560 
8163 
6574 
663 
4252 
2758 
6212 
8103 
4208 
1329 
6166 
6015 
9842 
5647 
8494 
8361 
4872 
7836 
7732 
168 
7754 
5625 
4126 
7545 
7228 
1971 
2378 
6652 
6990 
4558 
1924 
7946 
311 
2524 
1383 
8404 
8532 
6274 
6368 
7384 
9999 
5901 
1572 
6012 
419 
9959 
8974 
65 
6458 
7082 
9644 
7633 
6861 
6924 
397 
6167 
4900 
6796 
6488 
7737 
7453 
9845 
3601 
3197 
6891 
1811 
3397 
8598 
428 
6869 
1634 
2012 
5696 
9285 
8748 
731 
7911 
3405 
9492 
7706 
2647 
5168 
761 
9975 
3033 
1097 
1149 
9543 
2767 
4046 
2285 
9165 
8223 
9789 
2392 
3578 
7750 
1711 
8412 
6246 
8905 
9203 
6314 
4030 
5385 
8451 
3160 
3241 
1807 
3099 
9886 
1064 
6337 
7119 
7347 
5977 
7940 
7858 
1268 
5611 
3989 
3900 
2788 
4681 
5232 
6741 
6214 
1427 
9159 
1089 
1831 
614 
1751 
6644 
6519 
9691 
7460 
9548 
4176 
350 
3373 
7702 
6305 
5087 
7184 
8693 
3364 
4896 
5552 
4871 
8805 
1257 
6918 
6026 
9481 
1595 
9071 
4217 
6392 
6097 
8058 
6403 
8482 
6252 
7491 
9022 
5200 
9743 
6491 
1032 
5820 
3013 
7731 
269 
4991 
7720 
8077 
6933 
1420 
6975 
6874 
4336 
3110 
9577 
7451 
3767 
7980 
1218 
3834 
9396 
4467 
1936 
3446 
105 
3187 
6137 
7675 
7962 
4582 
226 
9796 
2668 
3925 
2024 
2225 
5357 
3238 
3728 
4830 
7262 
3534 
5707 
864 
3724 
1876 
4950 
5913 
5639 
487 
7935 
3621 
2519 
4084 
5669 
3522 
4360 
3987 
9352 
5111 
2538 
3428 
6970 
900 
3246 
8191 
8584 
2165 
9736 
6324 
443 
9698 
1582 
6537 
9254 
2590 
5356 
574 
2865 
9526 
6626 
6802 
7197 
207 
5711 
6748 
2893 
3661 
8530 
7585 
4890 
3563 
1795 
821 
1952 
8157 
5146 
8277 
6808 
604 
3656 
6676 
712 
3585 
2912 
7977 
1452 
4795 
3115 
1745 
2049 
3158 
7486 
9457 
3168 
180 
4172 
6500 
7061 
2951 
1587 
8150 
4056 
1786 
4570 
6176 
1409 
3738 
8002 
2170 
1488 
9274 
3885 
4091 
2393 
4187 
1137 
4577 
6490 
4941 
3361 
3269 
8931 
8304 
2575 
2828 
6867 
7661 
3091 
4851 
9864 
6875 
6997 
1417 
3800 
1166 
9237 
1567 
5418 
3625 
3608 
1424 
8107 
4724 
5090 
1029 
5835 
8854 
3165 
7327 
1967 
4783 
8625 
7297 
5277 
910 
6663 
7644 
127 
9985 
8439 
853 
134 
7894 
4658 
1184 
1686 
3460 
5810 
5909 
6944 
2431 
3488 
2272 
8740 
5468 
8229 
6156 
4454 
7041 
3129 
3472 
5315 
7657 
9372 
9342 
504 
5750 
9426 
117 
3283 
1102 
8647 
9964 
4933 
9850 
4584 
282 
8178 
1293 
1588 
6888 
9855 
28 
7827 
4638 
9710 
8548 
4597 
566 
2789 
1312 
1888 
5180 
8041 
422 
8963 
3654 
915 
6900 
5953 
1532 
42 
6765 
1591 
3878 
4473 
338 
4330 
5888 
6710 
7223 
2579 
1346 
4922 
7660 
5562 
2148 
8407 
1891 
6124 
7334 
3843 
4592 
4400 
8506 
6163 
7749 
7819 
5623 
9980 
2563 
5672 
3785 
8712 
9534 
3287 
1230 
2682 
3081 
6045 
5530 
4535 
3838 
5288 
3118 
5291 
4023 
833 
1361 
5014 
2307 
6804 
1632 
2473 
6783 
4280 
1513 
8842 
2756 
4997 
9632 
3986 
7025 
1910 
2827 
217 
2167 
7245 
8006 
8717 
2608 
9031 
6178 
4637 
2554 
6224 
1094 
9747 
4748 
7619 
1379 
9524 
5176 
1406 
3836 
620 
8200 
931 
4659 
1216 
8552 
5195 
8601 
7065 
4121 
3919 
1395 
6270 
3777 
9651 
4292 
7037 
6136 
2127 
6560 
2305 
3474 
595 
677 
5381 
62 
1977 
994 
7116 
8357 
922 
4776 
4723 
4973 
508 
5744 
2048 
7655 
7621 
471 
2919 
2746 
6423 
2196 
3439 
7979 
7147 
7733 
1101 
6762 
116 
8855 
3704 
8368 
6417 
2741 
1972 
458 
3886 
4250 
5608 
984 
4576 
6141 
2096 
9239 
5654 
9708 
2509 
449 
1956 
1535 
6681 
9870 
1700 
6959 
886 
6100 
6367 
1755 
8781 
7250 
5616 
9822 
6673 
797 
2619 
7416 
4077 
5879 
9394 
9039 
3034 
3319 
4749 
7713 
128 
6522 
5124 
594 
6779 
6621 
2502 
4097 
8317 
3946 
1683 
1914 
2850 
9787 
8424 
8111 
6020 
8722 
2093 
9223 
8521 
5489 
2565 
2547 
8033 
7145 
8951 
4713 
7883 
6978 
7580 
9728 
8968 
7579 
6413 
8182 
1042 
6315 
778 
9607 
9773 
2766 
5265 
3228 
6777 
1827 
3755 
2035 
5437 
8160 
6580 
9803 
9377 
2749 
3482 
2458 
9441 
6769 
8164 
718 
9848 
9206 
1144 
8957 
7900 
8716 
5020 
4604 
308 
9494 
9720 
6257 
4888 
1291 
472 
9357 
5747 
7927 
1140 
7848 
9914 
6859 
4986 
1220 
399 
6207 
2440 
6954 
9836 
125 
4818 
7293 
8300 
6860 
390 
3945 
4802 
4119 
633 
6398 
377 
8030 
3117 
3188 
2252 
4559 
6831 
4984 
8496 
7783 
9101 
5983 
4124 
2615 
4504 
9425 
9094 
121 
5006 
8501 
2454 
3706 
4651 
2380 
4620 
9721 
6614 
7538 
5574 
8080 
7677 
2702 
8838 
3164 
1679 
5138 
9083 
5659 
4734 
9263 
5396 
3149 
2613 
7268 
2265 
2367 
3103 
9034 
9753 
9306 
9284 
7851 
7053 
7876 
7990 
3143 
804 
5263 
5032 
1826 
7530 
149 
9300 
4007 
4158 
3335 
8087 
896 
9110 
8804 
7727 
382 
4474 
3267 
5783 
1542 
4498 
6902 
5261 
5293 
979 
7427 
2283 
829 
7985 
3891 
4390 
49 
4959 
1025 
3410 
271 
1985 
3399 
9281 
5428 
9324 
1416 
4457 
8892 
1767 
4873 
467 
7904 
5399 
1389 
9983 
9923 
8632 
456 
5182 
3497 
1601 
3992 
2747 
1894 
2387 
3939 
1250 
8960 
4607 
2505 
7485 
439 
2874 
13 
3291 
5643 
7910 
6448 
2151 
4312 
7611 
7114 
2135 
8612 
3903 
7698 
588 
5993 
5392 
3458 
9262 
2360 
7897 
4806 
5762 
1548 
1756 
8861 
3817 
3162 
4417 
2651 
8971 
150 
6704 
875 
5384 
4139 
7198 
5736 
3714 
5560 
1430 
4491 
3339 
3456 
777 
2540 
6543 
2083 
4067 
1982 
3619 
494 
917 
4538 
8173 
2805 
4168 
1104 
484 
5051 
9802 
785 
4696 
5454 
1311 
174 
9398 
4341 
7852 
5951 
4780 
9697 
4177 
551 
3596 
8996 
4239 
2987 
1690 
1059 
7465 
1449 
4848 
1728 
5803 
3547 
8783 
3090 
6102 
9023 
2504 
9258 
6735 
1926 
4852 
7520 
1044 
6555 
3432 
898 
2728 
8262 
2659 
3572 
2903 
1516 
4207 
3745 
74 
5745 
4942 
4563 
6148 
2168 
2385 
7690 
6999 
6225 
1267 
8709 
7820 
5576 
6022 
7973 
7794 
7511 
9228 
9389 
8097 
430 
9589 
702 
7565 
8840 
5085 
6807 
630 
9046 
4134 
5501 
2839 
8142 
7983 
6855 
9122 
5141 
3804 
4222 
7735 
9775 
9149 
5539 
6705 
6038 
870 
6353 
1620 
7132 
6827 
9205 
1651 
6019 
3644 
5332 
7526 
2679 
4297 
5582 
4054 
4225 
7960 
9881 
3157 
6027 
621 
1723 
7279 
953 
4889 
642 
3196 
8419 
9129 
3740 
550 
6835 
5766 
2797 
2530 
1637 
2427 
7607 
6457 
4921 
9937 
4803 
8042 
3708 
3213 
1107 
3760 
4122 
8193 
4779 
4869 
6334 
3866 
8725 
7263 
4778 
8893 
6499 
5298 
9564 
1301 
4622 
240 
4220 
4136 
711 
3603 
1889 
2733 
4407 
2374 
6311 
1594 
8432 
9150 
7795 
9838 
9248 
2559 
3739 
8347 
4590 
9095 
592 
5193 
2169 
1428 
9485 
2162 
4428 
1414 
4907 
1288 
5633 
3478 
2981 
3442 
1765 
9921 
8694 
5045 
3465 
2481 
4667 
193 
2326 
8520 
3448 
4343 
2116 
112 
5411 
5748 
8673 
357 
203 
674 
5007 
5804 
565 
6638 
1862 
9955 
5294 
339 
3974 
1357 
3637 
3635 
1455 
241 
3080 
4075 
2056 
6790 
1447 
1915 
4445 
4972 
5994 
5675 
5614 
4773 
1825 
3538 
3490 
9124 
1988 
7536 
5818 
4404 
68 
9140 
3321 
8135 
2999 
8533 
1375 
8589 
3286 
5339 
6473 
2477 
2589 
7991 
4586 
4315 
4496 
3933 
7606 
7052 
216 
2386 
7188 
3177 
3326 
2611 
6757 
3831 
6187 
5628 
6611 
7559 
2926 
7106 
1656 
5370 
7413 
961 
2875 
7596 
2045 
284 
8564 
7081 
4086 
4909 
3808 
9421 
6821 
6946 
4758 
2478 
1638 
1941 
9158 
7029 
329 
671 
4322 
2131 
3519 
4070 
937 
7133 
9783 
4853 
8054 
9767 
8844 
4020 
1286 
652 
9226 
8537 
2411 
9037 
2900 
9243 
3812 
5449 
8579 
5065 
2654 
1487 
763 
6877 
1003 
1995 
3063 
7492 
8682 
860 
148 
6290 
836 
8299 
4601 
16 
8534 
1080 
6641 
6803 
9861 
3861 
6793 
5976 
7292 
9077 
2391 
1640 
889 
8540 
7143 
7340 
4665 
5873 
197 
4464 
9714 
7810 
4842 
2073 
8737 
8331 
5401 
6112 
7549 
9064 
2551 
4641 
1136 
4230 
1692 
7466 
4361 
8484 
7326 
1159 
4192 
8943 
964 
5853 
2801 
2295 
2444 
7410 
7089 
9582 
8675 
2479 
9326 
4792 
1961 
4728 
4926 
6613 
5840 
781 
1503 
1163 
8886 
5724 
658 
9976 
4764 
635 
4392 
4670 
586 
5471 
3088 
5417 
8687 
