422
9985 
9978 
9976 
9976 
9828 
9821 
9787 
9767 
9755 
9754 
9745 
9729 
9720 
9705 
9695 
9692 
9674 
9655 
9653 
9628 
9623 
9612 
9594 
9564 
9544 
9511 
9473 
9471 
9443 
9440 
9418 
9412 
9410 
9391 
9371 
9371 
9338 
9321 
9258 
9221 
9219 
9211 
9173 
9168 
9163 
9125 
9108 
9086 
9053 
9049 
9043 
9043 
9021 
9016 
9016 
9003 
8816 
8744 
8737 
8736 
8734 
8721 
8712 
8663 
8616 
8592 
8565 
8514 
8514 
8510 
8500 
8495 
8493 
8476 
8458 
8452 
8375 
8364 
8323 
8287 
8269 
8243 
8218 
8127 
8083 
8082 
8080 
8073 
8045 
8037 
7987 
7977 
7965 
7940 
7925 
7900 
7882 
7872 
7868 
7843 
7840 
7812 
7806 
7743 
7711 
7710 
7648 
7611 
7601 
7591 
7588 
7584 
7572 
7558 
7550 
7546 
7538 
7538 
7486 
7485 
7484 
7480 
7458 
7446 
7423 
7396 
7396 
7319 
7282 
7279 
7276 
7262 
7239 
7223 
7219 
7183 
7113 
7109 
7104 
7101 
7084 
7060 
7033 
7022 
7014 
6970 
6903 
6899 
6813 
6807 
6803 
6799 
6786 
6696 
6693 
6691 
6682 
6674 
6665 
6642 
6628 
6588 
6580 
6554 
6531 
6517 
6437 
6436 
6431 
6423 
6420 
6408 
6310 
6301 
6221 
6152 
6113 
6111 
6097 
6089 
6083 
6081 
6029 
6018 
6014 
5969 
5955 
5949 
5923 
5910 
5906 
5830 
5764 
5756 
5756 
5727 
5713 
5695 
5639 
5636 
5625 
5505 
5476 
5469 
5444 
5421 
5415 
5387 
5378 
5365 
5350 
5344 
5310 
5303 
5295 
5286 
5248 
5158 
5128 
5125 
5099 
5095 
5067 
5035 
5031 
5031 
5009 
4984 
4983 
4956 
4954 
4941 
4929 
4922 
4901 
4893 
4891 
4888 
4861 
4846 
4829 
4815 
4790 
4765 
4729 
4719 
4696 
4690 
4681 
4646 
4624 
4614 
4514 
4470 
4447 
4427 
4345 
4328 
4326 
4323 
4301 
4281 
4248 
4218 
4207 
4190 
4188 
4150 
4147 
4085 
4084 
4045 
4019 
3996 
3936 
3917 
3917 
3902 
3876 
3838 
3733 
3709 
3697 
3561 
3558 
3546 
3530 
3436 
3434 
3416 
3409 
3400 
3358 
3342 
3336 
3289 
3285 
3272 
3145 
3137 
3112 
3093 
3079 
3077 
3045 
3044 
3013 
2977 
2970 
2964 
2958 
2881 
2872 
2856 
2809 
2806 
2787 
2760 
2757 
2753 
2726 
2721 
2717 
2695 
2685 
2678 
2634 
2612 
2523 
2510 
2493 
2424 
2414 
2394 
2349 
2348 
2322 
2311 
2287 
2274 
2265 
2256 
2153 
2153 
2125 
2113 
2093 
2015 
2003 
1961 
1932 
1916 
1909 
1899 
1886 
1842 
1835 
1743 
1731 
1670 
1634 
1615 
1613 
1602 
1588 
1465 
1433 
1391 
1330 
1329 
1292 
1268 
1182 
1171 
1058 
1043 
1017 
1010 
935 
880 
841 
824 
819 
817 
809 
798 
785 
781 
769 
751 
683 
668 
655 
643 
588 
582 
548 
524 
524 
520 
508 
490 
483 
466 
443 
390 
387 
378 
378 
376 
355 
345 
330 
318 
318 
261 
233 
213 
210 
76 
24 
6 
