818
9966 
9960 
9957 
9956 
9943 
9912 
9904 
9870 
9844 
9841 
9838 
9833 
9832 
9803 
9800 
9799 
9791 
9781 
9769 
9750 
9746 
9728 
9695 
9691 
9669 
9668 
9635 
9627 
9610 
9600 
9567 
9567 
9549 
9541 
9503 
9486 
9471 
9460 
9449 
9437 
9421 
9410 
9387 
9368 
9361 
9354 
9345 
9328 
9321 
9303 
9270 
9268 
9250 
9247 
9238 
9230 
9210 
9209 
9209 
9207 
9201 
9197 
9160 
9127 
9120 
9108 
9097 
9069 
9045 
9042 
9036 
9035 
9034 
9028 
9012 
8995 
8991 
8987 
8957 
8951 
8949 
8934 
8913 
8897 
8853 
8849 
8847 
8837 
8820 
8818 
8802 
8792 
8791 
8786 
8784 
8775 
8775 
8760 
8746 
8712 
8687 
8674 
8649 
8641 
8631 
8602 
8596 
8588 
8575 
8569 
8547 
8528 
8519 
8494 
8463 
8448 
8441 
8437 
8417 
8411 
8400 
8399 
8396 
8384 
8376 
8355 
8345 
8332 
8324 
8322 
8321 
8313 
8309 
8284 
8278 
8265 
8259 
8238 
8218 
8216 
8211 
8207 
8202 
8189 
8162 
8150 
8144 
8107 
8090 
8067 
8065 
8054 
8050 
8047 
8047 
8046 
8044 
8044 
8040 
8036 
8027 
7993 
7981 
7979 
7971 
7954 
7932 
7871 
7870 
7863 
7863 
7860 
7859 
7856 
7854 
7851 
7810 
7772 
7770 
7766 
7752 
7741 
7739 
7738 
7736 
7733 
7720 
7693 
7672 
7671 
7627 
7617 
7608 
7603 
7594 
7578 
7576 
7569 
7547 
7544 
7528 
7520 
7507 
7495 
7483 
7464 
7463 
7457 
7455 
7445 
7434 
7425 
7418 
7415 
7360 
7309 
7303 
7301 
7295 
7272 
7264 
7228 
7215 
7160 
7123 
7122 
7122 
7111 
7096 
7083 
7065 
7036 
7031 
7021 
7021 
7007 
7000 
6990 
6976 
6972 
6957 
6951 
6942 
6927 
6912 
6893 
6893 
6841 
6831 
6826 
6822 
6821 
6817 
6797 
6778 
6762 
6761 
6753 
6735 
6729 
6727 
6691 
6682 
6672 
6671 
6665 
6632 
6565 
6518 
6510 
6496 
6496 
6470 
6469 
6459 
6455 
6416 
6404 
6404 
6401 
6347 
6346 
6340 
6336 
6336 
6314 
6275 
6262 
6258 
6248 
6240 
6227 
6225 
6225 
6225 
6215 
6215 
6199 
6197 
6189 
6178 
6174 
6147 
6146 
6097 
6097 
6091 
6087 
6063 
6039 
6032 
6029 
6020 
6016 
6016 
5994 
5993 
5993 
5982 
5976 
5975 
5961 
5958 
5954 
5949 
5933 
5926 
5910 
5908 
5898 
5897 
5873 
5853 
5852 
5848 
5840 
5827 
5822 
5807 
5804 
5780 
5775 
5747 
5746 
5723 
5721 
5721 
5721 
5720 
5715 
5713 
5707 
5700 
5687 
5632 
5614 
5613 
5600 
5591 
5560 
5560 
5556 
5548 
5538 
5535 
5529 
5509 
5474 
5470 
5465 
5457 
5455 
5453 
5451 
5439 
5413 
5350 
5346 
5329 
5329 
5304 
5303 
5299 
5285 
5274 
5243 
5204 
5198 
5160 
5157 
5146 
5120 
5093 
5061 
5058 
5049 
5040 
5011 
4978 
4969 
4969 
4952 
4948 
4933 
4932 
4913 
4912 
4892 
4884 
4866 
4860 
4844 
4841 
4835 
4797 
4796 
4791 
4774 
4770 
4766 
4755 
4720 
4700 
4680 
4679 
4678 
4657 
4637 
4637 
4628 
4621 
4591 
4583 
4571 
4561 
4534 
4527 
4523 
4500 
4476 
4475 
4460 
4453 
4432 
4409 
4402 
4396 
4383 
4369 
4360 
4350 
4348 
4319 
4299 
4298 
4261 
4222 
4202 
4198 
4198 
4189 
4188 
4178 
4165 
4126 
4125 
4115 
4112 
4111 
4102 
4097 
4097 
4083 
4072 
4067 
4051 
4044 
4038 
4025 
4018 
4017 
4004 
3992 
3944 
3934 
3903 
3899 
3894 
3891 
3886 
3884 
3883 
3875 
3868 
3852 
3832 
3808 
3799 
3798 
3795 
3788 
3783 
3743 
3737 
3702 
3692 
3685 
3674 
3674 
3672 
3661 
3650 
3621 
3601 
3553 
3551 
3550 
3549 
3543 
3533 
3532 
3515 
3507 
3496 
3496 
3479 
3462 
3454 
3453 
3435 
3413 
3389 
3352 
3347 
3330 
3329 
3287 
3277 
3271 
3240 
3237 
3231 
3230 
3225 
3172 
3146 
3142 
3135 
3125 
3116 
3113 
3109 
3050 
3041 
2983 
2926 
2926 
2925 
2920 
2915 
2893 
2871 
2868 
2858 
2854 
2830 
2823 
2817 
2810 
2805 
2800 
2781 
2769 
2756 
2746 
2746 
2736 
2734 
2718 
2717 
2702 
2697 
2685 
2666 
2649 
2635 
2617 
2607 
2596 
2596 
2559 
2538 
2509 
2503 
2492 
2489 
2486 
2471 
2466 
2458 
2440 
2434 
2433 
2402 
2384 
2374 
2372 
2360 
2356 
2351 
2348 
2330 
2317 
2312 
2307 
2290 
2276 
2270 
2238 
2217 
2210 
2201 
2194 
2192 
2189 
2188 
2181 
2178 
2159 
2131 
2116 
2111 
2110 
2092 
2085 
2080 
2079 
2077 
2065 
2042 
2039 
2018 
2016 
2015 
2015 
1991 
1983 
1978 
1958 
1954 
1941 
1938 
1927 
1906 
1905 
1902 
1891 
1877 
1874 
1852 
1836 
1834 
1816 
1773 
1772 
1767 
1766 
1765 
1757 
1736 
1715 
1707 
1702 
1699 
1697 
1696 
1695 
1685 
1677 
1647 
1630 
1619 
1618 
1590 
1588 
1567 
1542 
1538 
1522 
1512 
1501 
1500 
1490 
1474 
1437 
1430 
1401 
1375 
1374 
1358 
1354 
1346 
1332 
1322 
1317 
1315 
1310 
1308 
1277 
1274 
1265 
1260 
1253 
1209 
1203 
1201 
1190 
1174 
1128 
1120 
1110 
1108 
1096 
1088 
1051 
1042 
976 
966 
963 
923 
915 
900 
884 
859 
858 
854 
850 
849 
847 
845 
835 
822 
819 
810 
784 
783 
781 
766 
753 
750 
747 
744 
738 
738 
733 
723 
715 
675 
664 
658 
653 
650 
649 
646 
640 
611 
593 
578 
577 
560 
557 
556 
551 
539 
522 
503 
500 
499 
460 
455 
449 
448 
447 
399 
375 
363 
353 
339 
337 
329 
324 
317 
309 
289 
270 
247 
232 
194 
192 
187 
168 
155 
142 
138 
137 
126 
117 
116 
112 
92 
82 
54 
51 
27 
27 
24 
18 
8 
