687
9994 
9960 
9928 
9927 
9904 
9902 
9900 
9897 
9896 
9875 
9855 
9841 
9812 
9793 
9745 
9728 
9723 
9720 
9719 
9695 
9692 
9689 
9687 
9673 
9672 
9668 
9668 
9664 
9660 
9618 
9593 
9589 
9556 
9531 
9531 
9513 
9504 
9489 
9487 
9477 
9477 
9473 
9394 
9375 
9355 
9336 
9305 
9275 
9255 
9208 
9192 
9185 
9165 
9165 
9149 
9141 
9138 
9137 
9127 
9044 
9034 
8993 
8977 
8956 
8892 
8880 
8878 
8869 
8849 
8814 
8797 
8771 
8768 
8757 
8731 
8726 
8724 
8706 
8700 
8688 
8684 
8680 
8672 
8671 
8666 
8659 
8646 
8639 
8619 
8618 
8582 
8578 
8571 
8559 
8550 
8545 
8536 
8532 
8514 
8488 
8461 
8417 
8407 
8398 
8389 
8379 
8378 
8376 
8367 
8286 
8283 
8277 
8265 
8259 
8258 
8223 
8214 
8204 
8200 
8186 
8178 
8167 
8125 
8121 
8096 
8081 
8079 
8071 
8069 
8059 
8052 
8048 
8037 
8035 
8033 
8026 
7986 
7980 
7950 
7922 
7914 
7891 
7888 
7880 
7859 
7843 
7799 
7796 
7777 
7764 
7761 
7751 
7736 
7718 
7714 
7704 
7701 
7700 
7689 
7686 
7669 
7635 
7613 
7612 
7584 
7563 
7536 
7533 
7529 
7523 
7520 
7516 
7501 
7494 
7494 
7484 
7479 
7477 
7459 
7456 
7451 
7441 
7434 
7431 
7427 
7417 
7395 
7386 
7384 
7381 
7370 
7366 
7362 
7330 
7326 
7317 
7297 
7292 
7287 
7264 
7233 
7228 
7227 
7226 
7158 
7135 
7132 
7117 
7113 
7093 
7073 
7051 
7039 
7023 
7020 
7017 
7003 
6990 
6990 
6984 
6982 
6975 
6963 
6927 
6910 
6910 
6863 
6851 
6849 
6839 
6837 
6823 
6809 
6805 
6774 
6758 
6747 
6746 
6715 
6663 
6656 
6643 
6632 
6632 
6610 
6610 
6605 
6590 
6589 
6587 
6553 
6550 
6504 
6497 
6460 
6451 
6451 
6435 
6423 
6423 
6422 
6405 
6376 
6371 
6363 
6352 
6343 
6331 
6326 
6316 
6310 
6299 
6292 
6271 
6255 
6246 
6239 
6235 
6220 
6212 
6206 
6201 
6171 
6170 
6166 
6150 
6139 
6132 
6130 
6125 
6115 
6060 
6028 
6019 
5988 
5949 
5919 
5897 
5888 
5867 
5850 
5849 
5822 
5810 
5804 
5760 
5739 
5722 
5699 
5646 
5635 
5626 
5597 
5595 
5582 
5571 
5555 
5554 
5551 
5527 
5460 
5449 
5449 
5447 
5434 
5418 
5401 
5374 
5362 
5361 
5352 
5344 
5334 
5326 
5317 
5310 
5294 
5290 
5261 
5257 
5244 
5239 
5211 
5195 
5168 
5157 
5134 
5131 
5113 
5088 
5085 
5081 
5069 
5043 
5019 
5015 
5000 
4991 
4981 
4914 
4907 
4901 
4897 
4885 
4881 
4879 
4878 
4873 
4867 
4858 
4857 
4839 
4839 
4834 
4832 
4831 
4823 
4814 
4813 
4799 
4798 
4783 
4746 
4721 
4644 
4628 
4628 
4604 
4592 
4568 
4530 
4530 
4517 
4488 
4485 
4478 
4474 
4473 
4445 
4443 
4436 
4426 
4425 
4386 
4375 
4342 
4261 
4243 
4212 
4211 
4197 
4173 
4149 
4111 
4108 
4075 
4056 
4040 
4028 
4025 
4016 
4007 
4003 
3984 
3936 
3927 
3906 
3906 
3899 
3897 
3892 
3891 
3813 
3802 
3784 
3784 
3781 
3772 
3750 
3748 
3723 
3719 
3707 
3677 
3676 
3656 
3653 
3634 
3564 
3545 
3530 
3499 
3493 
3486 
3433 
3428 
3423 
3407 
3404 
3401 
3396 
3394 
3374 
3358 
3345 
3341 
3305 
3231 
3222 
3211 
3208 
3195 
3186 
3178 
3171 
3169 
3164 
3139 
3126 
3116 
3108 
3090 
3087 
3085 
3075 
3070 
3059 
3038 
3015 
2989 
2988 
2988 
2982 
2972 
2969 
2958 
2954 
2940 
2902 
2901 
2896 
2858 
2857 
2849 
2840 
2779 
2767 
2760 
2705 
2674 
2672 
2659 
2655 
2620 
2596 
2580 
2573 
2568 
2566 
2558 
2557 
2555 
2552 
2528 
2523 
2512 
2496 
2477 
2467 
2451 
2447 
2442 
2439 
2437 
2416 
2406 
2387 
2385 
2373 
2367 
2363 
2336 
2315 
2269 
2267 
2249 
2221 
2221 
2213 
2206 
2149 
2142 
2135 
2132 
2089 
2074 
2055 
2045 
2045 
2019 
2007 
1996 
1987 
1984 
1963 
1947 
1946 
1938 
1900 
1865 
1862 
1854 
1853 
1842 
1840 
1830 
1746 
1709 
1693 
1687 
1674 
1672 
1652 
1623 
1622 
1585 
1571 
1569 
1567 
1564 
1561 
1544 
1536 
1534 
1514 
1501 
1455 
1450 
1444 
1383 
1381 
1379 
1363 
1356 
1355 
1341 
1335 
1330 
1297 
1270 
1262 
1244 
1239 
1220 
1208 
1206 
1172 
1172 
1087 
1069 
1062 
1046 
1025 
1018 
990 
989 
982 
952 
866 
850 
819 
816 
812 
806 
778 
769 
759 
758 
730 
722 
698 
697 
673 
666 
656 
605 
604 
574 
570 
566 
563 
550 
548 
543 
529 
524 
514 
475 
473 
473 
401 
400 
371 
360 
352 
342 
295 
275 
257 
257 
230 
215 
215 
210 
198 
197 
188 
168 
161 
155 
126 
126 
121 
86 
86 
81 
75 
