768
9994 
9965 
9959 
9949 
9939 
9936 
9934 
9921 
9880 
9859 
9859 
9832 
9818 
9783 
9779 
9765 
9758 
9754 
9747 
9742 
9729 
9728 
9726 
9717 
9706 
9693 
9689 
9681 
9675 
9646 
9642 
9637 
9629 
9622 
9615 
9585 
9574 
9567 
9555 
9551 
9530 
9508 
9477 
9451 
9446 
9437 
9431 
9388 
9382 
9374 
9373 
9355 
9338 
9293 
9274 
9274 
9259 
9237 
9226 
9216 
9203 
9180 
9177 
9150 
9149 
9147 
9137 
9101 
9089 
9088 
9086 
9074 
9063 
9053 
9039 
9026 
9022 
9018 
9005 
9003 
8991 
8961 
8934 
8933 
8906 
8891 
8883 
8871 
8868 
8846 
8840 
8827 
8812 
8801 
8799 
8791 
8772 
8771 
8754 
8753 
8746 
8736 
8727 
8686 
8663 
8644 
8633 
8614 
8598 
8592 
8574 
8567 
8538 
8531 
8525 
8518 
8489 
8473 
8453 
8434 
8428 
8381 
8380 
8374 
8369 
8366 
8357 
8343 
8333 
8305 
8298 
8296 
8292 
8287 
8284 
8280 
8276 
8263 
8218 
8207 
8174 
8134 
8116 
8094 
8056 
8056 
8039 
8027 
8025 
8017 
7989 
7947 
7942 
7940 
7939 
7928 
7896 
7886 
7881 
7874 
7872 
7870 
7864 
7862 
7853 
7852 
7836 
7816 
7788 
7754 
7752 
7751 
7747 
7735 
7729 
7713 
7712 
7705 
7679 
7678 
7672 
7670 
7666 
7662 
7653 
7633 
7632 
7629 
7606 
7603 
7556 
7552 
7505 
7497 
7467 
7464 
7460 
7447 
7442 
7432 
7430 
7416 
7414 
7409 
7406 
7399 
7398 
7387 
7384 
7365 
7349 
7348 
7283 
7281 
7253 
7221 
7217 
7203 
7203 
7168 
7160 
7155 
7128 
7108 
7099 
7093 
7055 
7038 
7026 
7018 
7006 
6997 
6991 
6977 
6971 
6961 
6959 
6954 
6943 
6922 
6918 
6910 
6892 
6888 
6873 
6854 
6820 
6785 
6759 
6754 
6740 
6691 
6673 
6639 
6628 
6627 
6626 
6615 
6579 
6549 
6544 
6498 
6469 
6462 
6454 
6441 
6434 
6432 
6407 
6403 
6383 
6378 
6374 
6361 
6353 
6328 
6320 
6312 
6282 
6272 
6243 
6235 
6226 
6207 
6192 
6182 
6181 
6180 
6140 
6139 
6131 
6117 
6113 
6091 
6070 
6070 
6059 
6058 
6018 
6003 
5999 
5985 
5977 
5977 
5931 
5917 
5901 
5897 
5843 
5834 
5824 
5815 
5815 
5798 
5789 
5786 
5771 
5757 
5728 
5725 
5702 
5680 
5632 
5617 
5609 
5603 
5601 
5523 
5523 
5521 
5520 
5503 
5496 
5490 
5444 
5406 
5398 
5398 
5381 
5336 
5333 
5332 
5322 
5319 
5297 
5290 
5283 
5276 
5266 
5227 
5221 
5210 
5210 
5208 
5185 
5116 
5105 
5084 
5066 
5057 
5053 
5037 
5028 
5018 
5010 
5004 
4990 
4989 
4974 
4957 
4946 
4942 
4931 
4930 
4925 
4916 
4877 
4874 
4849 
4844 
4820 
4814 
4809 
4798 
4787 
4778 
4773 
4763 
4753 
4724 
4719 
4700 
4695 
4694 
4684 
4684 
4680 
4678 
4669 
4665 
4653 
4629 
4617 
4611 
4593 
4590 
4589 
4562 
4561 
4524 
4519 
4516 
4492 
4489 
4477 
4475 
4471 
4463 
4463 
4457 
4434 
4429 
4428 
4427 
4423 
4416 
4410 
4387 
4360 
4357 
4354 
4346 
4339 
4338 
4334 
4329 
4328 
4319 
4278 
4257 
4248 
4246 
4234 
4204 
4194 
4187 
4186 
4165 
4158 
4155 
4123 
4120 
4087 
4081 
4079 
4065 
4044 
4043 
4021 
4015 
3998 
3991 
3966 
3951 
3940 
3931 
3919 
3914 
3906 
3895 
3889 
3887 
3875 
3860 
3854 
3847 
3844 
3831 
3828 
3821 
3821 
3820 
3775 
3774 
3766 
3757 
3755 
3755 
3739 
3731 
3725 
3723 
3715 
3700 
3674 
3672 
3652 
3644 
3629 
3620 
3599 
3594 
3584 
3563 
3555 
3520 
3501 
3491 
3448 
3442 
3432 
3429 
3428 
3418 
3415 
3412 
3412 
3400 
3383 
3371 
3368 
3367 
3360 
3353 
3351 
3329 
3286 
3271 
3257 
3255 
3246 
3231 
3220 
3198 
3182 
3161 
3150 
3124 
3098 
3080 
3080 
3063 
3047 
3041 
3032 
3030 
3029 
2994 
2992 
2989 
2987 
2986 
2983 
2980 
2978 
2969 
2952 
2951 
2937 
2932 
2922 
2919 
2912 
2883 
2870 
2867 
2865 
2860 
2856 
2855 
2850 
2844 
2835 
2835 
2824 
2814 
2807 
2803 
2792 
2757 
2750 
2729 
2725 
2688 
2675 
2662 
2660 
2652 
2643 
2636 
2634 
2610 
2589 
2533 
2520 
2519 
2517 
2511 
2505 
2479 
2478 
2420 
2391 
2390 
2389 
2376 
2368 
2339 
2336 
2315 
2310 
2291 
2245 
2241 
2235 
2223 
2197 
2155 
2153 
2151 
2129 
2128 
2118 
2076 
2072 
2071 
2052 
2043 
2040 
2038 
2034 
2018 
2017 
1990 
1987 
1986 
1983 
1958 
1906 
1884 
1867 
1857 
1852 
1839 
1819 
1812 
1781 
1781 
1759 
1754 
1754 
1744 
1728 
1693 
1677 
1649 
1638 
1600 
1592 
1576 
1573 
1550 
1538 
1525 
1514 
1504 
1492 
1476 
1457 
1404 
1400 
1391 
1379 
1343 
1343 
1335 
1322 
1300 
1300 
1300 
1293 
1291 
1254 
1242 
1232 
1210 
1184 
1177 
1159 
1145 
1089 
1071 
1069 
1049 
1033 
1027 
1019 
1008 
990 
985 
980 
948 
933 
881 
874 
828 
828 
818 
810 
801 
758 
752 
742 
730 
703 
700 
698 
644 
607 
596 
595 
592 
591 
581 
579 
557 
551 
525 
518 
512 
508 
508 
503 
482 
480 
464 
463 
454 
447 
437 
385 
383 
380 
378 
362 
332 
243 
230 
210 
210 
205 
199 
198 
185 
183 
160 
155 
142 
127 
112 
111 
78 
68 
57 
49 
26 
13 
8 
