983
3 
5 
22 
24 
40 
44 
44 
55 
71 
73 
84 
99 
106 
109 
127 
128 
134 
142 
151 
153 
158 
162 
178 
181 
185 
213 
233 
237 
240 
248 
282 
288 
290 
293 
293 
299 
304 
306 
314 
369 
376 
383 
394 
403 
413 
420 
420 
421 
431 
451 
477 
491 
494 
497 
503 
518 
531 
550 
556 
565 
565 
571 
582 
583 
589 
603 
610 
620 
641 
653 
675 
703 
705 
730 
742 
749 
760 
767 
789 
793 
822 
831 
833 
840 
848 
872 
874 
880 
882 
887 
887 
893 
894 
908 
912 
916 
926 
928 
928 
929 
929 
929 
933 
962 
990 
1009 
1013 
1023 
1025 
1049 
1068 
1069 
1070 
1078 
1087 
1089 
1099 
1103 
1119 
1122 
1130 
1187 
1226 
1228 
1240 
1241 
1244 
1247 
1251 
1251 
1266 
1291 
1302 
1316 
1317 
1329 
1350 
1351 
1377 
1393 
1413 
1416 
1418 
1422 
1429 
1459 
1463 
1491 
1497 
1513 
1520 
1542 
1545 
1551 
1551 
1568 
1576 
1576 
1583 
1583 
1585 
1586 
1590 
1608 
1617 
1622 
1634 
1641 
1657 
1671 
1674 
1684 
1693 
1694 
1696 
1697 
1724 
1746 
1754 
1762 
1775 
1780 
1791 
1802 
1812 
1819 
1821 
1822 
1830 
1833 
1849 
1883 
1889 
1890 
1901 
1910 
1911 
1922 
1922 
1924 
1924 
1928 
1944 
1944 
1951 
1961 
1974 
1985 
1998 
1999 
2017 
2017 
2024 
2104 
2106 
2107 
2120 
2121 
2122 
2129 
2139 
2147 
2159 
2173 
2180 
2183 
2195 
2200 
2202 
2212 
2272 
2275 
2283 
2298 
2300 
2302 
2308 
2319 
2321 
2324 
2327 
2340 
2343 
2352 
2356 
2366 
2370 
2393 
2425 
2446 
2456 
2466 
2477 
2488 
2497 
2500 
2512 
2514 
2526 
2526 
2532 
2559 
2568 
2572 
2572 
2578 
2582 
2587 
2588 
2590 
2592 
2594 
2599 
2601 
2614 
2618 
2632 
2666 
2678 
2681 
2682 
2693 
2695 
2697 
2708 
2714 
2740 
2741 
2766 
2788 
2791 
2817 
2827 
2832 
2837 
2840 
2841 
2846 
2846 
2854 
2857 
2861 
2864 
2927 
2937 
2951 
2960 
2960 
2963 
2966 
2984 
2989 
3044 
3063 
3073 
3081 
3125 
3130 
3136 
3148 
3186 
3242 
3246 
3261 
3262 
3271 
3275 
3277 
3289 
3302 
3331 
3334 
3334 
3337 
3372 
3380 
3397 
3419 
3452 
3466 
3470 
3476 
3477 
3477 
3486 
3487 
3502 
3502 
3543 
3550 
3554 
3555 
3576 
3581 
3585 
3618 
3624 
3646 
3655 
3656 
3658 
3678 
3690 
3700 
3701 
3729 
3732 
3756 
3765 
3772 
3775 
3779 
3788 
3811 
3815 
3845 
3849 
3858 
3858 
3872 
3873 
3881 
3886 
3888 
3890 
3891 
3895 
3928 
3951 
3961 
3972 
4011 
4015 
4030 
4079 
4088 
4091 
4092 
4111 
4126 
4126 
4132 
4134 
4140 
4141 
4146 
4157 
4163 
4176 
4181 
4196 
4208 
4262 
4277 
4286 
4300 
4300 
4301 
4339 
4348 
4353 
4364 
4374 
4380 
4389 
4400 
4404 
4427 
4427 
4430 
4446 
4457 
4464 
4488 
4506 
4515 
4528 
4529 
4531 
4534 
4544 
4551 
4594 
4606 
4607 
4622 
4643 
4669 
4675 
4675 
4681 
4683 
4703 
4712 
4768 
4769 
4776 
4777 
4779 
4787 
4809 
4815 
4824 
4837 
4838 
4852 
4854 
4859 
4861 
4871 
4894 
4899 
4918 
4927 
4942 
4950 
4983 
4988 
4989 
4990 
4999 
5002 
5004 
5022 
5042 
5059 
5088 
5089 
5115 
5144 
5157 
5157 
5158 
5165 
5174 
5192 
5192 
5192 
5194 
5208 
5239 
5241 
5242 
5264 
5264 
5267 
5279 
5300 
5314 
5322 
5330 
5333 
5334 
5338 
5366 
5367 
5369 
5382 
5387 
5388 
5391 
5392 
5399 
5403 
5404 
5407 
5417 
5429 
5445 
5449 
5450 
5474 
5478 
5494 
5497 
5501 
5509 
5517 
5546 
5581 
5582 
5586 
5586 
5595 
5598 
5606 
5618 
5637 
5640 
5645 
5677 
5688 
5719 
5729 
5740 
5753 
5772 
5796 
5816 
5819 
5830 
5842 
5845 
5852 
5859 
5862 
5870 
5882 
5887 
5904 
5904 
5907 
5929 
5943 
5944 
5960 
5967 
5974 
5987 
5995 
6001 
6017 
6019 
6023 
6025 
6055 
6060 
6069 
6085 
6100 
6119 
6141 
6160 
6186 
6191 
6196 
6204 
6206 
6218 
6236 
6246 
6247 
6262 
6270 
6282 
6288 
6300 
6303 
6306 
6311 
6319 
6354 
6360 
6365 
6372 
6375 
6381 
6385 
6390 
6397 
6397 
6432 
6433 
6441 
6441 
6441 
6443 
6445 
6452 
6453 
6479 
6486 
6498 
6500 
6521 
6526 
6535 
6565 
6565 
6567 
6591 
6592 
6594 
6606 
6633 
6644 
6653 
6665 
6668 
6670 
6675 
6696 
6700 
6743 
6749 
6751 
6760 
6768 
6770 
6775 
6779 
6796 
6798 
6827 
6836 
6849 
6870 
6884 
6886 
6921 
6923 
6929 
6953 
6965 
6973 
6974 
6979 
6983 
7009 
7015 
7015 
7037 
7038 
7038 
7039 
7040 
7040 
7059 
7063 
7065 
7066 
7073 
7075 
7076 
7090 
7129 
7142 
7145 
7154 
7155 
7172 
7197 
7202 
7227 
7229 
7236 
7240 
7249 
7251 
7254 
7286 
7288 
7320 
7323 
7326 
7342 
7343 
7344 
7351 
7352 
7377 
7378 
7378 
7391 
7401 
7409 
7418 
7419 
7429 
7443 
7468 
7472 
7495 
7497 
7498 
7502 
7507 
7509 
7527 
7536 
7541 
7542 
7560 
7564 
7569 
7590 
7599 
7603 
7617 
7623 
7625 
7626 
7645 
7651 
7676 
7698 
7700 
7704 
7721 
7733 
7735 
7772 
7778 
7778 
7789 
7790 
7792 
7794 
7795 
7805 
7807 
7822 
7827 
7842 
7858 
7863 
7885 
7895 
7900 
7923 
7959 
7961 
7966 
7979 
7984 
7997 
8042 
8091 
8091 
8099 
8102 
8106 
8118 
8122 
8136 
8140 
8145 
8146 
8152 
8154 
8161 
8165 
8165 
8184 
8197 
8210 
8216 
8216 
8229 
8290 
8291 
8293 
8303 
8305 
8328 
8332 
8336 
8364 
8371 
8375 
8385 
8385 
8402 
8412 
8431 
8435 
8438 
8455 
8461 
8463 
8472 
8487 
8495 
8506 
8515 
8520 
8523 
8524 
8535 
8539 
8570 
8575 
8590 
8598 
8619 
8625 
8637 
8664 
8672 
8685 
8692 
8698 
8710 
8713 
8715 
8729 
8737 
8763 
8767 
8769 
8779 
8788 
8808 
8821 
8825 
8832 
8841 
8843 
8847 
8856 
8858 
8860 
8863 
8882 
8887 
8893 
8897 
8900 
8916 
8936 
8939 
8948 
8955 
9006 
9014 
9019 
9023 
9033 
9040 
9048 
9074 
9078 
9078 
9090 
9095 
9112 
9124 
9134 
9137 
9145 
9152 
9153 
9156 
9167 
9178 
9192 
9198 
9200 
9202 
9219 
9246 
9266 
9274 
9275 
9336 
9340 
9340 
9357 
9360 
9384 
9399 
9405 
9425 
9452 
9452 
9496 
9501 
9519 
9530 
9534 
9559 
9564 
9571 
9578 
9582 
9603 
9640 
9640 
9647 
9647 
9664 
9685 
9687 
9698 
9701 
9701 
9709 
9722 
9729 
9733 
9740 
9749 
9754 
9756 
9773 
9789 
9800 
9802 
9805 
9814 
9836 
9836 
9842 
9846 
9846 
9867 
9869 
9873 
9875 
9878 
9880 
9890 
9897 
9897 
9901 
9904 
9911 
9934 
9945 
9948 
9982 
9992 
9996 
