524
14 
15 
30 
63 
64 
83 
157 
193 
208 
220 
229 
285 
312 
338 
340 
368 
416 
421 
440 
460 
480 
509 
512 
516 
591 
598 
616 
617 
644 
675 
771 
793 
795 
803 
928 
931 
941 
942 
953 
959 
977 
981 
991 
1026 
1029 
1050 
1067 
1083 
1150 
1201 
1223 
1243 
1269 
1285 
1315 
1338 
1346 
1347 
1376 
1404 
1405 
1425 
1431 
1446 
1470 
1477 
1483 
1541 
1542 
1546 
1581 
1590 
1595 
1597 
1600 
1614 
1627 
1657 
1667 
1668 
1688 
1689 
1703 
1719 
1756 
1782 
1790 
1804 
1845 
1852 
1858 
1944 
1956 
1967 
1983 
2003 
2022 
2040 
2087 
2100 
2191 
2192 
2206 
2226 
2234 
2237 
2254 
2269 
2339 
2370 
2380 
2405 
2423 
2427 
2463 
2486 
2490 
2500 
2512 
2550 
2564 
2615 
2622 
2623 
2627 
2633 
2643 
2647 
2665 
2710 
2712 
2795 
2819 
2842 
2858 
2867 
2896 
2905 
2937 
2944 
2950 
2969 
3006 
3067 
3068 
3088 
3116 
3119 
3139 
3143 
3159 
3216 
3217 
3221 
3229 
3238 
3253 
3315 
3408 
3465 
3495 
3544 
3546 
3547 
3548 
3598 
3602 
3624 
3628 
3636 
3641 
3641 
3721 
3764 
3790 
3793 
3803 
3828 
3829 
3837 
3845 
3919 
3941 
3941 
3944 
3961 
3965 
3977 
3979 
4011 
4055 
4056 
4062 
4085 
4090 
4116 
4135 
4150 
4160 
4193 
4206 
4237 
4244 
4278 
4289 
4296 
4296 
4318 
4323 
4326 
4334 
4343 
4348 
4348 
4354 
4378 
4425 
4429 
4454 
4475 
4483 
4507 
4536 
4539 
4546 
4550 
4557 
4558 
4638 
4646 
4651 
4692 
4717 
4737 
4749 
4762 
4834 
4857 
4871 
4887 
4920 
4953 
4959 
4960 
4997 
5015 
5036 
5051 
5051 
5069 
5079 
5112 
5125 
5126 
5151 
5170 
5170 
5214 
5245 
5246 
5266 
5284 
5301 
5303 
5321 
5322 
5335 
5346 
5352 
5371 
5376 
5391 
5412 
5414 
5443 
5449 
5459 
5485 
5486 
5496 
5514 
5516 
5517 
5560 
5585 
5587 
5594 
5607 
5620 
5640 
5649 
5651 
5654 
5746 
5747 
5770 
5791 
5797 
5811 
5872 
5877 
5954 
6003 
6042 
6055 
6060 
6097 
6121 
6132 
6153 
6167 
6192 
6229 
6235 
6246 
6258 
6296 
6300 
6303 
6331 
6352 
6374 
6401 
6456 
6465 
6518 
6559 
6571 
6607 
6624 
6637 
6650 
6660 
6680 
6702 
6721 
6735 
6741 
6741 
6770 
6782 
6789 
6798 
6858 
6908 
6913 
6935 
6935 
6936 
6969 
6993 
6994 
7028 
7032 
7053 
7057 
7093 
7150 
7157 
7161 
7164 
7173 
7198 
7224 
7263 
7265 
7300 
7305 
7307 
7308 
7315 
7332 
7346 
7356 
7367 
7372 
7384 
7403 
7420 
7425 
7446 
7460 
7469 
7509 
7510 
7515 
7568 
7579 
7584 
7608 
7658 
7667 
7673 
7677 
7696 
7728 
7741 
7760 
7773 
7792 
7795 
7806 
7817 
7882 
7882 
7899 
7922 
7975 
8000 
8004 
8030 
8113 
8126 
8134 
8140 
8179 
8184 
8206 
8258 
8297 
8316 
8324 
8327 
8335 
8337 
8349 
8362 
8381 
8402 
8429 
8443 
8457 
8464 
8466 
8489 
8501 
8505 
8510 
8529 
8531 
8532 
8538 
8569 
8572 
8576 
8580 
8583 
8613 
8623 
8671 
8681 
8704 
8709 
8747 
8766 
8782 
8820 
8837 
8862 
8866 
8868 
8869 
8891 
8892 
8904 
8944 
8991 
9035 
9044 
9047 
9063 
9064 
9068 
9085 
9086 
9089 
9090 
9099 
9119 
9154 
9171 
9175 
9196 
9269 
9276 
9305 
9306 
9360 
9365 
9387 
9391 
9466 
9484 
9490 
9492 
9496 
9510 
9533 
9534 
9539 
9572 
9576 
9643 
9654 
9655 
9658 
9670 
9679 
9683 
9697 
9707 
9709 
9729 
9752 
9778 
9797 
9844 
9881 
9886 
9903 
9925 
9935 
9959 
9981 
