614
9951 
9918 
9853 
9833 
9831 
9810 
9800 
9800 
9798 
9798 
9777 
9750 
9748 
9721 
9693 
9691 
9675 
9642 
9585 
9564 
9560 
9552 
9540 
9538 
9532 
9531 
9508 
9503 
9497 
9495 
9458 
9445 
9399 
9375 
9368 
9368 
9345 
9339 
9300 
9292 
9282 
9281 
9268 
9249 
9244 
9236 
9236 
9235 
9223 
9214 
9185 
9183 
9141 
9136 
9128 
9112 
9104 
9087 
9045 
9041 
9022 
8978 
8944 
8931 
8912 
8907 
8897 
8871 
8862 
8823 
8814 
8803 
8775 
8773 
8764 
8748 
8735 
8732 
8704 
8691 
8689 
8662 
8649 
8640 
8624 
8601 
8593 
8570 
8556 
8532 
8521 
8513 
8512 
8510 
8488 
8473 
8458 
8430 
8426 
8411 
8402 
8397 
8397 
8394 
8390 
8381 
8359 
8350 
8331 
8323 
8315 
8302 
8287 
8277 
8234 
8223 
8202 
8179 
8156 
8145 
8094 
8085 
8085 
8082 
8060 
8057 
8054 
8039 
8031 
7980 
7976 
7950 
7921 
7919 
7888 
7851 
7847 
7772 
7771 
7766 
7763 
7760 
7755 
7753 
7749 
7732 
7731 
7722 
7718 
7713 
7708 
7701 
7697 
7689 
7687 
7656 
7599 
7577 
7552 
7528 
7474 
7451 
7441 
7437 
7432 
7419 
7333 
7325 
7313 
7300 
7262 
7172 
7107 
7106 
7039 
7038 
7038 
7023 
7016 
7007 
6983 
6957 
6940 
6935 
6905 
6890 
6879 
6856 
6848 
6847 
6845 
6843 
6815 
6797 
6795 
6790 
6774 
6718 
6684 
6675 
6657 
6630 
6602 
6580 
6573 
6548 
6534 
6521 
6449 
6443 
6429 
6424 
6421 
6421 
6403 
6371 
6363 
6353 
6305 
6284 
6268 
6263 
6249 
6247 
6206 
6199 
6151 
6133 
6117 
6115 
6110 
6071 
6052 
6050 
6018 
6005 
5944 
5931 
5923 
5917 
5914 
5908 
5866 
5831 
5820 
5815 
5800 
5791 
5784 
5781 
5771 
5743 
5732 
5717 
5687 
5666 
5598 
5592 
5590 
5589 
5562 
5559 
5558 
5553 
5551 
5550 
5520 
5517 
5501 
5487 
5475 
5452 
5450 
5446 
5442 
5438 
5418 
5416 
5393 
5351 
5348 
5328 
5307 
5250 
5236 
5225 
5208 
5187 
5174 
5173 
5137 
5126 
5108 
5106 
5099 
5097 
5093 
5092 
5076 
5045 
5030 
5030 
4968 
4943 
4933 
4898 
4864 
4853 
4845 
4830 
4796 
4784 
4784 
4783 
4776 
4725 
4704 
4692 
4684 
4681 
4677 
4674 
4673 
4656 
4656 
4639 
4625 
4620 
4611 
4610 
4588 
4562 
4554 
4537 
4531 
4528 
4528 
4514 
4477 
4468 
4468 
4465 
4464 
4421 
4405 
4389 
4378 
4364 
4351 
4339 
4336 
4336 
4322 
4322 
4317 
4302 
4302 
4283 
4241 
4216 
4171 
4167 
4153 
4148 
4146 
4142 
4136 
4114 
4093 
4079 
4077 
4075 
4064 
4037 
4036 
4025 
4016 
4013 
4013 
4001 
3969 
3955 
3926 
3896 
3860 
3848 
3816 
3789 
3784 
3782 
3763 
3747 
3716 
3713 
3708 
3699 
3682 
3669 
3668 
3654 
3611 
3605 
3593 
3589 
3579 
3571 
3558 
3535 
3532 
3515 
3513 
3509 
3503 
3484 
3444 
3442 
3435 
3424 
3420 
3418 
3401 
3396 
3392 
3392 
3326 
3315 
3307 
3265 
3256 
3232 
3223 
3163 
3131 
3110 
3099 
3091 
3091 
3063 
3052 
3029 
3003 
3001 
2992 
2946 
2945 
2944 
2936 
2935 
2889 
2882 
2864 
2838 
2831 
2818 
2815 
2763 
2755 
2751 
2693 
2654 
2616 
2614 
2587 
2575 
2571 
2567 
2510 
2507 
2505 
2495 
2492 
2491 
2486 
2479 
2452 
2428 
2423 
2403 
2392 
2375 
2356 
2356 
2347 
2329 
2309 
2279 
2273 
2263 
2245 
2243 
2226 
2219 
2217 
2206 
2195 
2164 
2146 
2136 
2131 
2099 
2079 
2076 
2065 
2021 
1985 
1984 
1927 
1855 
1836 
1822 
1776 
1773 
1662 
1656 
1648 
1641 
1632 
1627 
1620 
1615 
1613 
1582 
1581 
1571 
1532 
1517 
1507 
1503 
1474 
1460 
1438 
1406 
1370 
1363 
1355 
1310 
1285 
1277 
1259 
1251 
1242 
1240 
1190 
1133 
1133 
1127 
1114 
1111 
1073 
1053 
1050 
1047 
1041 
1016 
1009 
1007 
995 
994 
987 
941 
885 
882 
876 
875 
835 
797 
794 
758 
749 
716 
702 
690 
657 
649 
645 
627 
586 
582 
555 
505 
500 
475 
475 
475 
474 
462 
461 
411 
408 
400 
394 
383 
374 
374 
357 
352 
329 
302 
300 
299 
209 
205 
198 
180 
155 
115 
80 
79 
78 
71 
55 
48 
19 
4 
