239
9999 
9944 
9929 
9857 
9856 
9754 
9738 
9713 
9701 
9692 
9577 
9541 
9506 
9491 
9481 
9438 
9368 
9361 
9359 
9347 
9295 
9126 
9125 
9124 
9018 
8975 
8960 
8871 
8848 
8813 
8731 
8708 
8695 
8687 
8663 
8593 
8578 
8513 
8475 
8428 
8350 
8331 
8326 
8261 
8223 
8185 
8167 
8154 
8020 
7949 
7927 
7924 
7898 
7889 
7888 
7797 
7609 
7590 
7409 
7379 
7375 
7365 
7296 
7274 
7272 
7256 
7246 
7171 
7091 
7065 
7043 
7020 
6955 
6883 
6875 
6871 
6770 
6730 
6590 
6515 
6469 
6370 
6328 
6302 
6171 
6157 
6106 
6037 
6000 
5951 
5826 
5797 
5773 
5740 
5685 
5679 
5627 
5625 
5624 
5605 
5573 
5547 
5545 
5453 
5444 
5434 
5431 
5427 
5276 
5275 
5274 
5274 
5171 
5116 
5101 
5070 
4922 
4851 
4804 
4736 
4726 
4720 
4676 
4672 
4619 
4516 
4511 
4506 
4382 
4336 
4300 
4286 
4274 
4245 
4242 
4239 
4235 
4231 
4039 
3978 
3969 
3933 
3902 
3888 
3864 
3844 
3808 
3802 
3792 
3784 
3780 
3776 
3773 
3766 
3749 
3740 
3725 
3642 
3612 
3522 
3514 
3505 
3434 
3383 
3355 
3349 
3339 
3325 
3295 
3273 
3245 
3217 
3182 
3142 
3066 
3021 
3005 
2879 
2820 
2813 
2732 
2605 
2521 
2468 
2457 
2301 
2279 
2234 
2214 
2209 
2090 
2080 
2066 
2060 
1946 
1839 
1792 
1787 
1654 
1640 
1590 
1445 
1420 
1311 
1292 
1247 
1139 
1129 
1119 
1081 
1064 
1055 
1044 
1039 
1017 
975 
958 
956 
954 
949 
934 
927 
817 
816 
815 
785 
728 
727 
636 
629 
615 
411 
262 
238 
202 
62 
56 
47 
44 
