913
9999 
9978 
9976 
9974 
9968 
9935 
9933 
9932 
9930 
9929 
9923 
9917 
9906 
9898 
9875 
9847 
9844 
9830 
9816 
9811 
9793 
9767 
9764 
9763 
9727 
9695 
9675 
9675 
9668 
9661 
9652 
9648 
9637 
9625 
9623 
9616 
9615 
9537 
9520 
9514 
9514 
9500 
9482 
9472 
9449 
9449 
9446 
9441 
9439 
9432 
9431 
9428 
9425 
9419 
9418 
9415 
9391 
9362 
9349 
9344 
9300 
9280 
9273 
9265 
9261 
9258 
9246 
9246 
9242 
9239 
9235 
9226 
9226 
9216 
9204 
9189 
9185 
9181 
9170 
9158 
9157 
9140 
9134 
9126 
9122 
9120 
9114 
9045 
9041 
9040 
9039 
9033 
9030 
9028 
8995 
8964 
8952 
8950 
8938 
8924 
8909 
8898 
8892 
8821 
8806 
8798 
8776 
8775 
8772 
8767 
8765 
8740 
8737 
8708 
8706 
8695 
8695 
8693 
8693 
8693 
8689 
8649 
8648 
8633 
8633 
8628 
8627 
8602 
8597 
8587 
8574 
8563 
8534 
8516 
8502 
8497 
8491 
8487 
8476 
8444 
8400 
8385 
8383 
8373 
8366 
8341 
8337 
8324 
8322 
8313 
8308 
8295 
8288 
8267 
8249 
8232 
8232 
8228 
8226 
8214 
8208 
8207 
8202 
8188 
8184 
8174 
8170 
8165 
8160 
8160 
8156 
8151 
8144 
8113 
8113 
8104 
8099 
8098 
8080 
8073 
8041 
8041 
8036 
8025 
8022 
8009 
8007 
8002 
7993 
7957 
7954 
7912 
7907 
7902 
7889 
7885 
7881 
7879 
7861 
7845 
7836 
7831 
7805 
7798 
7796 
7788 
7786 
7784 
7763 
7761 
7760 
7752 
7748 
7747 
7742 
7727 
7712 
7711 
7710 
7708 
7696 
7690 
7654 
7648 
7639 
7637 
7637 
7612 
7560 
7555 
7552 
7545 
7539 
7536 
7523 
7515 
7509 
7495 
7431 
7421 
7407 
7388 
7385 
7385 
7374 
7363 
7353 
7353 
7342 
7338 
7329 
7307 
7307 
7283 
7272 
7265 
7264 
7263 
7258 
7248 
7243 
7239 
7235 
7234 
7227 
7200 
7190 
7164 
7142 
7141 
7133 
7087 
7082 
7082 
7039 
7027 
7022 
7011 
7003 
7002 
7000 
6971 
6952 
6947 
6907 
6901 
6892 
6878 
6875 
6875 
6872 
6869 
6864 
6856 
6808 
6797 
6777 
6758 
6735 
6733 
6727 
6695 
6690 
6676 
6657 
6654 
6649 
6649 
6644 
6629 
6621 
6612 
6611 
6603 
6601 
6594 
6559 
6543 
6527 
6526 
6525 
6513 
6500 
6498 
6491 
6488 
6482 
6474 
6441 
6438 
6427 
6427 
6389 
6371 
6360 
6359 
6358 
6355 
6353 
6350 
6350 
6338 
6336 
6333 
6313 
6306 
6306 
6290 
6279 
6245 
6233 
6223 
6223 
6218 
6196 
6191 
6187 
6173 
6173 
6149 
6142 
6106 
6097 
6092 
6091 
6082 
6030 
6030 
6022 
5961 
5937 
5925 
5901 
5899 
5891 
5890 
5889 
5889 
5880 
5878 
5868 
5867 
5863 
5858 
5843 
5817 
5809 
5786 
5781 
5768 
5737 
5724 
5710 
5675 
5668 
5652 
5612 
5585 
5575 
5571 
5541 
5516 
5511 
5459 
5442 
5431 
5411 
5396 
5368 
5361 
5359 
5359 
5358 
5351 
5338 
5327 
5316 
5308 
5293 
5291 
5271 
5262 
5261 
5252 
5246 
5228 
5226 
5192 
5186 
5177 
5177 
5166 
5154 
5141 
5120 
5118 
5087 
5084 
5075 
5064 
5056 
5050 
5049 
5021 
5015 
5003 
5001 
4993 
4977 
4970 
4959 
4956 
4955 
4951 
4950 
4928 
4912 
4909 
4902 
4899 
4889 
4887 
4879 
4879 
4872 
4870 
4853 
4846 
4836 
4831 
4746 
4743 
4739 
4720 
4707 
4696 
4695 
4687 
4686 
4684 
4664 
4652 
4642 
4636 
4630 
4621 
4618 
4618 
4613 
4609 
4608 
4607 
4605 
4600 
4590 
4590 
4585 
4569 
4564 
4561 
4531 
4526 
4516 
4503 
4490 
4468 
4466 
4451 
4445 
4438 
4410 
4387 
4379 
4356 
4352 
4351 
4333 
4328 
4327 
4310 
4296 
4274 
4267 
4266 
4253 
4248 
4214 
4207 
4199 
4187 
4139 
4132 
4120 
4096 
4096 
4060 
4057 
4046 
4045 
3998 
3982 
3979 
3968 
3957 
3939 
3934 
3930 
3930 
3912 
3902 
3882 
3838 
3834 
3821 
3813 
3795 
3793 
3773 
3756 
3756 
3753 
3716 
3716 
3710 
3690 
3666 
3652 
3646 
3626 
3593 
3582 
3580 
3579 
3571 
3550 
3550 
3549 
3545 
3525 
3525 
3517 
3509 
3491 
3464 
3451 
3436 
3422 
3413 
3405 
3394 
3385 
3382 
3365 
3341 
3333 
3329 
3307 
3298 
3294 
3271 
3270 
3266 
3261 
3260 
3259 
3250 
3248 
3242 
3240 
3224 
3222 
3215 
3215 
3194 
3194 
3191 
3176 
3175 
3159 
3155 
3148 
3146 
3142 
3141 
3138 
3138 
3138 
3117 
3115 
3076 
3073 
3069 
3067 
3066 
3051 
3043 
3042 
3030 
3018 
3001 
3001 
2973 
2965 
2963 
2963 
2963 
2956 
2935 
2893 
2893 
2870 
2859 
2853 
2851 
2848 
2846 
2832 
2825 
2816 
2816 
2810 
2803 
2795 
2780 
2779 
2767 
2756 
2753 
2747 
2746 
2739 
2732 
2731 
2707 
2684 
2676 
2672 
2660 
2656 
2630 
2616 
2611 
2605 
2604 
2586 
2578 
2562 
2558 
2544 
2515 
2507 
2506 
2504 
2501 
2501 
2497 
2496 
2496 
2482 
2474 
2452 
2446 
2432 
2398 
2381 
2365 
2361 
2358 
2346 
2341 
2338 
2287 
2282 
2268 
2236 
2234 
2228 
2225 
2204 
2202 
2196 
2195 
2190 
2190 
2182 
2147 
2111 
2108 
2098 
2077 
2077 
2073 
2068 
2049 
2048 
2018 
2015 
2010 
2006 
2002 
1998 
1962 
1902 
1884 
1874 
1837 
1835 
1812 
1809 
1807 
1784 
1745 
1734 
1721 
1702 
1693 
1669 
1665 
1644 
1642 
1633 
1630 
1625 
1582 
1579 
1565 
1555 
1531 
1517 
1508 
1500 
1500 
1467 
1444 
1438 
1435 
1434 
1425 
1411 
1404 
1386 
1371 
1363 
1361 
1359 
1351 
1346 
1322 
1317 
1310 
1309 
1297 
1249 
1243 
1236 
1235 
1223 
1217 
1200 
1192 
1185 
1169 
1151 
1136 
1135 
1132 
1125 
1122 
1120 
1113 
1110 
1099 
1075 
1070 
1069 
1060 
1042 
994 
980 
979 
956 
955 
919 
917 
914 
895 
890 
889 
885 
882 
868 
852 
841 
838 
836 
827 
820 
805 
787 
784 
762 
750 
706 
700 
682 
682 
663 
660 
643 
639 
636 
623 
623 
623 
622 
584 
569 
566 
559 
530 
521 
518 
515 
500 
496 
491 
487 
486 
480 
457 
457 
416 
376 
372 
367 
321 
313 
297 
297 
280 
275 
267 
260 
256 
250 
250 
245 
245 
230 
230 
200 
198 
189 
176 
166 
165 
149 
138 
134 
130 
129 
123 
121 
116 
102 
79 
77 
66 
59 
42 
33 
21 
19 
