149
9917 
9875 
9795 
9784 
9731 
9705 
9650 
9645 
9577 
9549 
9443 
9436 
9423 
9410 
9401 
9347 
9220 
9081 
8912 
8851 
8847 
8787 
8731 
8675 
8610 
8564 
8485 
8424 
8422 
8386 
8320 
8275 
8225 
8102 
8069 
8029 
7880 
7735 
7711 
7670 
7520 
7444 
7364 
7283 
7219 
7163 
7145 
7066 
7053 
7044 
7027 
6875 
6743 
6654 
6573 
6394 
6372 
6369 
6359 
6284 
6275 
6164 
6111 
5955 
5953 
5786 
5725 
5648 
5593 
5480 
5436 
5163 
5131 
5097 
5010 
4948 
4864 
4817 
4703 
4701 
4689 
4667 
4631 
4613 
4612 
4409 
4329 
4295 
4240 
4238 
4198 
4154 
4118 
4072 
3902 
3834 
3831 
3780 
3765 
3702 
3553 
3269 
2997 
2984 
2955 
2934 
2779 
2752 
2713 
2686 
2542 
2438 
2425 
2327 
2088 
2018 
1943 
1925 
1883 
1858 
1787 
1735 
1717 
1714 
1665 
1564 
1487 
1419 
1363 
1233 
1174 
1153 
1132 
1065 
1026 
940 
730 
641 
577 
542 
378 
329 
314 
249 
247 
231 
202 
127 
102 
