700
1 
1 
1 
3 
9 
25 
27 
56 
69 
75 
90 
102 
118 
132 
134 
143 
147 
175 
183 
191 
210 
232 
235 
261 
276 
308 
311 
320 
361 
367 
376 
409 
419 
427 
442 
457 
462 
463 
490 
494 
495 
512 
537 
560 
575 
583 
592 
613 
627 
631 
632 
635 
672 
673 
716 
790 
807 
813 
825 
827 
833 
870 
880 
889 
893 
898 
907 
920 
921 
925 
951 
965 
1010 
1042 
1054 
1059 
1061 
1068 
1105 
1126 
1163 
1184 
1191 
1195 
1205 
1211 
1213 
1214 
1230 
1265 
1276 
1297 
1304 
1307 
1307 
1310 
1329 
1344 
1356 
1398 
1399 
1424 
1464 
1475 
1481 
1482 
1490 
1493 
1517 
1526 
1539 
1542 
1544 
1580 
1581 
1626 
1631 
1653 
1689 
1703 
1707 
1721 
1734 
1768 
1785 
1786 
1794 
1797 
1805 
1806 
1810 
1818 
1839 
1867 
1876 
1881 
1907 
1907 
1922 
1923 
1947 
1951 
1967 
1971 
1987 
2025 
2081 
2091 
2112 
2126 
2151 
2172 
2176 
2224 
2224 
2235 
2235 
2250 
2263 
2266 
2284 
2290 
2305 
2307 
2366 
2367 
2380 
2413 
2413 
2427 
2432 
2476 
2482 
2488 
2502 
2508 
2560 
2569 
2587 
2628 
2633 
2636 
2651 
2664 
2722 
2738 
2742 
2773 
2784 
2807 
2811 
2840 
2852 
2876 
2924 
2938 
2942 
2946 
2952 
2955 
2965 
2971 
2978 
2984 
2995 
3007 
3049 
3051 
3052 
3057 
3073 
3107 
3115 
3132 
3156 
3161 
3166 
3182 
3221 
3267 
3277 
3306 
3337 
3342 
3370 
3390 
3435 
3444 
3480 
3504 
3517 
3518 
3521 
3552 
3554 
3562 
3577 
3590 
3591 
3602 
3603 
3617 
3630 
3631 
3651 
3652 
3673 
3685 
3691 
3694 
3707 
3744 
3786 
3880 
3893 
3913 
3946 
3949 
3975 
3981 
3996 
4004 
4012 
4020 
4021 
4041 
4052 
4056 
4058 
4077 
4080 
4085 
4138 
4140 
4143 
4198 
4205 
4217 
4231 
4234 
4243 
4246 
4287 
4331 
4386 
4402 
4443 
4444 
4472 
4475 
4483 
4485 
4517 
4519 
4526 
4527 
4540 
4550 
4559 
4567 
4604 
4604 
4643 
4663 
4680 
4684 
4685 
4688 
4692 
4716 
4722 
4743 
4748 
4755 
4762 
4772 
4777 
4780 
4782 
4787 
4809 
4817 
4821 
4830 
4846 
4853 
4853 
4857 
4873 
4880 
4901 
4907 
4909 
4930 
4939 
4940 
4974 
4983 
4990 
5016 
5035 
5037 
5052 
5063 
5110 
5119 
5141 
5156 
5168 
5169 
5169 
5171 
5171 
5186 
5210 
5221 
5224 
5261 
5289 
5294 
5298 
5314 
5315 
5321 
5333 
5343 
5343 
5351 
5361 
5366 
5386 
5410 
5415 
5430 
5477 
5483 
5493 
5517 
5537 
5542 
5550 
5573 
5583 
5587 
5613 
5632 
5642 
5686 
5692 
5698 
5708 
5714 
5777 
5804 
5825 
5825 
5830 
5848 
5853 
5859 
5931 
5960 
5967 
5967 
5972 
5985 
5989 
6004 
6007 
6019 
6028 
6061 
6077 
6088 
6092 
6097 
6099 
6102 
6115 
6121 
6122 
6124 
6141 
6142 
6148 
6248 
6262 
6303 
6315 
6319 
6325 
6354 
6360 
6361 
6381 
6407 
6420 
6428 
6429 
6432 
6440 
6441 
6445 
6491 
6496 
6508 
6531 
6533 
6543 
6630 
6644 
6650 
6651 
6652 
6663 
6677 
6685 
6695 
6710 
6729 
6773 
6787 
6789 
6834 
6838 
6842 
6849 
6851 
6899 
6909 
6909 
6944 
6955 
6960 
6980 
6982 
7003 
7012 
7013 
7014 
7022 
7040 
7057 
7059 
7079 
7090 
7103 
7105 
7116 
7128 
7136 
7138 
7150 
7152 
7152 
7169 
7176 
7181 
7183 
7248 
7250 
7253 
7262 
7273 
7287 
7298 
7299 
7316 
7318 
7319 
7325 
7347 
7371 
7388 
7391 
7399 
7407 
7415 
7417 
7439 
7500 
7510 
7512 
7520 
7545 
7575 
7593 
7606 
7630 
7649 
7655 
7661 
7671 
7673 
7678 
7693 
7698 
7701 
7711 
7777 
7821 
7846 
7850 
7865 
7870 
7873 
7885 
7893 
7903 
7963 
7973 
7999 
8000 
8005 
8017 
8054 
8055 
8056 
8083 
8084 
8087 
8100 
8115 
8117 
8128 
8165 
8166 
8168 
8189 
8195 
8202 
8206 
8232 
8239 
8267 
8279 
8290 
8308 
8309 
8311 
8353 
8358 
8369 
8392 
8419 
8420 
8432 
8439 
8443 
8451 
8470 
8472 
8472 
8482 
8507 
8526 
8556 
8577 
8579 
8582 
8583 
8596 
8625 
8626 
8627 
8640 
8657 
8688 
8731 
8737 
8738 
8750 
8774 
8781 
8789 
8793 
8801 
8818 
8818 
8835 
8897 
8906 
8911 
8912 
8932 
8951 
8959 
8962 
8978 
9006 
9011 
9023 
9054 
9082 
9114 
9142 
9144 
9158 
9158 
9163 
9187 
9189 
9190 
9196 
9224 
9248 
9250 
9268 
9286 
9305 
9315 
9318 
9335 
9344 
9347 
9353 
9358 
9369 
9380 
9386 
9417 
9423 
9423 
9435 
9446 
9460 
9462 
9493 
9494 
9494 
9499 
9517 
9522 
9530 
9556 
9599 
9629 
9636 
9641 
9664 
9699 
9708 
9709 
9734 
9765 
9766 
9766 
9781 
9832 
9863 
9889 
9900 
9909 
9932 
9939 
9941 
9944 
9989 
9996 
9999 
