425
5 
10 
88 
94 
169 
173 
197 
344 
413 
431 
432 
437 
439 
457 
493 
501 
513 
551 
578 
584 
602 
608 
620 
623 
642 
646 
668 
668 
749 
800 
881 
885 
904 
908 
910 
933 
958 
959 
971 
1042 
1047 
1053 
1088 
1125 
1130 
1176 
1192 
1217 
1232 
1314 
1319 
1325 
1340 
1342 
1357 
1364 
1367 
1382 
1398 
1484 
1490 
1523 
1530 
1568 
1588 
1592 
1633 
1633 
1634 
1642 
1650 
1652 
1658 
1681 
1760 
1791 
1816 
1828 
1860 
1879 
1897 
1920 
1999 
2077 
2102 
2126 
2144 
2162 
2167 
2172 
2254 
2276 
2304 
2336 
2352 
2469 
2478 
2535 
2558 
2587 
2594 
2625 
2639 
2655 
2665 
2686 
2695 
2699 
2701 
2781 
2787 
2841 
2848 
2857 
2858 
2873 
2875 
2895 
2898 
2901 
2902 
2918 
2938 
2940 
2947 
2951 
2952 
2954 
2983 
2990 
3006 
3062 
3075 
3089 
3089 
3143 
3147 
3158 
3167 
3179 
3179 
3187 
3211 
3224 
3238 
3244 
3260 
3267 
3291 
3388 
3418 
3429 
3441 
3461 
3474 
3492 
3515 
3517 
3527 
3541 
3558 
3563 
3609 
3621 
3685 
3702 
3760 
3779 
3831 
3848 
3877 
3887 
3905 
3915 
3918 
3931 
3932 
3939 
3945 
3970 
4005 
4039 
4047 
4049 
4054 
4069 
4089 
4098 
4115 
4120 
4143 
4163 
4185 
4193 
4225 
4242 
4299 
4305 
4311 
4347 
4387 
4396 
4399 
4404 
4442 
4539 
4545 
4554 
4587 
4590 
4654 
4740 
4743 
4757 
4785 
4838 
4859 
4867 
4882 
4889 
4893 
4912 
4937 
4940 
4959 
4959 
4983 
4984 
4993 
5005 
5122 
5138 
5145 
5148 
5170 
5174 
5270 
5306 
5361 
5373 
5377 
5431 
5455 
5486 
5531 
5603 
5616 
5684 
5708 
5742 
5790 
5794 
5842 
5876 
5892 
5898 
5910 
6021 
6077 
6090 
6141 
6205 
6219 
6246 
6264 
6301 
6303 
6329 
6332 
6369 
6415 
6427 
6480 
6489 
6541 
6550 
6563 
6569 
6621 
6637 
6638 
6642 
6644 
6646 
6723 
6728 
6741 
6743 
6743 
6744 
6750 
6755 
6758 
6779 
6844 
6847 
6848 
6908 
6910 
6937 
6942 
6945 
6945 
6967 
6995 
7012 
7021 
7039 
7042 
7048 
7074 
7118 
7133 
7141 
7147 
7151 
7188 
7193 
7219 
7222 
7224 
7273 
7275 
7289 
7346 
7384 
7397 
7410 
7425 
7465 
7469 
7487 
7490 
7536 
7571 
7585 
7643 
7660 
7681 
7710 
7721 
7722 
7728 
7748 
7768 
7785 
7821 
7841 
7858 
7880 
7881 
7894 
7897 
7902 
7921 
7959 
7971 
7981 
7996 
8036 
8050 
8057 
8067 
8107 
8138 
8142 
8162 
8168 
8186 
8202 
8303 
8336 
8341 
8344 
8423 
8644 
8679 
8718 
8720 
8738 
8746 
8771 
8795 
8801 
8818 
8829 
8861 
8872 
8912 
8924 
8947 
8980 
8986 
9006 
9012 
9032 
9032 
9097 
9180 
9184 
9234 
9242 
9263 
9295 
9341 
9351 
9365 
9388 
9409 
9473 
9476 
9494 
9533 
9557 
9577 
9608 
9684 
9706 
9798 
9814 
9850 
9899 
9915 
9949 
9962 
