548
3 
4 
11 
12 
41 
49 
66 
88 
111 
134 
222 
254 
283 
286 
304 
313 
316 
317 
318 
333 
349 
380 
408 
410 
435 
465 
479 
596 
604 
625 
649 
657 
676 
677 
689 
707 
725 
726 
750 
787 
811 
814 
824 
835 
844 
845 
856 
874 
895 
895 
899 
939 
947 
949 
969 
973 
1006 
1008 
1017 
1025 
1034 
1076 
1078 
1092 
1098 
1116 
1128 
1142 
1145 
1145 
1146 
1178 
1232 
1235 
1243 
1310 
1310 
1312 
1358 
1415 
1422 
1464 
1465 
1484 
1493 
1496 
1511 
1514 
1517 
1601 
1640 
1667 
1670 
1670 
1686 
1691 
1694 
1694 
1695 
1700 
1714 
1721 
1739 
1789 
1793 
1830 
1841 
1903 
1914 
1930 
1946 
2016 
2033 
2037 
2038 
2047 
2047 
2051 
2055 
2070 
2095 
2120 
2128 
2130 
2134 
2143 
2148 
2212 
2225 
2252 
2287 
2291 
2292 
2320 
2324 
2371 
2371 
2392 
2422 
2456 
2510 
2536 
2642 
2652 
2661 
2662 
2683 
2708 
2713 
2717 
2727 
2759 
2774 
2777 
2806 
2814 
2848 
2865 
2867 
2932 
2946 
2967 
2971 
2987 
2991 
3021 
3053 
3057 
3067 
3068 
3079 
3096 
3128 
3135 
3147 
3214 
3259 
3266 
3287 
3333 
3378 
3412 
3413 
3434 
3437 
3445 
3477 
3479 
3485 
3490 
3506 
3517 
3524 
3531 
3549 
3561 
3574 
3619 
3636 
3687 
3698 
3701 
3704 
3712 
3726 
3776 
3830 
3845 
3856 
3865 
3870 
3879 
3902 
3904 
3927 
3955 
3979 
3983 
4005 
4022 
4033 
4069 
4095 
4097 
4099 
4111 
4121 
4145 
4165 
4178 
4191 
4199 
4234 
4241 
4268 
4294 
4314 
4324 
4340 
4366 
4413 
4424 
4426 
4430 
4439 
4444 
4453 
4469 
4474 
4500 
4508 
4515 
4522 
4528 
4547 
4551 
4554 
4594 
4611 
4622 
4623 
4625 
4633 
4633 
4661 
4667 
4685 
4710 
4713 
4736 
4750 
4762 
4767 
4768 
4814 
4817 
4873 
4877 
4879 
4883 
4924 
4941 
4997 
5017 
5084 
5100 
5159 
5195 
5220 
5223 
5239 
5239 
5265 
5285 
5289 
5321 
5325 
5330 
5330 
5340 
5349 
5355 
5367 
5377 
5408 
5415 
5431 
5432 
5452 
5460 
5494 
5558 
5574 
5691 
5703 
5719 
5730 
5750 
5756 
5770 
5793 
5829 
5860 
5863 
5895 
5895 
5905 
5931 
5956 
6025 
6081 
6120 
6126 
6128 
6143 
6151 
6153 
6156 
6174 
6175 
6195 
6197 
6202 
6218 
6239 
6253 
6257 
6270 
6273 
6273 
6337 
6339 
6350 
6357 
6360 
6370 
6378 
6392 
6404 
6424 
6449 
6464 
6504 
6512 
6513 
6526 
6541 
6544 
6567 
6612 
6635 
6650 
6651 
6690 
6695 
6695 
6699 
6720 
6742 
6754 
6755 
6770 
6850 
6856 
6867 
6878 
6931 
6952 
6967 
6973 
6990 
7036 
7083 
7098 
7130 
7165 
7186 
7188 
7215 
7218 
7261 
7281 
7290 
7303 
7305 
7316 
7368 
7404 
7445 
7525 
7565 
7575 
7612 
7628 
7630 
7631 
7633 
7662 
7682 
7698 
7706 
7722 
7788 
7814 
7818 
7834 
7838 
7854 
7866 
7880 
7888 
7901 
7915 
7920 
7933 
7959 
7978 
7984 
8020 
8026 
8054 
8063 
8079 
8085 
8086 
8107 
8119 
8129 
8133 
8209 
8213 
8225 
8228 
8249 
8282 
8297 
8316 
8325 
8333 
8395 
8416 
8504 
8504 
8519 
8519 
8535 
8538 
8561 
8664 
8670 
8671 
8675 
8688 
8694 
8695 
8710 
8742 
8767 
8835 
8846 
8858 
8887 
8889 
8915 
8921 
8933 
8937 
9001 
9007 
9018 
9040 
9046 
9055 
9076 
9112 
9119 
9136 
9171 
9215 
9253 
9284 
9293 
9309 
9327 
9332 
9335 
9354 
9356 
9376 
9383 
9394 
9400 
9409 
9416 
9438 
9446 
9471 
9516 
9527 
9541 
9568 
9572 
9580 
9599 
9608 
9629 
9630 
9642 
9649 
9654 
9665 
9686 
9695 
9718 
9719 
9725 
9740 
9744 
9789 
9825 
9832 
9870 
9899 
9914 
9964 
9973 
9982 
9998 
