951
2 
15 
17 
20 
25 
32 
41 
49 
50 
54 
61 
62 
66 
80 
83 
87 
96 
106 
130 
130 
133 
145 
154 
164 
166 
167 
173 
192 
207 
208 
220 
231 
247 
247 
278 
312 
321 
334 
349 
353 
431 
434 
443 
443 
445 
455 
459 
463 
481 
488 
492 
514 
526 
534 
541 
544 
566 
572 
576 
576 
580 
589 
619 
629 
636 
654 
659 
667 
668 
669 
696 
697 
710 
721 
737 
745 
756 
778 
789 
792 
794 
804 
811 
835 
842 
847 
881 
897 
922 
930 
945 
967 
968 
972 
976 
987 
1009 
1016 
1036 
1040 
1052 
1057 
1058 
1058 
1058 
1084 
1086 
1117 
1119 
1120 
1138 
1140 
1156 
1165 
1175 
1181 
1197 
1217 
1219 
1244 
1251 
1266 
1291 
1295 
1298 
1300 
1326 
1327 
1356 
1360 
1369 
1381 
1383 
1386 
1386 
1388 
1393 
1395 
1401 
1417 
1426 
1448 
1449 
1457 
1468 
1469 
1481 
1492 
1518 
1520 
1520 
1532 
1535 
1551 
1561 
1565 
1569 
1579 
1580 
1599 
1612 
1617 
1617 
1640 
1642 
1642 
1651 
1655 
1658 
1659 
1669 
1674 
1682 
1683 
1684 
1714 
1716 
1750 
1763 
1766 
1767 
1773 
1795 
1800 
1830 
1834 
1862 
1867 
1868 
1871 
1885 
1896 
1903 
1913 
1916 
1937 
1951 
1951 
1974 
2000 
2003 
2013 
2013 
2015 
2020 
2024 
2059 
2064 
2065 
2113 
2114 
2115 
2117 
2117 
2121 
2145 
2152 
2155 
2158 
2165 
2179 
2208 
2219 
2232 
2235 
2247 
2249 
2252 
2264 
2274 
2286 
2296 
2304 
2317 
2320 
2320 
2321 
2345 
2350 
2367 
2371 
2377 
2381 
2389 
2394 
2394 
2404 
2446 
2456 
2457 
2464 
2471 
2473 
2500 
2512 
2546 
2560 
2563 
2573 
2575 
2586 
2589 
2601 
2618 
2622 
2648 
2656 
2663 
2668 
2690 
2713 
2714 
2742 
2749 
2759 
2766 
2777 
2787 
2801 
2803 
2814 
2824 
2826 
2833 
2841 
2842 
2849 
2863 
2877 
2903 
2913 
2921 
2930 
2934 
2939 
2964 
2968 
2971 
2979 
2987 
3003 
3010 
3029 
3044 
3054 
3096 
3107 
3108 
3110 
3113 
3125 
3131 
3132 
3162 
3163 
3166 
3173 
3175 
3184 
3185 
3189 
3191 
3198 
3198 
3203 
3211 
3229 
3233 
3251 
3273 
3294 
3297 
3304 
3308 
3310 
3331 
3335 
3343 
3347 
3347 
3353 
3372 
3378 
3381 
3387 
3400 
3409 
3409 
3413 
3438 
3439 
3439 
3444 
3454 
3478 
3478 
3480 
3497 
3505 
3517 
3526 
3572 
3582 
3592 
3598 
3607 
3615 
3620 
3655 
3657 
3657 
3663 
3667 
3681 
3683 
3693 
3695 
3696 
3717 
3718 
3731 
3737 
3763 
3769 
3770 
3774 
3775 
3776 
3787 
3800 
3802 
3802 
3814 
3820 
3821 
3842 
3845 
3847 
3852 
3885 
3891 
3899 
3935 
3952 
3965 
4003 
4005 
4029 
4036 
4058 
4059 
4071 
4082 
4082 
4087 
4095 
4119 
4142 
4166 
4185 
4188 
4203 
4203 
4221 
4221 
4223 
4225 
4229 
4232 
4248 
4258 
4265 
4274 
4322 
4332 
4338 
4355 
4371 
4371 
4374 
4402 
4403 
4415 
4452 
4453 
4454 
4457 
4483 
4486 
4490 
4502 
4506 
4523 
4524 
4529 
4536 
4545 
4552 
4565 
4566 
4585 
4594 
4598 
4616 
4619 
4623 
4633 
4635 
4641 
4664 
4669 
4677 
4692 
4703 
4708 
4708 
4717 
4725 
4727 
4747 
4750 
4750 
4817 
4824 
4830 
4839 
4839 
4886 
4902 
4908 
4929 
4932 
4937 
4940 
4941 
4943 
4950 
4962 
4987 
4989 
5003 
5015 
5018 
5038 
5059 
5060 
5062 
5070 
5072 
5116 
5116 
5119 
5126 
5127 
5142 
5146 
5150 
5164 
5170 
5186 
5200 
5203 
5217 
5241 
5265 
5306 
5312 
5312 
5317 
5319 
5334 
5339 
5363 
5363 
5373 
5375 
5379 
5383 
5387 
5390 
5393 
5397 
5438 
5453 
5455 
5456 
5464 
5466 
5471 
5475 
5491 
5502 
5522 
5527 
5545 
5550 
5560 
5577 
5590 
5599 
5602 
5612 
5620 
5681 
5714 
5719 
5720 
5721 
5721 
5734 
5735 
5739 
5752 
5764 
5774 
5776 
5778 
5785 
5819 
5826 
5848 
5856 
5872 
5879 
5895 
5897 
5913 
5931 
5960 
5970 
5975 
5978 
5978 
6002 
6038 
6046 
6086 
6097 
6097 
6100 
6114 
6117 
6137 
6145 
6157 
6173 
6175 
6176 
6203 
6262 
6267 
6273 
6276 
6292 
6300 
6307 
6314 
6329 
6346 
6348 
6363 
6374 
6414 
6441 
6496 
6497 
6504 
6519 
6553 
6555 
6558 
6562 
6567 
6617 
6620 
6625 
6632 
6651 
6657 
6670 
6677 
6691 
6712 
6713 
6720 
6725 
6738 
6774 
6788 
6805 
6828 
6853 
6866 
6873 
6875 
6884 
6900 
6906 
6958 
6968 
6974 
6977 
6981 
6982 
6991 
6994 
6994 
6994 
6997 
6997 
7001 
7006 
7014 
7023 
7027 
7029 
7034 
7048 
7061 
7077 
7089 
7099 
7102 
7127 
7128 
7135 
7141 
7178 
7192 
7208 
7212 
7251 
7253 
7269 
7295 
7309 
7347 
7352 
7361 
7369 
7378 
7378 
7381 
7389 
7391 
7407 
7417 
7418 
7422 
7431 
7436 
7470 
7476 
7478 
7482 
7490 
7492 
7527 
7542 
7550 
7558 
7559 
7569 
7601 
7649 
7655 
7657 
7660 
7662 
7665 
7665 
7705 
7707 
7717 
7722 
7732 
7736 
7736 
7739 
7743 
7755 
7760 
7761 
7761 
7764 
7770 
7793 
7809 
7823 
7832 
7834 
7843 
7853 
7870 
7880 
7887 
7902 
7904 
7921 
7922 
7937 
7959 
7960 
7978 
7988 
7993 
8000 
8009 
8032 
8036 
8041 
8043 
8065 
8066 
8084 
8112 
8117 
8129 
8134 
8134 
8182 
8190 
8191 
8219 
8221 
8226 
8268 
8278 
8283 
8286 
8288 
8315 
8322 
8328 
8336 
8336 
8341 
8355 
8356 
8359 
8360 
8392 
8421 
8426 
8433 
8443 
8445 
8458 
8480 
8482 
8484 
8488 
8551 
8566 
8571 
8576 
8577 
8608 
8622 
8629 
8630 
8647 
8655 
8656 
8662 
8662 
8673 
8691 
8696 
8704 
8723 
8730 
8734 
8743 
8770 
8773 
8774 
8795 
8821 
8823 
8826 
8836 
8840 
8847 
8851 
8855 
8866 
8869 
8873 
8880 
8882 
8904 
8909 
8921 
8941 
8951 
8955 
8967 
8968 
8974 
8978 
8979 
8980 
8981 
9002 
9003 
9007 
9009 
9023 
9027 
9040 
9051 
9082 
9123 
9132 
9139 
9143 
9161 
9209 
9218 
9229 
9240 
9252 
9277 
9289 
9300 
9335 
9341 
9385 
9403 
9408 
9412 
9416 
9445 
9465 
9470 
9508 
9511 
9522 
9540 
9553 
9574 
9579 
9588 
9588 
9598 
9608 
9613 
9614 
9617 
9621 
9622 
9627 
9631 
9638 
9656 
9661 
9672 
9673 
9696 
9697 
9712 
9720 
9720 
9731 
9732 
9781 
9817 
9819 
9824 
9837 
9840 
9847 
9851 
9855 
9860 
9865 
9866 
9867 
9870 
9880 
9882 
9895 
9915 
9924 
9930 
9936 
9963 
9966 
9968 
9975 
