408
22 
24 
46 
56 
73 
161 
197 
255 
319 
378 
391 
444 
453 
502 
526 
550 
569 
634 
639 
643 
657 
668 
728 
739 
787 
848 
850 
869 
904 
911 
952 
977 
994 
1000 
1003 
1006 
1043 
1052 
1105 
1149 
1151 
1159 
1173 
1205 
1217 
1232 
1251 
1252 
1310 
1316 
1333 
1352 
1377 
1431 
1458 
1522 
1561 
1562 
1588 
1593 
1656 
1658 
1679 
1683 
1749 
1768 
1783 
1818 
1830 
1830 
1858 
1895 
1919 
1941 
1990 
2000 
2043 
2134 
2136 
2156 
2205 
2215 
2229 
2240 
2269 
2285 
2296 
2332 
2338 
2385 
2407 
2418 
2425 
2459 
2459 
2461 
2469 
2488 
2490 
2524 
2540 
2547 
2608 
2608 
2608 
2611 
2623 
2670 
2703 
2707 
2712 
2743 
2778 
2799 
2813 
2855 
2856 
2892 
2946 
2968 
2970 
2991 
2993 
3015 
3017 
3031 
3035 
3053 
3067 
3082 
3113 
3132 
3158 
3171 
3173 
3248 
3254 
3257 
3305 
3336 
3370 
3372 
3408 
3425 
3451 
3451 
3478 
3517 
3547 
3550 
3604 
3639 
3656 
3658 
3666 
3686 
3688 
3719 
3749 
3773 
3774 
3783 
3806 
3807 
3818 
3837 
3849 
3854 
3928 
3964 
4003 
4085 
4180 
4199 
4202 
4233 
4244 
4250 
4309 
4321 
4329 
4337 
4362 
4366 
4475 
4477 
4490 
4508 
4536 
4551 
4571 
4577 
4605 
4680 
4697 
4704 
4746 
4800 
4838 
4846 
4860 
4881 
4999 
5168 
5175 
5197 
5238 
5241 
5253 
5362 
5366 
5393 
5423 
5459 
5468 
5499 
5505 
5524 
5525 
5574 
5612 
5613 
5626 
5634 
5689 
5707 
5725 
5761 
5766 
5803 
5815 
5817 
5866 
5872 
5875 
5881 
5881 
5967 
5987 
6008 
6010 
6081 
6162 
6166 
6220 
6227 
6228 
6238 
6258 
6281 
6299 
6313 
6363 
6375 
6386 
6410 
6427 
6450 
6451 
6469 
6473 
6494 
6516 
6521 
6534 
6549 
6596 
6598 
6599 
6617 
6633 
6646 
6657 
6724 
6754 
6770 
6778 
6785 
6838 
6840 
6847 
6847 
6903 
6905 
6944 
6965 
6984 
7015 
7016 
7043 
7138 
7148 
7154 
7236 
7325 
7374 
7393 
7407 
7429 
7487 
7488 
7499 
7503 
7507 
7507 
7537 
7566 
7581 
7603 
7609 
7698 
7725 
7754 
7759 
7768 
7813 
7822 
7823 
7852 
7863 
7902 
7938 
8024 
8046 
8083 
8091 
8116 
8155 
8164 
8165 
8189 
8190 
8249 
8256 
8256 
8261 
8283 
8302 
8316 
8344 
8350 
8369 
8381 
8392 
8399 
8405 
8469 
8555 
8595 
8597 
8601 
8627 
8644 
8654 
8674 
8696 
8700 
8744 
8788 
8790 
8809 
8816 
8832 
8888 
8895 
8904 
8949 
8958 
8962 
8978 
8985 
9032 
9039 
9046 
9115 
9123 
9217 
9257 
9260 
9264 
9265 
9297 
9312 
9324 
9340 
9346 
9347 
9438 
9452 
9457 
9534 
9570 
9621 
9622 
9638 
9646 
9664 
9668 
9697 
9756 
9836 
9849 
9857 
9862 
9886 
9906 
9937 
9974 
