565
2 
3 
40 
40 
47 
52 
76 
95 
112 
119 
143 
149 
153 
169 
208 
217 
262 
281 
302 
314 
316 
320 
324 
337 
370 
371 
372 
398 
429 
431 
441 
446 
454 
459 
499 
505 
558 
561 
561 
563 
575 
584 
585 
644 
652 
741 
749 
751 
755 
759 
767 
781 
789 
795 
807 
832 
867 
867 
885 
904 
936 
941 
992 
1002 
1016 
1049 
1049 
1050 
1082 
1097 
1124 
1149 
1150 
1157 
1180 
1210 
1219 
1233 
1278 
1294 
1340 
1364 
1385 
1411 
1436 
1444 
1471 
1486 
1490 
1515 
1532 
1538 
1548 
1562 
1570 
1572 
1626 
1631 
1653 
1666 
1667 
1674 
1708 
1771 
1797 
1833 
1849 
1860 
1862 
1887 
1899 
1906 
1907 
1909 
1925 
1930 
1981 
1999 
2000 
2029 
2041 
2046 
2075 
2125 
2126 
2126 
2146 
2206 
2210 
2212 
2254 
2272 
2283 
2293 
2317 
2323 
2348 
2357 
2392 
2397 
2426 
2470 
2501 
2511 
2550 
2564 
2575 
2601 
2640 
2690 
2737 
2748 
2750 
2776 
2791 
2800 
2811 
2816 
2833 
2851 
2855 
2874 
2893 
2911 
2974 
2996 
3003 
3014 
3067 
3082 
3123 
3138 
3178 
3194 
3197 
3212 
3218 
3310 
3318 
3328 
3332 
3336 
3377 
3381 
3400 
3414 
3417 
3428 
3429 
3429 
3436 
3483 
3484 
3492 
3506 
3528 
3552 
3553 
3560 
3566 
3644 
3671 
3695 
3698 
3715 
3749 
3754 
3762 
3775 
3789 
3790 
3817 
3828 
3844 
3876 
3879 
3884 
3897 
3905 
3922 
3939 
3970 
4018 
4022 
4029 
4062 
4103 
4124 
4134 
4148 
4155 
4172 
4182 
4203 
4223 
4230 
4264 
4288 
4305 
4318 
4337 
4356 
4424 
4431 
4460 
4472 
4475 
4505 
4523 
4543 
4547 
4560 
4563 
4607 
4637 
4656 
4696 
4698 
4709 
4723 
4732 
4743 
4793 
4802 
4828 
4839 
4876 
4888 
4941 
4955 
4977 
4977 
5052 
5053 
5141 
5142 
5145 
5171 
5173 
5178 
5194 
5198 
5205 
5205 
5224 
5227 
5231 
5247 
5277 
5293 
5315 
5316 
5318 
5337 
5354 
5372 
5393 
5404 
5415 
5416 
5444 
5462 
5469 
5476 
5478 
5496 
5554 
5568 
5585 
5636 
5669 
5702 
5710 
5723 
5737 
5750 
5750 
5757 
5835 
5842 
5858 
5860 
5870 
5874 
5899 
5902 
5918 
5938 
5974 
5976 
5988 
5993 
5996 
6010 
6023 
6052 
6098 
6111 
6111 
6118 
6121 
6138 
6147 
6160 
6176 
6181 
6187 
6200 
6214 
6224 
6246 
6248 
6249 
6263 
6271 
6285 
6286 
6297 
6308 
6312 
6368 
6370 
6370 
6373 
6407 
6415 
6429 
6454 
6455 
6458 
6464 
6502 
6516 
6517 
6525 
6532 
6542 
6551 
6564 
6572 
6589 
6592 
6626 
6640 
6719 
6720 
6723 
6757 
6759 
6806 
6816 
6818 
6826 
6851 
6878 
6910 
6920 
6941 
6945 
6953 
6957 
6960 
6963 
7000 
7024 
7060 
7069 
7071 
7079 
7087 
7088 
7119 
7120 
7129 
7143 
7146 
7151 
7175 
7201 
7205 
7209 
7215 
7224 
7249 
7296 
7306 
7312 
7367 
7372 
7391 
7420 
7421 
7432 
7439 
7458 
7501 
7535 
7588 
7599 
7624 
7633 
7636 
7662 
7717 
7778 
7781 
7789 
7793 
7837 
7859 
7909 
7942 
7945 
7947 
7992 
8043 
8048 
8144 
8167 
8181 
8191 
8191 
8195 
8222 
8239 
8261 
8268 
8308 
8323 
8329 
8345 
8469 
8502 
8534 
8549 
8551 
8555 
8568 
8581 
8642 
8643 
8651 
8653 
8664 
8677 
8678 
8697 
8713 
8771 
8790 
8794 
8801 
8804 
8807 
8830 
8848 
8851 
8852 
8854 
8868 
8874 
8879 
8884 
8902 
8936 
8937 
8947 
8951 
8963 
8987 
8989 
8992 
9004 
9006 
9018 
9061 
9073 
9077 
9080 
9088 
9113 
9123 
9171 
9176 
9180 
9181 
9195 
9196 
9217 
9218 
9225 
9235 
9260 
9274 
9339 
9380 
9391 
9394 
9395 
9457 
9465 
9549 
9552 
9576 
9630 
9661 
9687 
9692 
9712 
9718 
9750 
9762 
9770 
9779 
9804 
9823 
9828 
9839 
9840 
9851 
9866 
9884 
9919 
9920 
9959 
