132
9984 
9931 
9823 
9728 
9686 
9619 
9394 
9222 
8989 
8892 
8660 
8658 
8596 
8574 
8393 
8383 
8363 
8267 
8265 
8184 
8055 
7999 
7977 
7959 
7932 
7897 
7700 
7516 
7482 
7451 
7430 
7419 
7391 
7238 
7205 
7142 
7101 
7082 
7082 
7037 
6979 
6943 
6913 
6812 
6782 
6731 
6710 
6625 
6621 
6520 
6398 
6342 
6223 
6088 
6043 
6034 
5901 
5879 
5877 
5776 
5712 
5619 
5531 
5424 
5340 
5310 
5255 
5239 
5169 
5158 
4969 
4954 
4943 
4847 
4718 
4610 
4585 
4573 
4560 
4458 
4311 
4238 
4017 
3887 
3872 
3870 
3751 
3682 
3645 
3618 
3437 
3216 
3216 
3193 
3075 
2796 
2780 
2753 
2713 
2626 
2626 
2595 
2578 
2449 
2442 
2410 
2358 
2312 
2263 
2235 
2209 
2133 
2028 
1827 
1612 
1409 
1370 
1278 
1216 
971 
871 
790 
632 
585 
542 
481 
158 
130 
101 
37 
16 
9 
