288
12 
36 
42 
56 
62 
82 
140 
177 
231 
253 
303 
336 
339 
345 
385 
389 
411 
414 
438 
477 
494 
526 
566 
628 
658 
783 
923 
942 
971 
998 
1053 
1087 
1136 
1152 
1183 
1193 
1227 
1384 
1397 
1433 
1459 
1500 
1504 
1557 
1586 
1586 
1609 
1653 
1675 
1730 
1757 
1787 
1817 
1859 
1859 
1884 
1902 
1910 
1945 
1972 
1991 
2001 
2013 
2106 
2113 
2122 
2124 
2217 
2233 
2235 
2307 
2312 
2347 
2386 
2392 
2395 
2447 
2468 
2547 
2589 
2611 
2662 
2801 
2821 
2854 
2874 
2925 
2933 
2934 
2947 
3019 
3028 
3048 
3052 
3102 
3164 
3244 
3366 
3412 
3427 
3467 
3486 
3523 
3578 
3642 
3659 
3717 
3753 
3824 
3837 
3868 
3874 
3883 
3913 
3954 
3971 
3973 
4040 
4057 
4077 
4210 
4269 
4372 
4399 
4629 
4669 
4707 
4729 
4741 
4746 
4794 
4810 
4862 
4889 
4919 
4938 
4982 
5018 
5035 
5134 
5135 
5195 
5205 
5246 
5256 
5320 
5347 
5412 
5460 
5476 
5486 
5511 
5552 
5641 
5651 
5798 
5809 
5823 
5873 
5886 
5934 
5959 
5963 
5969 
5974 
5989 
6074 
6112 
6130 
6146 
6157 
6244 
6263 
6280 
6319 
6419 
6453 
6521 
6529 
6544 
6626 
6642 
6645 
6662 
6689 
6725 
6731 
6859 
6869 
6895 
6906 
6913 
6930 
6933 
6937 
6972 
6975 
6985 
7051 
7078 
7089 
7169 
7180 
7205 
7288 
7322 
7327 
7339 
7378 
7393 
7432 
7496 
7526 
7587 
7644 
7645 
7693 
7706 
7724 
7742 
7752 
7774 
7864 
7865 
7880 
7884 
7953 
7971 
7989 
8049 
8052 
8076 
8145 
8169 
8170 
8195 
8199 
8231 
8290 
8342 
8357 
8363 
8364 
8394 
8430 
8458 
8471 
8474 
8538 
8544 
8547 
8566 
8573 
8625 
8648 
8695 
8706 
8799 
8953 
8957 
8993 
8995 
9022 
9056 
9058 
9074 
9144 
9162 
9295 
9436 
9445 
9455 
9548 
9566 
9615 
9641 
9656 
9683 
9761 
9794 
9816 
9825 
9850 
9862 
9881 
9968 
9975 
9996 
