100 100 100
7917 7406 2941 9525 9451 8399 5436 4849 2222 7657 679 4336 7711 2968 4707 8805 8061 9383 923 4627 5054 5696 3815 3577 8845 9550 3681 2445 5781 6488 2159 8308 5792 7993 5074 6063 5570 2016 7796 7572 7262 8138 7824 3352 6050 6551 6211 3357 5477 8581 699 9441 575 1814 7140 3919 4483 4890 1434 7346 1643 4406 9312 5694 4596 1276 9824 8115 2348 4787 3004 3052 6966 983 477 5349 5916 8125 9394 1616 2852 5651 7000 4489 3402 7370 9331 5572 7149 2049 243 168 9537 2333 453 1971 1770 4019 7284 447 
6478 9930 5455 2868 4114 5941 3462 9171 573 7566 5280 978 2103 9910 5404 8869 9031 2981 7169 6959 5145 3421 3855 4142 9482 4095 8901 2130 3170 1805 7601 5350 1807 9185 9028 5669 783 6154 8337 5158 6482 8193 8870 6156 5936 5267 6412 9507 796 7930 206 6972 6184 2704 257 9682 1151 5647 7748 6233 2929 5244 4524 6248 8555 1303 3193 7483 880 4436 8654 1815 7283 2149 5136 6596 7688 1002 7021 1139 9988 7854 1586 1683 5293 6844 3445 7380 4728 6912 1070 3005 2105 7156 173 9547 2680 3928 7782 1839 
4422 6665 9251 1051 8415 5508 136 9340 1034 7264 9102 2872 6341 2218 5586 3899 1012 2516 5441 1607 1396 2871 4313 4887 9109 146 520 8791 7617 3575 5843 9456 6964 6794 2634 3666 6674 2172 8387 6421 2944 5323 2034 7286 9969 4898 554 8795 1225 4453 9546 8725 1629 7718 6490 1590 8134 3663 3233 1625 1891 3191 442 1392 4408 6117 4824 4348 973 5886 569 1983 768 1271 4483 2339 9142 3457 1684 498 792 4608 612 6634 1229 3157 7591 3906 7058 3148 5958 9953 5542 6067 7214 7958 9220 5530 1521 1695 
9668 7433 6098 636 7908 3188 3360 9174 1850 9223 6864 2796 5603 3789 5127 3683 6894 6536 6293 1649 1140 7309 8988 501 9217 4654 191 8506 4905 4105 9942 9257 5220 7066 826 6089 1797 9067 1981 4964 4173 7896 5212 5221 8125 7622 8987 8179 8987 3059 4976 4844 4767 6955 6746 3423 2559 1335 4659 4063 5682 7342 5879 5557 6984 6792 6587 799 9493 4025 3219 1545 7599 9986 3467 4152 6895 4746 9720 2458 661 7732 5499 4571 1350 6608 5825 2028 9643 6564 4616 7581 1194 2022 7245 8588 6386 5247 5730 1656 
668 995 7318 7017 2952 371 672 9079 8235 6691 9795 7861 9342 8674 3998 6970 765 2242 5500 2533 5889 3157 8230 8588 7821 7194 9583 5022 3695 5934 994 5612 1453 886 5383 7825 6568 3687 3076 6170 3448 2832 1266 3279 4690 4631 3392 3633 7985 4748 2355 1916 6995 2873 4839 6401 3260 6303 94 2911 6230 1334 8519 2235 4643 7195 6033 6074 4078 513 4297 8970 5990 380 9636 6806 8285 6965 6618 4335 5068 2047 1341 4994 1072 4991 1286 6992 5717 8498 1311 4490 9736 1288 1977 5221 7194 323 2518 6477 
9582 3154 4900 4527 2048 6563 9914 1948 4958 2707 5858 2132 1636 2701 5850 6747 2663 6348 6258 5288 2771 9350 8979 7126 7131 1203 6841 8746 455 3484 1892 9959 1123 6831 7336 965 9424 1937 6880 5431 616 5891 3023 5895 8245 156 2866 8697 8746 5344 7455 1521 1641 1956 429 6275 6934 2162 7108 4755 3275 3227 1632 3297 235 3182 1420 8376 2350 7813 8237 1066 7305 3726 9832 9176 9500 8383 1636 1122 2077 4309 6543 7072 1646 1220 737 4939 6171 6739 9916 3747 2516 1357 4772 9745 7958 2856 1626 8782 
7115 9762 5136 5067 4841 8006 8728 9699 9506 6678 114 8473 618 6515 6456 6018 9647 9158 4696 9500 5566 9912 1758 926 2697 7390 2799 3550 6347 2517 8742 2676 2501 3728 5312 2945 6830 3379 1936 7972 7352 1562 6239 2416 7776 4742 5342 8892 5972 9051 7002 3292 3990 4935 2707 8567 2809 2445 218 19 8355 6850 1904 4332 2606 9773 9374 1858 5914 1687 238 2180 1645 2216 526 7220 6244 6530 802 7305 5176 180 2510 5890 3462 5862 2750 5978 8473 8684 4979 379 9033 4598 5415 2417 2419 3773 4163 7789 
4686 3980 4387 7936 1339 8194 7915 4750 8196 2568 2991 8575 5650 7854 1323 9814 6025 2763 7486 1639 8531 7806 4828 602 1611 8426 8706 7175 8366 3898 115 9004 6694 1558 5251 2676 3743 6070 6654 5317 8872 7553 6252 9810 5964 200 9214 5312 869 1478 1892 52 4099 7582 5964 3849 5851 7790 4306 5062 2143 7579 6047 3996 9404 8338 2157 2974 8963 2118 1709 5598 2930 141 2828 4626 5058 5996 7832 5180 7961 7490 6146 2260 3858 5969 8203 1974 4415 982 3383 1353 792 2988 9814 8835 4183 1085 2046 8806 
7555 3507 9246 5582 9742 2570 8034 5710 8337 3529 4055 6197 3580 5362 8772 7696 6753 5040 4660 4765 7585 1437 1460 4750 6139 7626 2024 8646 7266 5615 6436 6213 5612 4456 1494 2313 9131 5195 8827 88 2809 6245 5702 4864 6657 3080 4751 3820 7516 8433 1717 1526 275 9907 8934 5079 1708 2823 6589 5429 1452 673 8206 2385 7404 2260 6275 236 527 7308 2682 5489 5510 3066 1927 3455 9466 1026 806 3575 8991 6004 6215 8672 5515 2282 6004 6948 2733 5232 2679 7885 6873 7638 8461 666 391 9253 7049 3556 
6279 2418 992 3026 2340 7106 383 6861 6770 4738 9438 4036 754 4807 3705 6699 5747 5289 3949 8423 2798 2734 3067 8799 6455 7691 8600 8406 695 7808 7310 2505 224 5847 9387 3727 6712 476 4221 7107 7328 3240 9630 4374 5014 4646 8189 8826 3835 1924 604 5598 4722 114 8556 931 7595 2432 7032 4724 5555 1586 9459 9368 6180 7146 6208 4696 9268 5641 7198 7267 5863 185 9037 3926 7782 8916 5189 4492 5467 8011 2332 7292 5612 6364 3196 2822 5924 5889 9195 5815 3239 6833 3542 9500 9739 3284 6505 1737 
9714 3032 9094 1751 1972 685 4560 2482 2338 9638 7089 2289 9323 3061 7726 1735 2667 4553 8708 4505 6553 4006 7213 6542 4546 249 6358 8581 1679 2158 4164 4097 6335 165 9412 6137 6641 1160 2942 3947 3671 3286 359 2017 7724 7545 4027 3810 7277 6701 3574 460 2415 2080 34 543 9023 2561 5728 7221 684 3729 7797 4383 3674 7579 4902 815 1944 9357 5214 4624 6373 2894 9515 516 4236 6100 51 7176 3919 3661 9348 8724 9390 2745 9519 7659 4237 7536 3260 8377 6575 1682 3131 1670 7588 2862 6125 2757 
6804 9561 5762 6819 9750 2363 2280 6943 5687 2535 4964 6581 134 5916 7964 8849 8379 6641 2552 8792 2715 5536 2444 4517 7083 2271 3818 7055 6593 9102 5486 5484 9480 4468 5328 3124 573 1277 6630 3993 1574 6696 5144 6661 4404 1844 972 8745 7405 6892 9773 4384 1887 3678 9537 867 6581 2740 4193 102 4680 1723 6462 4233 5836 7401 7153 6081 3865 8053 3469 6255 3495 3870 505 5142 4596 9024 4830 1150 9507 4310 1730 5204 6613 4828 1515 6957 7224 7993 7843 2199 1360 3838 211 7944 1619 3681 5926 2597 
173 4365 9890 224 5460 8274 9217 8070 9290 379 6544 4584 4817 7707 7871 7851 585 2599 9203 5605 6918 3456 3128 641 5204 1444 506 733 9956 5820 584 3606 1834 6782 8851 3152 9168 9313 8857 7956 7177 1804 7574 7935 5231 5758 893 9741 3570 2485 5161 4966 1890 8624 7462 1032 1751 9593 3904 490 2387 5083 5119 1078 415 8075 9267 6 9078 7605 2843 6911 6940 3803 3830 3678 1413 5834 8863 9429 4539 1346 7262 8537 5214 432 2043 4359 5538 2873 4346 3184 8897 5823 8934 9644 1106 814 9560 5110 
5842 8744 8256 923 1918 1392 1307 4671 6941 2249 2925 9390 80 3544 7923 8272 304 2125 1158 595 6254 6882 7726 2106 9359 7045 5202 4217 1567 5048 674 3024 5734 985 4712 918 7490 5705 3435 2344 7504 3315 6033 7772 3280 5414 807 3051 5905 3192 4471 5838 6104 2060 2577 6786 4199 9992 4703 1840 5896 4557 7311 8473 2511 7874 2924 1854 5817 3183 6801 8232 1488 9925 7960 8741 5275 7705 8655 9982 4118 5768 673 8292 8556 2898 3280 1506 9967 3231 1949 1986 2714 5055 3742 892 7898 9486 230 5538 
3486 988 7094 6526 4896 392 3007 87 5673 814 6144 902 9997 38 5308 421 9196 402 1805 8939 1398 5872 2783 5696 6086 191 6018 3930 5964 2979 7812 3765 6104 8227 820 4905 8154 6655 4919 2397 1561 1224 5748 1558 298 5102 2391 7992 2723 5965 5548 8439 431 1899 7786 1541 8789 3736 2717 721 1290 7045 1243 7478 4800 5244 3709 4012 594 1466 1911 231 6284 2744 4993 1852 1436 2669 9495 9329 7657 3898 630 3875 4124 806 4859 7363 8824 6617 9046 8798 1637 4376 1359 2950 3619 3198 741 6257 
207 4934 357 8170 8958 4988 9842 6531 9057 462 8792 7633 4266 6528 1141 2797 5777 811 4439 3815 7961 8283 373 4088 1649 2609 1714 2842 8846 6138 6411 8883 1196 8868 1572 8646 2591 4029 6709 8305 4827 8916 2748 5818 365 9044 6977 5226 4635 8166 5632 4961 1942 3227 938 9827 9828 9144 9775 601 7328 5716 6486 324 3415 7038 4736 8572 6145 2378 6083 2877 7723 9313 3818 7492 6542 9002 7158 5718 9457 8345 8909 7967 677 2790 9027 2819 3220 7947 9287 2126 9938 8301 9744 8255 8493 146 9137 6328 
6002 8043 4155 1716 6457 8349 2401 4478 8632 1916 4316 8746 1414 4743 7043 4783 7364 8704 3344 4220 3774 3186 1778 2992 588 1265 9593 2407 5588 953 125 7638 1449 5856 2001 9531 9897 9370 7653 5252 51 5904 7246 9 4693 7475 4851 1309 7872 2081 3230 2046 534 2463 7187 5735 2552 1150 3113 2447 5151 73 7506 5024 9807 6518 9987 679 7724 8966 9745 1005 7504 3209 3267 1499 6716 1554 17 928 511 594 7835 8750 1385 3469 7895 175 5105 3772 6988 7790 494 9288 7292 8222 1941 9824 4864 6351 
4105 7718 7893 2554 2976 9692 2261 2515 1460 5315 8255 1805 9397 4876 7086 4979 1313 6514 9771 2151 4780 9070 7178 916 1929 7875 1597 2079 8514 6588 5699 3107 3549 3555 1671 3822 8080 4135 622 2672 4713 7748 6531 8034 2397 394 7946 7522 1718 9766 7337 6619 5369 5962 928 4195 1034 2642 6919 9498 9227 8346 1625 4338 7907 8081 2774 3132 1904 9208 3967 4375 9605 2966 6854 9057 7491 5818 1764 7303 4373 4249 1479 9509 2624 9752 7559 4698 7467 425 7608 7753 4664 9266 3514 1996 2097 234 1629 4473 
4227 7802 3626 8147 2352 1609 2477 3726 3707 2734 6898 4251 6954 654 2040 1135 101 7621 7796 9811 5398 1998 9275 4100 9741 9162 8640 7913 926 5598 4237 9739 217 8431 8206 1156 2563 1973 1934 9097 6090 6642 7574 4554 8657 7493 4057 8693 832 6269 7766 2425 8638 2623 3942 4755 9193 9894 6321 52 3738 5571 8503 4344 9218 4702 4450 8006 1207 3936 5831 1977 4015 2682 1190 619 8182 3866 2733 8692 5452 6975 4340 6267 5663 5129 401 116 6158 3164 8083 3066 4388 6653 2471 2472 6008 4269 8958 4042 
5570 5507 755 3907 6230 5268 3456 9924 7641 321 9523 184 3366 1752 6933 4202 4478 9312 2561 6597 7351 1481 3602 311 7317 4161 1088 7179 4254 3967 5879 3749 3616 3483 7874 5734 54 2488 5728 5859 7555 160 4284 5647 6021 4159 4845 7013 620 6599 8183 2814 7038 4628 563 2333 5452 8680 5822 1480 552 586 2126 95 9422 8099 6462 8154 5673 8588 5909 1873 924 9014 779 3462 681 6380 2234 9622 656 5093 1708 2939 6708 6746 8009 45 1925 7085 2971 759 3001 9069 7818 5697 3182 6758 5021 2778 
6654 4669 9210 7930 1337 95 1154 1039 9504 5556 8587 7365 5492 5930 5065 8552 315 5858 3232 1258 5169 3039 7533 6950 9165 3821 7339 3801 7015 9152 2694 2047 7322 8182 7457 2651 8464 4804 9699 2479 2771 3130 7652 6314 9033 60 2402 4042 1521 2841 8869 1077 4203 7001 5799 3700 9267 7646 2394 4135 9727 7817 2320 3809 2131 4646 3277 8573 3181 5794 5748 9057 7540 8782 6815 8073 6668 1782 779 6996 2191 9869 2514 8116 9524 8534 3496 8211 7165 5013 4761 7465 1394 3534 8776 6821 8532 5741 5838 2799 
5732 2394 7401 4125 7980 4277 1020 2183 605 9368 4618 8208 2008 6167 8251 5452 2231 6876 7050 1143 7340 2560 2201 7655 7535 9859 7493 9475 3946 4028 7845 8609 3186 7812 292 7169 2439 38 8941 1025 3126 8129 5289 1475 3806 9631 4042 4451 7965 5595 3907 4858 3576 5155 6834 7076 1657 3701 8172 5672 7413 3885 3686 4565 7253 6708 831 2457 9587 4145 231 9096 1810 103 9688 7723 1604 6566 9679 979 3564 6533 8566 5540 5870 4820 6743 7941 3685 2028 1770 3275 6588 8114 9694 4375 1758 6359 146 9559 
7910 2761 3687 7198 8697 4638 2856 7579 411 5724 1736 1753 1511 3392 7448 2202 170 7683 3885 8678 7803 6128 7938 6412 8268 7392 9264 6288 4004 8030 5989 6841 4855 1283 9784 40 7015 5218 6547 4670 4740 5092 5885 5069 7394 1927 4138 8702 7017 5893 7821 9947 9923 8678 2026 9546 4116 3484 4297 7251 2345 7108 7687 7304 5362 2794 5056 155 6118 5341 3186 6678 1197 8280 1898 7825 2824 1983 6556 4907 5873 5027 2908 8712 1358 6413 5286 8341 7977 2191 220 1001 2718 2896 7185 885 1654 4554 6412 3167 
8168 4316 6752 7918 7840 1595 8819 7565 8700 5649 2974 5053 4992 5330 7586 8186 4187 1157 6554 674 6575 4848 1414 7001 5041 9542 5912 2510 1496 1632 4475 1612 7415 698 1245 9129 3232 7172 3658 8293 2495 740 1920 1727 3917 7969 5636 7055 9199 7197 1792 3808 8941 706 4492 3309 2542 4394 1682 6219 8564 2237 9224 1976 9539 54 186 504 2212 4962 3300 2889 1078 6250 5804 6639 8481 5249 9692 493 9405 9998 8438 2848 410 2018 8847 3914 8514 6195 8876 7156 2847 5393 951 7342 4988 3441 8377 502 
5585 5955 5206 3063 3942 2567 5217 4848 8949 2674 1714 8025 9744 3485 8523 1701 7774 5398 1077 2185 5233 4527 7779 1277 1740 7702 3277 8265 2462 1730 2595 4236 1232 8729 850 3901 5740 8994 9382 4383 9224 6676 2320 9374 4886 1362 8791 5999 4686 9150 1395 4822 2440 6348 6144 5250 7505 7360 9461 5837 3580 8326 4630 4160 7116 5702 9545 5658 6041 6786 5462 9231 3779 9462 7207 547 8539 481 9192 948 7022 8888 3123 5165 5897 7417 3289 1920 627 2772 9540 240 6271 9198 9861 3833 2536 5318 511 9427 
9867 5151 4204 9295 2198 7635 6492 4429 5939 112 1800 1814 5654 8874 2012 3812 5038 4236 6113 590 2974 2305 957 9575 6217 3546 3989 487 1456 9507 8167 9506 9099 6206 3879 1392 4495 597 7322 750 2993 9784 7462 8192 1640 3635 8244 4859 2510 6235 868 6054 6616 3766 476 2731 2306 1585 3803 6109 5387 3318 5119 5582 7968 7465 7811 7118 2029 4191 5271 2284 7427 779 9184 1972 1647 8675 3063 4831 3817 1738 3141 6369 7906 7602 6643 3386 6430 7533 9288 5587 9744 5131 1941 8233 5178 3007 2001 6880 
2256 1861 1241 8182 9237 6713 2705 1109 515 6564 2764 207 5925 7126 3990 6332 7699 9324 2752 3079 4996 817 2403 3187 8301 9162 3739 6969 5967 8490 1682 6647 6154 5193 287 821 7597 5739 6235 1875 6548 5341 1566 5914 9738 8230 7393 4924 9980 2359 207 5650 277 9343 3855 7516 679 8382 906 6780 5842 4182 671 2989 9275 9654 1761 1970 4692 7977 1026 3943 3270 7682 1008 484 4968 1050 2347 4521 7120 372 2377 1390 9753 3695 7102 3624 6215 4016 8202 8894 907 6749 8245 9264 8064 3986 4709 7592 
5438 4618 8088 2465 9968 7337 2642 9478 9853 6845 7236 8681 3744 9095 1687 6179 8994 5303 3906 2990 7453 7408 4539 460 1121 2507 7868 7262 5601 3555 8483 6652 5318 9054 3023 1552 1603 1439 7884 5938 7137 6631 198 639 2606 4992 7607 9309 2369 7041 412 9041 1307 8639 2212 9547 9109 6408 6102 836 5349 547 2485 233 1832 4230 4301 4942 1914 8592 952 355 5720 9927 9724 5316 1101 1755 3194 9092 3001 5496 9669 4698 2754 5400 7050 8953 8982 9516 654 9199 9948 5150 8145 7847 5680 5761 4122 8532 
5836 1366 2606 2692 2735 7173 3558 6193 4556 2864 3242 9635 6003 3054 7570 3573 9037 7621 2638 3971 3463 1181 1627 2082 275 3992 1311 1745 863 3540 3930 6051 7641 6142 7674 5654 5708 3877 7973 8096 3872 912 4745 5262 9659 9642 8239 8264 1100 2697 1442 2184 9391 408 4873 6012 3597 9254 7665 8922 7444 3275 3700 9316 7077 597 5714 771 3645 3272 2044 1478 1059 2914 4293 6683 886 6855 8583 588 9559 5425 1090 9305 8746 3933 5043 9241 707 8492 7887 5811 5622 8438 3122 5817 6589 157 8525 7065 
3677 119 6441 3072 4378 1695 7237 3988 5648 9869 4416 9765 9479 1545 5761 4045 7157 3951 1371 6094 6798 1104 1929 9735 5458 3953 9053 1773 1272 2325 3654 3152 1599 7867 3279 2143 9491 4501 9374 7550 37 4203 9633 3910 1406 8937 8992 5590 6015 9775 61 5493 4073 990 482 5724 7956 3281 2978 4376 6127 9435 7481 8641 3229 6069 1327 2788 832 2534 8971 5536 5179 8709 3447 6976 9909 1035 5941 1188 763 8166 8237 1413 1164 1145 3644 3177 5850 6375 4112 8247 8502 3724 4995 6746 5826 4297 4517 5582 
3384 6798 5531 1989 4235 6595 3303 7901 4297 359 5868 5229 2942 9351 5847 4072 6313 5130 8377 518 1929 5004 9908 650 4262 4962 2080 2514 2723 4916 5891 1517 8816 5699 2096 7879 732 9453 4950 3317 497 9384 7701 3723 5733 1337 4176 4602 4928 6785 7693 8109 169 2516 8997 9827 4408 258 2504 2594 5374 8903 5019 1901 1343 7642 7022 9700 7760 1160 5643 9546 7978 3499 3847 7727 4247 8567 1276 2427 7401 647 3436 3348 8645 5994 914 8455 1226 4903 8610 2020 6877 4433 4718 6908 3824 4799 5266 3472 
4225 1821 8063 5797 3730 9431 4695 9571 2027 9032 3126 2252 8615 7497 2003 7636 5467 1254 9900 6809 4616 768 7235 4628 6135 649 8691 8869 9723 5308 1329 7357 582 8917 8164 8747 6379 817 4915 1755 9808 4271 2275 7412 824 1980 19 7514 3955 946 3802 1912 9762 7296 7850 9547 7043 6799 6195 5014 8203 9846 7637 5403 9379 7316 3120 2198 8176 5940 316 5095 7996 6002 5267 7533 682 31 714 6336 4716 425 6548 3314 58 7489 7484 2770 5069 2026 3020 4857 7365 3966 7494 381 9853 5478 1483 3551 
265 2601 107 7813 1070 5948 5130 8713 5381 3573 8417 5289 1183 182 4311 5672 9731 6515 6578 933 8054 5566 3712 3893 4174 8005 9740 9845 8272 8804 5099 9166 6317 9696 9804 4168 3204 2846 1585 2177 9121 5559 3346 6068 5377 1906 9561 2907 7150 5786 2823 9500 1552 467 6240 8268 5201 8916 9900 79 5218 5238 9334 4060 8442 5277 8782 7685 6294 6525 3844 5144 5549 1029 4621 2572 3807 4050 8958 5579 730 6082 7549 7399 1197 7632 992 2174 1329 4737 1020 18 8149 341 246 7279 7576 5895 5009 4813 
6726 3360 1951 2586 3993 1108 8436 9118 8183 4385 4690 1544 5685 4580 9881 1963 7332 8837 2294 7770 8327 1202 1189 6102 5762 1865 4199 8750 9175 6263 2658 6159 1708 2759 6267 6270 1352 2674 6612 1901 601 5965 6897 8410 2058 9103 4366 3466 8377 8207 7843 9149 211 6244 7688 8169 563 6190 4419 1087 9620 6842 9300 8800 8469 1431 5739 8675 5887 999 5279 132 7460 173 4860 9742 7646 9746 6824 4061 6950 4524 680 177 3521 8870 943 159 5989 806 8698 4430 4723 375 6891 3329 8642 5522 459 7095 
8609 9606 57 5707 7350 4685 6287 9464 8632 7497 8490 2143 1701 1011 5498 6197 8334 7560 536 4286 8841 6662 6107 8364 8036 4176 2385 9673 6616 9489 9528 1734 6565 3031 5428 3112 2821 9159 2075 7203 8276 1389 5822 6772 7455 8829 1570 9777 5943 4014 4035 6204 2799 3058 777 2385 2565 772 8389 1584 8742 9845 7057 357 5545 6076 5415 4492 8914 4988 2160 8795 866 9479 4692 3357 1048 659 2516 3666 116 3906 4157 3682 2874 2657 2245 4877 8461 2994 2316 1749 1343 8694 5122 7193 1699 5223 2491 3598 
5337 4914 9510 6026 2774 7495 5323 4536 8353 6940 9503 7262 5370 5950 790 2557 2104 7875 1187 7965 9190 2500 5589 6835 4997 8143 1033 1221 7002 3806 6175 9908 4208 1425 6676 8557 1821 8550 353 9412 9573 7626 9969 1052 3054 8815 1591 8961 7530 1367 2863 4275 7558 6867 5643 7942 5995 1401 8915 845 3584 4646 3086 8459 2640 5101 4663 3129 9615 4600 6412 7034 9231 8303 6612 6360 5657 559 2722 3013 8089 1833 9935 909 6692 2889 6883 6297 9850 3853 1724 6143 1685 7138 700 707 8208 9174 9972 8666 
4430 7420 4113 2357 5122 8656 280 8131 1614 8441 5568 2390 1104 7938 3623 9497 743 521 8925 3852 5301 8307 5734 9514 9955 1906 9010 2772 2492 1613 3108 1 216 676 6114 6180 539 9025 9191 2812 2097 5483 3827 9504 5614 4756 1031 8735 8165 1786 9894 7045 2395 2336 8722 3034 5830 573 5618 6324 9731 480 2031 7544 571 4686 3801 3831 5235 6999 8830 691 9679 2834 1486 1589 5847 3007 4359 2935 6407 9199 1697 7302 2172 5205 6814 9261 4880 5255 6927 1014 3172 1894 4571 2557 3440 9979 4323 9787 
7260 1554 5428 7271 5587 4501 1029 7740 4725 3914 6000 2018 8747 4334 9514 9198 5875 6827 2805 7206 6047 5881 2152 7809 4204 859 9032 8211 3008 4122 4185 500 6867 1985 2809 8745 8211 9039 4902 9932 8257 1915 5206 4377 1902 4808 5480 3214 9163 7329 5214 7544 2054 6877 3908 6871 9887 9654 3287 7950 4241 881 5821 836 3627 5292 5583 3179 4470 1578 4785 4837 3594 1974 9556 775 7973 5364 376 3827 9289 3346 6498 3630 521 7045 1604 3352 4433 5605 9086 6974 8870 5260 5209 6182 3860 2001 5159 1149 
8682 9001 6392 6679 4085 3530 5367 5000 757 1309 7877 2249 9656 9864 4603 5261 2809 219 112 5659 4414 2136 9103 8485 8612 5545 1333 9941 8619 6772 5202 1130 3678 3810 8710 2709 775 1742 6799 3098 9772 8274 7889 5457 7515 7559 2877 3046 743 9000 7822 925 2935 1229 8782 696 1631 7104 2704 6953 9207 2837 3143 4421 3612 3721 2609 8033 845 4610 293 2514 4283 1135 6720 9471 8760 2393 3132 1691 9841 1265 8703 6347 8924 6767 5953 7300 1111 8690 3719 4049 6861 227 5901 8545 45 1523 8633 9176 
8166 9764 3083 5220 8802 4015 5089 4057 476 2823 4153 2180 6240 3455 9352 3330 3876 3865 4413 255 336 9371 1517 7990 5495 2216 3367 9617 883 5590 715 9518 8285 9838 1244 726 4029 9684 7003 8062 5155 7121 9889 8954 1259 4943 4876 9689 3569 499 9794 5015 88 3990 1504 9802 7904 3704 4813 8551 7882 4452 5541 6103 2326 465 2020 6175 740 4431 9166 1621 534 8634 5036 8215 8371 5134 9593 1491 2313 8512 2729 324 6884 1658 9614 1123 4787 9747 5208 3368 4493 7086 286 6765 83 2750 3848 7880 
6845 684 7701 8079 5351 6164 4313 1987 2329 3166 7324 8597 7247 1085 9823 2766 8313 3172 2434 7286 2211 7796 2292 5574 8622 3011 6644 4224 25 9961 9274 2746 5255 9473 282 5371 7540 8253 5019 1225 8912 555 9543 3107 9853 6743 5965 166 4602 7455 2362 3161 2798 3263 3287 8523 7276 7700 8620 2724 3946 2437 4296 3093 226 1877 4781 1703 7613 6166 3609 4216 7133 2793 3908 9955 6843 8846 136 9146 7916 1801 7523 3886 3051 5541 633 7223 3948 5259 2739 3293 5989 1336 561 4885 9597 7139 6152 3495 
8494 1430 6563 1561 6476 4117 923 5352 9954 5729 9581 4901 9423 2409 5373 8386 4753 8564 5961 8676 477 6980 4100 8235 9261 3523 354 996 664 5874 8657 1227 4179 6914 3895 8334 575 40 6283 8127 9477 8586 7021 5877 585 7105 3190 7399 6382 422 4862 2023 322 3105 3133 3203 1172 6509 7017 8987 9147 3669 4769 9113 2316 4376 7196 5922 8530 2035 455 4609 1977 7148 4049 1535 3688 228 7268 7765 8800 3125 4549 9506 8914 3655 2417 8984 583 1783 7199 1151 8930 6617 6617 1110 9301 1833 8980 6218 
7512 5927 1570 198 8486 4669 1932 2497 2607 4976 6340 7349 3368 1308 9055 855 9377 9094 6797 946 5664 4331 8079 548 9244 4542 2891 9198 2859 4489 5212 9662 166 7996 3324 4044 1803 3611 5502 8562 8413 9778 1540 3804 485 8105 3645 219 4705 8374 3137 5235 8093 9042 4202 6080 9071 7040 3437 8018 3511 8097 7395 4587 9860 7613 1423 3574 7639 76 9322 6674 9182 1965 5289 24 7639 7121 7767 7486 3345 8652 5347 6764 341 5672 9019 3730 9467 4135 5244 6431 1564 5444 7974 9564 1529 8939 7231 9752 
7555 531 6049 6352 2955 8932 7815 9947 2601 3434 8251 3102 3543 3694 3274 5088 1450 9909 5834 3308 7761 6723 1549 4135 4460 1743 9881 1100 7621 9677 3554 8586 5767 6196 6477 8309 8172 4244 843 7657 1504 7936 8733 4165 6561 2505 1209 7672 8625 739 9816 4698 2626 1623 2954 9321 4201 3107 3340 2584 9995 430 9473 1922 1903 2930 1009 6902 9833 6474 8033 6260 8071 7674 8772 9736 4937 738 8091 8777 3909 7055 5838 1134 3994 5747 6486 7109 3873 2096 8580 3478 1769 7655 7512 9530 2692 680 7455 8954 
7600 6062 1326 9679 6942 6593 7609 4880 6490 3727 7950 9895 173 1986 2248 9319 5531 8554 349 5102 4638 5619 1591 2771 699 9646 5160 9704 6530 6422 8152 2423 3964 5562 6092 3869 2595 1132 2371 4131 2151 424 8938 5423 2917 6974 48 1562 8163 5389 9121 2150 8562 1624 5849 7824 1256 9673 7669 7690 3321 6140 3732 7842 8013 7864 6663 1832 9312 6085 1433 3152 4095 1519 7016 2621 5342 4901 3852 6284 6133 9814 2744 694 589 5376 9229 8767 9344 9287 4902 8117 1636 1373 3455 6563 6683 7619 3268 7052 
4389 3088 7646 1189 56 1637 3093 4463 2899 7733 9610 196 9693 2644 9099 5992 7794 327 8346 9329 7409 5505 8475 2889 1472 7335 8630 5670 964 8005 2006 5263 5163 3289 4526 2403 9065 1213 915 5153 6971 6278 5447 6755 9145 147 861 9745 800 8724 2051 2666 3859 9977 1758 3323 6783 4571 3729 717 6235 5472 8112 3727 2883 9334 5734 6918 93 5008 5892 1294 9096 8426 1039 3429 4216 3872 4186 1071 7098 7387 1292 7725 6516 785 1292 6623 2199 4046 8599 4725 4717 3019 1833 7969 6448 9750 634 9010 
5096 7794 1203 1181 4091 5462 5631 4119 9471 5538 4159 1661 8353 2036 7313 3984 4524 4242 5135 1830 4041 1250 9243 5479 4834 4389 2287 4076 3845 3774 6910 6652 5385 72 1461 4548 130 3852 5351 3462 4784 5548 1436 5397 68 7377 5620 2339 9343 5119 4184 2395 6173 6535 3377 1506 9815 9424 528 7439 806 7740 2358 5168 162 3716 3215 2805 8191 5748 1080 7371 7264 7787 3783 3944 9411 1682 1223 516 347 927 4215 9106 3340 3295 1103 4117 8869 6763 5506 3327 6625 5825 1701 8385 7311 4376 7314 1980 
146 676 8470 2249 4262 9932 8536 5880 9092 9574 1797 2297 6757 9975 7866 5045 3010 2941 55 565 8578 2566 1646 5619 6600 4343 1967 7956 2684 8999 3175 6204 6735 3699 5417 7585 9231 2745 5221 6186 3976 8277 1796 1044 9462 7758 4181 3705 4143 8944 5861 4450 1699 3824 9855 749 1243 8109 7867 607 607 6879 7508 2020 445 5397 3452 5161 3739 6286 2136 5455 1037 1149 6350 7009 3770 5034 7982 9852 3503 3555 3427 3659 9022 7961 1880 2781 8373 5199 1092 6305 5256 6023 4648 8610 4840 6991 3205 3112 
1516 8633 8057 7620 6201 9724 1375 2911 6833 4452 9570 3731 5734 9307 6630 5388 9400 6530 2171 1286 1425 5648 1367 2370 8386 5888 3383 5697 7319 9480 760 9601 1175 9911 9958 9753 1292 8402 5185 9294 4735 7576 8195 2223 5285 4170 9148 641 2788 1987 8325 4939 8441 6419 201 441 1692 2499 6872 8870 2837 9184 1511 2677 4130 6821 2604 8222 1950 6562 6680 1662 5296 8611 8283 1049 6519 8736 88 8307 749 3263 5816 9438 8612 7240 353 6138 95 7895 8371 613 8430 1421 7379 7019 517 3922 5662 2339 
6226 4014 1995 9596 7872 209 7983 3630 6518 1834 502 3292 4336 303 3643 9490 6138 4692 7857 421 7548 9636 4871 4759 3897 3608 4930 8161 6970 2813 8341 9082 4384 3086 9428 42 9255 9896 1271 6335 9713 8058 2000 4939 2754 9479 531 3590 5211 6901 3335 2506 1383 5356 710 2891 2063 1457 4268 5327 9172 6055 5364 5232 7844 2836 3936 5363 7647 7249 1004 24 1848 9933 8187 9054 2894 2965 7364 5914 9998 4423 8079 1468 5605 7029 6261 7511 9891 6823 3304 7139 8796 320 5435 1573 920 8513 190 2155 
4062 1875 4258 2165 881 2465 3149 9312 3611 882 8584 5129 9024 7524 2912 7554 7294 2630 7099 9194 7146 3995 4966 9697 1605 5903 321 7788 2300 6614 7868 9840 9681 597 5326 1863 5412 3463 1639 7542 9961 9240 6939 3657 1500 5214 2752 4111 8058 3479 2354 2539 6095 570 620 6662 2267 551 1174 4620 4068 2704 8894 4910 6851 5375 5904 5692 14 2233 3090 9453 1919 6407 9255 2676 945 7428 5117 5478 1535 581 434 624 3951 6204 5039 9008 3183 6735 8891 3768 684 3755 1860 5912 9367 1932 3991 1886 
8991 2489 5716 3781 776 9281 3239 1533 8942 4964 2362 1708 8585 5466 2530 6725 4986 363 1170 8775 4621 617 4879 8134 593 50 3956 6033 4825 4531 138 9970 454 2989 4560 1476 1363 7605 7902 9957 918 4798 5268 3820 6860 3989 929 329 9805 4724 9925 4795 9977 6636 8865 5081 2444 4732 4426 1808 7643 171 696 4947 6841 3521 4788 1623 5931 95 5563 574 7612 7996 4102 418 1065 3236 2521 3150 7239 5773 3315 6697 8574 6004 3475 3250 6176 686 9490 3027 1846 1154 7629 5167 8080 3450 8963 2294 
2779 8708 3958 5294 7315 6186 1481 1011 5326 7041 1581 3680 3724 2606 7537 1786 7785 6848 5151 2780 2644 2957 5940 4512 9805 2930 5953 3909 3537 1734 6890 7489 4841 1434 1980 103 6703 3777 2541 6748 9790 9054 5083 4937 3141 7339 4131 5688 8767 3181 4096 3195 3140 2052 980 2425 6724 9440 1600 4109 5168 2009 9196 6023 100 2 4377 6895 9156 9688 1609 276 6391 9711 6167 9828 3705 2969 638 157 3176 2268 9726 3112 6452 7706 9054 9081 8220 5442 9155 1570 4719 5435 6648 276 5200 2538 6319 8233 
7461 5750 2252 8100 1198 3294 8317 4604 9937 9156 4155 6799 1475 565 6244 1868 3089 3456 4325 304 9565 7237 8862 4404 4252 7587 8549 5219 283 7183 4112 3636 2129 9184 7414 1491 9900 1763 6486 8041 6991 4094 167 4769 2068 6693 6135 6179 7825 9088 4365 2088 4557 3953 6292 933 3575 4647 6858 7226 3450 3536 3436 839 3959 4354 9567 7744 5737 8427 247 1674 5777 8602 8857 839 2619 7988 3037 66 7918 1468 4703 9983 478 6901 2743 1151 8096 9046 5768 9389 3785 3680 9336 7844 3124 6450 5184 4972 
1009 6040 8831 1741 2669 6333 1809 5212 2812 15 226 7631 4349 9628 1391 3606 1833 3400 9987 36 7318 837 70 1515 1609 1432 3806 1587 7746 4170 8874 6662 9496 748 4969 3018 2975 3636 6341 8734 6612 3316 6137 4290 8210 6532 5489 3295 9007 5521 1266 8313 6725 620 7439 5075 9345 7839 6065 4276 5514 4355 6975 7587 6758 570 1626 8280 5897 2732 1033 8826 744 3968 9240 2636 3442 6673 2224 2280 8289 7215 7238 9844 8945 901 5114 9486 6843 5264 1020 370 7617 2901 9298 1505 2841 1271 440 8135 
2816 9504 9307 2116 9839 9722 4999 2020 3252 7496 4241 4015 9874 7285 8090 441 3452 827 3522 9465 7489 206 9042 8132 8974 9381 4111 5559 3326 6253 7670 8500 9715 5069 7724 748 3245 6053 5382 2705 334 7875 7677 6390 1050 8999 9126 6142 9476 7175 3395 1386 4806 531 1559 1146 522 939 8472 451 3789 3397 2618 1324 1123 9389 7772 4468 5354 9772 1906 603 7335 5939 6728 2588 6063 1636 1179 5046 1296 4177 8634 7121 6292 4238 4978 6109 2667 4908 5739 9625 2716 9977 76 2555 4983 1207 6023 9117 
9043 7225 1527 3281 5078 8897 8104 6400 6016 4968 2293 8437 2163 6312 5518 4514 4239 5337 1087 2750 5537 9466 1338 2654 7961 5862 1791 4501 1731 3373 7447 9958 834 4665 7278 8281 5808 8270 3336 1254 759 8672 6018 8439 4199 5723 2036 6163 5926 4089 4723 7769 3539 9912 6387 7276 4008 6104 3105 9495 9922 8165 6441 8202 669 6741 6999 8681 8642 7733 3903 107 8589 1010 2806 6541 5878 7539 7603 1722 8070 1936 2777 6348 9460 6563 5446 5777 9448 2853 3750 8555 6442 7614 6218 9397 7814 7853 6058 3906 
389 1068 4665 7619 5072 2606 9927 1375 8058 5454 8391 6162 7866 9592 5232 6137 29 291 9327 4805 2368 4148 2409 2989 9034 6638 7231 2168 2085 925 2283 6575 312 1207 5853 442 2117 8612 3390 8868 6925 3895 8927 4764 8923 7204 6135 4738 3388 722 6801 6949 9519 1661 1634 3739 6774 9249 2572 147 873 5840 7538 8568 7496 921 3001 2890 5221 8392 4430 5939 812 9789 8797 7547 7537 7794 7722 4513 6251 3767 365 626 9559 9318 4077 2912 4536 5518 4230 7982 4633 6279 8784 7317 7086 4136 5612 8329 
9295 1597 422 9400 8021 2277 5630 6532 3485 6675 3021 8287 9788 4946 2310 6795 9513 8857 8289 64 2382 2178 7849 6548 6587 4394 5981 9187 64 1391 7480 1258 8592 6305 7343 189 9725 7033 9803 5348 1064 1770 2544 9327 1884 4862 7249 103 2349 6912 7425 4182 1045 7792 7595 8117 5649 1299 2281 6961 7426 7491 2153 7173 2312 2303 4293 695 7760 2141 7530 6974 9124 1948 8609 155 9840 8854 1388 2035 6600 8761 364 8272 8581 8413 7760 7648 2140 9124 113 3453 46 4243 2486 6728 3528 4477 5374 6910 
1956 2394 3070 8469 8382 5719 1237 5908 6762 3038 8482 4622 3658 5742 1117 1202 4170 7857 7954 2539 3121 1554 8733 1164 8524 3101 3614 155 2394 6456 2776 5827 5941 2512 1847 5843 6639 5293 8593 3858 3274 3023 2951 8982 824 1694 311 8567 223 3399 3113 3403 5018 6832 7712 8343 499 5725 5024 1970 545 7240 3823 8754 9351 4499 121 870 7050 1219 1781 3910 863 1060 7684 1559 4585 7879 4737 5841 4992 7660 8016 9609 2466 8578 2964 7027 4532 1189 4142 5272 8231 4941 5464 9264 7185 3222 9951 1430 
8666 8242 4770 9735 2296 446 397 4391 5558 4516 3260 353 3227 8533 3231 1366 589 8171 1918 7561 2356 3664 4489 8772 1135 3892 7247 8836 8015 2908 3865 8126 2105 4354 9488 6984 4208 5587 2628 1006 9168 8165 7747 6853 3734 1862 8492 8609 7343 2716 1951 1485 1867 4721 7360 2759 306 5116 1395 8349 8025 8944 382 4915 9590 1052 6407 6631 4056 4600 6760 1821 9798 5420 8615 2378 530 6033 2494 152 1760 8338 2393 5822 714 4102 247 9852 6051 6672 8226 6592 8912 6349 6731 2853 5812 2622 4815 1667 
8676 6502 7908 6301 1449 7063 5004 1500 8332 8337 1119 6026 4686 9264 5958 8680 12 2143 8672 4783 1091 7642 7789 4973 2031 325 4046 3242 2047 9222 941 9873 5300 7186 726 5571 1697 5100 3029 50 1729 5365 4753 4636 8676 6988 7472 9655 4544 5712 360 6264 6947 6669 9421 114 3335 1650 9520 473 6919 1355 4131 2721 8331 443 1896 3255 9292 2960 3547 7378 7713 2130 4168 5508 6994 9111 8481 3444 9510 4291 9085 4011 6297 6227 549 5322 6034 2493 5676 5817 8430 6280 9892 8653 2159 1870 2692 4509 
8178 8842 1710 823 8216 8619 7673 2729 6574 5675 7852 5780 3903 5518 7917 9666 1987 2202 3503 6964 6783 471 8479 7141 3555 3999 5747 4223 8429 5760 7868 5841 8455 8728 1832 8889 8995 2352 262 3006 3102 796 4835 5098 610 1169 4304 9360 4063 4446 1137 5403 7383 701 9070 8181 8671 515 1673 931 6895 9605 5184 4979 581 6933 4873 6923 5805 6082 6651 6043 6440 5655 4848 1037 1136 6359 4479 6595 2875 825 4622 3511 8240 7597 7264 7587 760 3772 914 6936 7985 2012 882 6051 8985 2427 1191 172 
8176 4732 3051 9898 1232 2714 3412 8219 1663 1607 956 3747 5323 8895 4857 6390 4055 7651 5571 5946 6742 1311 7030 9681 4739 2559 6788 5422 800 7335 83 3765 5756 4997 2554 2991 3716 2642 468 3551 4302 4133 9735 3708 158 4295 4009 7030 5937 3401 7122 9229 9101 8835 8723 2821 7292 4176 2061 4916 9727 7287 4652 6622 2115 6666 3439 670 7493 5815 1135 8346 7155 1348 7734 930 9552 2074 6666 8961 5204 8732 1682 4690 1137 3714 3343 492 7289 4073 2080 4875 3540 6945 2204 8622 97 6768 11 5828 
5678 9585 7612 4303 7472 7063 8796 2716 8940 8219 4164 8926 7980 1532 8927 1154 1049 2628 4639 4020 2879 9060 341 1195 5232 1459 5073 8206 9535 4865 3626 551 7838 1091 220 9798 9139 9456 6754 5356 7222 6103 62 8862 1389 5628 9954 4476 4875 1364 4632 4214 370 4436 2170 4357 328 1641 3713 4380 953 4931 1425 4667 6694 8130 7074 9904 6617 226 4504 9058 1807 4086 9790 4796 4031 1179 7846 3057 2861 3395 4352 2537 2342 4280 4330 7986 4619 8149 5653 1802 8094 4631 5381 1886 830 2307 2995 5934 
5714 7624 3100 8448 9895 7854 5094 6128 8269 4056 1307 5281 9282 7693 713 1811 1595 7375 9428 2652 1830 1187 2291 483 2404 5118 118 1757 4101 2362 3868 8235 7100 9429 6013 1908 9525 3333 1144 7821 382 7815 1627 1496 3534 5610 992 8917 8099 6653 5467 1532 7498 8251 8717 2699 4907 4680 7720 5846 3822 7687 2203 699 8550 4082 4107 2132 2956 2986 8529 3096 3070 6321 6037 6864 7413 5676 2530 137 1014 7354 4805 5816 6815 6744 9245 3511 4772 6577 9194 1345 8906 3427 6414 6858 4217 7498 6248 7421 
3784 1428 7524 6238 9535 9183 685 8911 2296 2403 3324 5465 7705 6057 5573 8794 7657 4399 6287 1067 8606 1428 5665 4663 9989 9338 9782 2027 7339 4058 1084 2927 9918 2242 8190 5237 6490 5488 593 936 7825 8532 9867 7736 7708 1385 925 1712 8783 1032 8770 3861 35 5445 9619 4110 1842 5985 8760 8882 5319 9423 6729 6795 6274 713 7301 5417 5063 7173 4719 975 4529 478 2910 4871 9168 4460 5572 9447 2463 875 5694 4217 9106 3407 9970 3134 1744 2296 1520 3155 3354 8918 9500 9374 9596 5454 7303 3331 
4896 3969 8638 7761 6172 9491 6093 7733 9562 2537 3243 250 7473 4780 7449 6861 6425 6270 9050 7450 2965 9308 3741 4570 2328 8639 3703 4544 5834 8095 1470 517 4434 2109 4021 8529 5765 4735 730 4282 5100 6730 7910 8225 2052 4771 7674 2311 8926 2796 5676 5592 8991 8810 5 2457 5340 5275 6483 8713 6151 2432 7218 7194 1132 6954 8945 8915 2319 3632 9981 20 6819 9603 3433 7481 2934 7849 8808 8766 6496 8524 6535 985 3359 3099 8105 1079 988 8954 8811 9646 349 6974 8091 5320 1832 7244 1267 6680 
3964 8267 7197 3951 7950 1900 6712 2087 2442 18 3278 8985 1061 2738 3013 3381 6246 350 1209 8765 5637 1218 608 6615 3287 7201 8249 6974 2420 8737 8647 2446 9980 889 8921 2424 6621 6888 4561 298 4881 8276 465 7765 9519 7424 760 6632 9378 6629 3631 5020 2970 53 6288 1959 5170 4324 5758 4309 7812 7940 2047 3206 5342 3032 2705 9326 2719 8301 9561 5176 7825 2660 8766 3140 4518 8560 6300 6225 7501 7373 4757 3372 4484 7899 2376 7867 7635 4528 6307 3072 641 1391 6665 5891 6978 3961 3472 5684 
8907 3213 7498 6353 4550 3066 5614 3381 3864 8860 6777 2070 9306 6393 1515 6715 7475 3583 9594 374 1357 477 3068 8268 9568 4378 2607 6745 8787 9671 4998 2291 1822 6084 1897 6402 6473 240 8937 6615 9673 7318 8987 6547 8265 6337 4226 6150 7384 6549 1118 1249 5925 7085 369 6797 8126 7822 1796 5636 2258 6013 4320 7121 320 2165 5862 8831 2994 1936 574 5162 3445 372 5974 631 979 8111 1941 5997 27 5599 3351 4027 6716 8853 4418 6621 298 3459 2125 2227 363 6220 2925 51 1159 3910 453 1560 
6580 8408 9380 6019 9599 6942 6418 158 3401 7150 5368 2404 5756 2975 9604 3881 5349 2466 729 4448 2860 6049 8031 7188 8381 9792 4695 7455 7297 6415 4619 4839 3420 7494 6094 1700 8929 2613 9448 3547 4582 7995 4472 1687 9281 8931 6022 8894 5357 1699 4603 1405 7590 4112 3134 3401 3629 2455 6506 9576 2952 3907 2263 4972 6729 1392 7446 6098 7467 6587 242 4378 7026 5704 4815 5169 1160 7057 401 4476 6757 5174 1427 1454 2828 8485 7015 7234 5067 4126 607 3231 4437 10 9968 7387 3934 3 8678 9582 
4500 1319 1611 3508 6458 1407 6874 8141 5631 6770 1125 483 4275 3632 8654 7326 9159 6096 5340 323 4876 9676 8469 350 9199 387 3657 4488 9526 9417 8807 4629 8054 4099 1017 730 3353 9729 2543 6925 2403 8902 6305 4503 3793 6447 1718 2953 759 6728 3630 6810 4085 5125 3597 8862 5652 9467 2635 1865 4439 933 8886 4543 6006 6274 2426 5418 6727 2459 876 700 5393 5308 5104 6391 8142 8833 1730 5369 5520 2751 6657 9846 970 8879 5545 320 6227 9928 6056 7691 7371 3417 916 2956 6208 7129 2003 3759 
9027 3123 1329 6541 7217 7153 5783 1927 312 6733 4554 6746 8410 3173 8649 2276 1886 1213 3848 3131 6061 7146 1493 7432 9574 9838 446 5451 7764 5215 3823 8193 8912 3910 7677 4390 5925 7124 9314 6884 7574 8218 8768 7665 4605 9390 4679 9993 3540 2149 8937 6213 4739 8854 1262 7000 551 2627 9163 7189 7832 4538 5369 7907 3017 1995 7268 3876 1190 624 6063 5244 6630 5235 9592 3748 7526 9962 133 9138 478 1634 6669 5065 1740 4536 4446 9666 3798 6266 9738 8573 2376 729 646 5353 593 7229 8632 9695 
9838 703 4445 260 2368 9116 2431 3951 836 5089 4354 8152 3689 6207 9560 8247 3081 2300 1112 1503 7085 7603 4342 5195 523 6023 1071 3675 9926 8214 3275 7172 4503 6565 912 8574 3584 8641 6316 6725 4554 9539 8676 7580 8461 5506 3503 9400 728 8443 1066 4742 266 992 5286 5086 7299 3163 2999 9972 5412 4386 6443 600 9302 5416 5129 2734 2541 9823 5631 977 1550 8628 5623 5795 6315 6549 9156 3263 6044 4187 875 960 1982 4541 734 1338 3936 925 715 7366 7614 2056 1469 818 9224 6404 3165 5022 
4283 9075 5440 3502 9274 9789 4810 2746 4083 8515 7686 873 4354 5495 1434 7440 804 1769 5176 1718 904 5837 9214 8535 1607 6868 9117 7077 5288 8753 3519 9675 466 9884 6891 2756 8063 3838 3455 5249 9419 8138 8374 3786 1831 8251 5290 7024 6635 1810 4902 8612 244 2767 1161 3935 7154 771 488 6070 1289 4705 670 5323 1101 1630 7712 6075 8829 8615 3479 219 2108 9507 6475 1366 1079 7470 655 1299 1930 7012 5205 7052 1033 510 950 6575 7824 2669 8024 248 708 9075 2603 4487 18 7725 5822 2172 
573 2169 6871 4353 3402 4410 4604 5202 6488 8547 3304 2405 208 5755 2762 9294 1722 4047 2256 4354 8521 577 6809 3483 731 9273 860 7031 4563 5061 55 6346 537 7494 1878 4207 3644 1583 2248 6824 1250 5664 1620 9688 5548 7600 9227 456 5754 3133 7774 4634 6718 5137 5804 5237 9803 6382 7063 5747 3557 4690 8074 8745 1034 6934 1472 2277 3195 6517 7645 2062 6054 6769 1139 2365 6591 3435 3280 3909 8720 2833 1245 8840 1548 7159 1117 5279 8943 787 1328 7558 5826 6905 3660 9806 859 3724 4964 9363 
9976 3269 7306 8557 7549 740 7845 1499 6347 7251 5572 4285 4379 7259 3358 8029 6112 9966 6708 6970 3700 1215 4992 177 1827 5174 5464 2438 2835 3169 966 2511 8036 8279 5234 1568 9387 6468 4456 7902 5844 5311 1256 8062 2581 1498 9509 9178 8228 5824 5729 2845 4570 5328 1866 258 2599 246 9220 7656 9009 2312 2610 5459 1727 8951 2642 8945 757 1860 3269 4018 7760 8364 4315 8424 7919 8487 5571 2811 9341 2338 6447 249 4685 4733 7527 7965 5179 6973 5697 919 5440 9588 2542 6343 4934 7034 1865 2004 
8117 4717 8147 3943 2025 4921 4548 859 8671 6018 9715 7110 22 3829 7200 8070 2803 249 9410 3545 9180 4972 6227 8435 2283 2932 2484 6902 3265 1403 2027 4739 4920 5149 2316 1318 751 235 1863 288 4953 910 9258 7379 5555 5421 9078 4932 6863 1592 7758 4598 4753 7040 9419 9934 9146 8159 189 4261 5535 5511 4233 4608 2479 7334 4700 8300 7996 8819 8034 5917 9174 1638 4152 7377 8802 7880 780 5836 8489 1412 330 5912 5902 2122 2128 2755 2529 9742 1853 1415 997 8342 6644 2911 5631 1835 1971 9954 
5774 7187 3669 1915 7387 1567 6514 9951 5211 7753 3 2115 5377 3452 5322 7470 111 9213 8557 7027 4321 8622 4927 1518 6081 9169 2625 6155 6494 7293 3894 1362 7481 5887 3850 6309 5249 6073 6890 2046 7183 5310 6734 2870 3174 8840 1846 8035 8662 9295 643 4040 7224 88 106 3698 2063 5869 2098 4514 3425 5823 4989 3640 1119 7999 5385 3372 9231 5416 5628 8642 8425 3740 6439 9843 1544 4529 9270 3574 6798 6633 8743 1286 9704 8884 7301 1852 5343 986 573 4019 3284 2854 2165 5340 4517 9340 8131 5741 
9067 6080 3151 2545 7758 9974 113 6586 2109 3701 4571 3874 4586 9327 2979 3584 8419 4772 2911 5780 8775 9945 5465 1037 913 4234 3777 6488 9004 6349 2576 7935 8228 4737 6498 6683 8903 9169 6867 4673 8565 6367 1760 331 4394 5133 6267 6921 1744 7916 7772 9711 5227 718 7207 5516 4981 1403 4465 1289 9464 4796 2241 9582 2729 5605 2650 2798 5618 8428 9098 4878 9043 2020 6485 1392 1407 6375 9980 4686 5928 358 5603 7688 3606 787 610 159 7457 4116 8736 3580 7320 5961 8351 3582 902 5362 9040 6399 
2367 5562 8369 4583 4098 3641 9198 1330 8272 6377 7012 8646 7475 815 7720 7812 7864 6030 4732 6098 2056 4987 8055 6540 5047 2854 6001 5758 8560 4549 4269 5231 1091 42 7403 7597 3634 7863 7713 8785 5329 1123 8848 3067 5117 8620 9456 7491 8970 6490 5989 8044 3196 9729 1663 6790 6798 4638 2743 464 369 3700 265 5396 5563 2243 8869 7854 1157 5968 3290 6596 1535 1059 8436 9741 8626 5315 448 1225 9156 9376 971 9225 9104 241 5963 241 7629 3089 9609 4816 2157 2174 7383 8118 7805 8874 9653 3861 
1448 9567 6237 8921 7598 6734 8643 662 9457 4788 9708 4291 1257 9024 9797 8268 2774 1525 8493 2959 1437 7163 2796 6217 627 7313 9915 4167 5041 692 6312 8575 6001 7585 1953 3413 2207 878 6657 7042 1213 2945 2851 906 7578 8811 4223 5840 8637 1275 7899 2156 686 6996 7256 6615 693 2893 9391 3210 8325 4211 6856 5124 2906 2 4755 8632 4530 7011 4032 8513 1076 71 3984 1264 9931 5513 651 6473 8376 7628 759 6059 6028 4080 6579 6146 9039 6021 9782 9060 3552 304 6259 9266 7948 4613 1070 9040 
8628 5092 8938 4113 5938 5563 9345 7846 5341 6185 534 6905 8233 9520 7640 2551 4105 7006 4742 4360 5180 5628 9992 4268 5706 5903 3176 2071 8131 7091 5553 3290 1962 3405 4086 8342 6740 996 6873 1410 2752 8818 6711 6176 4368 1006 3955 6304 8157 831 9242 3578 2404 6913 8900 9139 81 4016 949 3924 6898 7367 996 1286 8374 19 8954 8325 9352 7895 1514 9481 3311 4994 7606 4289 2034 7536 8661 1048 2947 2592 2027 4022 4254 6660 1621 1965 7476 1314 6581 393 2042 8690 1922 8467 5992 2329 3139 3194 
3461 1730 4842 5415 1771 3752 7258 2377 1613 4863 7977 8836 9962 9326 8500 2513 3197 2333 2725 9365 2599 1193 7606 6063 1482 6872 2622 6103 9941 1194 9790 5529 7726 3460 7245 37 3299 8554 276 3665 8210 1490 9734 6337 7751 9678 3029 4938 890 8498 6895 8717 815 7830 4893 1400 7178 9561 6648 8583 6680 991 5489 9438 4417 2214 2539 9265 8277 833 8472 8738 9372 3250 3950 5194 3350 23 8390 2765 5196 7686 5916 508 7156 6516 8860 7556 2558 5951 189 6539 8753 933 629 7008 6915 3554 6385 3871 
7849 1348 1201 1422 8250 9358 2986 5416 1178 2996 9307 6230 1813 5708 6948 7576 5725 6848 4815 5975 6440 1611 8087 3276 4568 7189 652 4138 860 4792 55 6378 6872 5592 1282 5734 637 6373 2327 2156 8798 148 6327 319 3692 9322 2726 2812 1670 7596 9167 6898 7246 7557 5648 6482 7789 7299 8861 8421 8489 8447 1917 3785 2555 861 4119 7776 531 9045 7536 8484 8354 7576 2890 3772 2211 5995 6095 4958 4868 500 9741 1935 2624 5108 170 233 6074 6848 4958 738 9821 1547 1272 8182 3917 7955 1349 4957 
346 3150 3602 4135 1039 7035 2867 4221 6917 9534 1367 9333 5138 6772 3238 5646 1778 7641 9520 2272 6500 3735 5811 7848 2868 5419 9748 44 1403 7747 9744 3628 7534 5866 1296 2234 4555 2496 5207 429 7059 9350 7608 5501 8790 7937 1813 9048 910 8986 3333 5175 8238 9260 7208 2285 8166 7114 7633 5357 7654 8837 233 271 9406 7484 584 8902 5853 7911 1015 2546 8180 8488 4665 6493 7044 5849 8970 7489 673 1748 8990 1978 7445 9205 7109 4863 8284 3865 9519 1373 7745 3802 5400 1807 2761 729 1211 6955 
4197 6740 3645 9089 5548 1295 8462 4030 5083 2330 6555 4550 9271 1908 4779 7311 9131 6941 6384 552 3435 699 838 7839 8808 9387 871 4486 8724 2066 7534 2845 163 8912 7258 6387 625 6466 2286 466 4114 9037 7575 5297 9986 7855 4353 6957 7873 8636 1777 9147 6650 6524 7658 9343 3298 0 5480 9784 1548 3750 6515 3020 3275 4235 6606 6841 3204 1526 9011 8678 6514 1432 2394 3669 2563 1974 3558 5005 4764 3391 1251 1253 2799 5494 3660 6514 2432 8372 7957 9013 3479 8495 400 5378 9475 4144 433 362 
9048 707 10 4065 3498 532 4990 3541 3133 3796 1680 2699 4589 5781 1764 6215 8591 392 1225 1662 8257 9360 7903 465 5637 1184 9544 1553 5030 3348 5417 1718 6906 9055 6405 7230 484 2423 6357 6943 2180 7793 7578 1473 9102 6168 1006 1864 6084 7684 2408 8215 6226 7202 8469 3245 7584 9061 1447 3275 1683 1480 7356 4987 4552 8732 1068 6606 7151 4918 8698 8940 7038 4162 8290 2518 3270 7407 5534 2306 3834 4549 2124 7115 8363 1952 8950 2242 2417 368 8370 6822 133 808 2202 5228 1542 2267 5062 6175 
4511 6861 4996 695 9411 4517 800 2612 838 1235 5454 6233 9449 7547 3755 1955 1258 3342 1385 449 8075 2260 7490 6925 7125 5956 4836 9541 665 9947 5404 9443 4238 5329 6206 4380 5858 3175 7227 7986 2685 9617 4332 8176 5518 8734 8336 2352 2959 4639 2999 6175 4853 4781 5597 4896 2988 7430 7689 1000 5977 2097 6098 9888 3045 9437 2503 6260 9332 2218 3577 1854 5136 3533 1109 5229 5885 2890 4332 7142 7909 7646 3392 8204 6556 8929 3895 1202 8712 6926 4791 3068 6311 870 6559 8667 8849 5835 5749 4611 
5646 1359 8913 8772 4666 8848 7209 2350 9898 9466 1181 4666 2678 6146 913 4901 2273 9507 5292 6688 995 8236 1287 2148 896 7878 4984 5591 9590 9985 3240 3384 8470 8451 2993 5123 1225 759 1658 6898 8037 5350 8719 9706 8222 2027 4933 6515 4651 9335 306 8327 8746 6420 1390 3071 5637 4362 1466 8487 6532 5431 2330 1289 7481 6596 9950 5805 518 9768 6019 9539 4982 5592 1695 8839 7447 7643 5437 2656 3650 9026 26 2307 3067 4867 1870 1513 9384 7645 2744 2090 6081 617 2291 2654 4731 2514 4412 7232 
9484 2205 5390 3782 6963 3592 3149 830 2408 1066 7770 9247 4944 7532 5196 6509 7043 194 1765 9220 2965 4942 5708 4503 9478 5741 9877 6022 4875 3140 8775 1468 9835 603 2359 1169 7294 7853 8071 6784 7603 2747 7331 4097 2126 4167 8404 3703 7089 5418 9527 391 7375 1601 5094 7970 3397 8834 7293 5652 9209 7951 1215 2533 6417 9629 5301 2589 4726 9251 5368 4527 9544 5910 2644 5259 9607 2211 7195 4931 8990 1703 3033 4870 5048 4716 1557 6023 9211 1519 9845 3389 9265 4543 9615 3715 9606 6092 654 8162 
6515 5988 1506 7049 9973 2353 7146 7506 7374 9009 275 1625 7951 7687 1624 6750 7989 7667 1325 2930 9472 3650 1125 617 5799 5705 2768 6651 2233 1147 6984 758 9253 7878 4970 2366 7688 3852 9194 2337 4714 5351 1535 2672 872 6335 2861 2169 939 6401 1952 9824 9686 6501 1195 8637 5262 2334 8174 8967 5778 1409 5119 1660 4965 5939 442 8220 2721 5569 4611 1871 5824 8214 8345 1137 7640 513 3436 2378 3977 209 3993 9872 1918 2369 5033 4421 5689 8444 4943 8019 7861 5690 2350 4921 4629 1787 107 9149 
9622 1060 5088 5526 3519 2268 7142 9675 7969 8803 514 8462 7894 6478 4541 2890 1251 4415 1197 6531 7622 9759 7320 847 8770 8668 3193 9510 2206 676 7048 6098 6024 8883 5237 1381 2030 4101 6329 9768 4686 1535 3304 4372 2741 6934 1827 2659 2978 5305 984 3047 604 3246 9600 4528 213 5022 2922 8632 7975 7736 7288 2956 4006 1633 495 2321 5131 9349 710 8290 9544 7806 3544 1900 3467 3653 4486 9370 8939 5334 7209 183 6265 1499 9820 2668 9676 6552 300 9763 7999 2987 3014 1582 1526 2887 727 3101 
3836 2031 7304 9232 7227 1401 1899 3715 7 648 8657 9777 332 3072 8016 3218 7288 9614 9362 3388 1087 4136 4353 3953 4397 9770 8864 9887 3460 7085 8863 7262 445 7614 3120 6542 9994 8589 2189 5860 4198 8911 8377 6267 8892 9838 5452 338 7770 5643 2232 7482 4549 6689 6695 2186 8783 6161 215 6652 7277 9625 6189 7850 9315 617 4593 1193 3635 1105 3938 5431 210 8197 178 2805 9100 8719 7756 376 3241 6595 8740 6879 6917 9888 8513 6678 5337 8383 8012 7899 5207 4887 8130 4877 747 2056 9099 7147 
8146 646 3460 607 1458 4508 7366 8267 5438 5542 5415 4265 4928 5445 7280 1450 1791 2229 6260 5928 9180 2102 3063 2535 4269 3192 5612 8918 7098 6694 7341 7657 1091 5893 2119 5615 3452 9148 5921 3596 7139 4278 9176 6707 9545 8508 1381 3749 9322 372 2299 5406 2027 7046 1374 5418 5447 2248 2087 6343 920 4769 9548 5831 1872 7948 9949 3371 1116 1346 458 9941 9520 6937 1613 2782 8939 5592 5392 1341 7660 6052 4491 8002 6113 5028 6077 3 487 13 3013 6497 6093 4067 6332 5218 7773 9659 8000 2417 
1559 7282 8450 791 2147 5009 200 7086 8534 8937 7474 7855 2380 3309 5944 3069 9982 9861 3740 1502 2774 6169 9015 496 4968 3170 5020 3225 1185 8748 8121 3001 3149 338 6438 7158 7246 4875 8701 7033 5089 6905 9530 6874 3957 9783 563 2158 4815 6613 1969 3118 871 5049 522 7427 4474 7924 3441 2140 308 6982 3889 897 5503 7595 9520 9780 1906 7444 5986 4181 5662 3518 8347 6144 1087 6743 4768 2574 3117 1080 6435 1921 8931 6056 472 7347 1465 6026 8310 2853 3911 5453 9679 3825 5670 7605 5941 5719 
7337 8720 5231 5946 9249 807 8647 3041 6774 6344 4196 9109 3435 322 7740 4793 8532 7599 1323 4062 124 1606 7135 2877 9003 9524 2607 1849 1015 3188 2714 6278 9374 9230 690 3612 5081 4195 1579 2724 4670 9889 6866 3311 7226 2637 408 958 8204 7511 5562 1282 6097 144 81 5472 4997 7812 7070 4522 6109 5002 3767 1808 306 5464 7244 9112 4215 948 3543 5705 3513 9390 5426 2684 8115 3121 3612 1984 9135 7482 4627 6373 5584 1210 2084 6222 6035 3464 6315 9146 1008 3505 5187 3668 7435 6945 5498 5973 
9328 7486 1471 4881 6828 9737 1070 8562 2202 3099 1198 2573 8098 6564 2459 55 6471 4443 3387 5468 9870 2265 6491 3807 4220 5909 9536 8250 3038 9807 2073 3779 8887 9314 8448 8108 9957 7659 8578 1059 4830 4790 9440 1312 3205 8811 2262 4221 1200 9473 9075 9783 5767 2538 6053 1255 7702 722 8396 9922 9917 8978 1007 8284 4563 8713 5499 1059 7665 4001 4100 805 8612 6916 9643 3025 2240 5487 5390 4518 5602 5936 9030 1989 4943 4170 3623 6932 2459 9094 8046 8369 5647 6865 6593 2910 9583 6745 3908 8824 
4452 2395 6503 6054 1016 210 6768 6213 6630 98 8986 1273 9300 5225 4216 3352 5115 4956 7302 2450 5109 4480 9015 7990 7149 4977 5415 5512 2932 3091 3620 7643 382 5334 3391 3660 4453 2991 4891 9953 5936 5576 9269 6407 485 7070 4264 7378 576 1161 4824 8918 4220 6643 4707 6947 600 3573 5249 1729 5620 9018 6521 6976 3602 2224 581 6035 8774 5630 7759 8723 9374 7677 3381 7256 8443 1900 6656 3875 4435 9549 895 6761 9034 2741 8338 5363 6806 9592 8687 4399 9933 4571 1493 1553 1391 5824 4005 8700 
129 1559 961 7694 5316 421 266 8661 4607 7871 8042 2675 7687 7531 6729 6193 5660 9934 6045 9899 6541 6675 1137 6797 5142 6928 6273 916 373 4395 8201 1774 1968 2085 5849 6507 9928 4493 5153 6363 8579 6758 9390 6616 9972 3835 5105 8202 1114 7408 8884 6540 645 9062 6601 5500 4344 4696 5928 5908 5396 7866 3887 2476 3918 3554 6329 7783 234 2672 8820 3484 1704 8965 9090 8452 9208 993 8911 9389 5685 8015 8876 7428 3064 3588 627 9630 5482 1855 8591 8429 4050 6766 1117 6959 7986 6732 2845 5411 
5786 8865 4019 9610 4692 4770 7093 7014 9881 8241 8710 6663 9870 9898 4925 8464 8756 5275 9712 1628 2487 8879 2674 3556 3519 1958 3175 3795 1115 4131 6852 8658 9998 2657 4407 813 301 3949 1495 162 7746 214 7060 5135 7148 7956 2490 9380 8220 4114 7786 5823 4832 5652 9483 8283 4507 3772 6126 1550 7120 1725 4939 7311 448 3710 6632 490 918 1558 5629 7946 5965 6231 3975 5259 8258 812 4289 1303 7508 6795 1429 8292 850 7770 8731 5263 9959 6408 3796 7250 7016 2670 5835 3300 4504 976 9104 330 
2134 2254 2529 3748 2503 8332 6375 182 8905 9863 4870 7777 8707 4228 6435 3263 26 9550 7003 7492 4263 5683 5436 2502 3953 5946 4156 6183 2679 2280 7560 2944 9839 4802 5403 9497 8631 8200 4770 4976 3793 781 6845 6978 7365 3161 5562 4704 8287 7314 9504 1714 7602 5840 4992 6499 615 7139 576 7697 8580 7523 8049 5755 6340 1806 8768 7151 6467 1840 3878 9603 1804 8039 4518 4186 6834 6590 1363 1247 6359 7062 5404 7047 4048 7587 2607 280 1225 9955 8583 5140 358 6406 330 4321 7644 6410 95 6819 
9875 8359 2225 5330 138 2798 3097 1512 2311 527 531 471 9411 441 1385 3093 8215 8105 7278 1242 7234 5827 9095 9113 1652 1503 1596 8443 3658 6479 5245 7398 1918 7056 2714 886 9794 4674 5091 5907 3622 7919 3570 4418 859 691 7258 8134 1600 7906 5361 4178 2691 473 6927 1889 4512 5417 2729 5891 782 4621 2415 8404 8571 169 8347 3987 3413 8881 6678 2400 5411 656 6473 3257 3684 2504 9321 3676 7731 2971 5826 9733 7676 9026 6675 3910 233 5422 4961 8477 6036 1572 4972 932 1898 8604 3312 8628 
352 9931 7911 8485 9954 9773 1546 8610 7547 9144 7558 3971 7043 9816 4223 7114 500 1303 541 2081 9635 7500 3579 3551 9813 6557 6950 8770 2669 4553 4946 8995 4724 4103 3410 8782 5336 1206 151 24 5877 3036 6650 8667 1227 939 42 3657 8579 346 3173 1460 8637 6069 2276 3379 5682 1367 9740 1323 2453 2864 9110 7318 9457 6268 2062 5241 8898 2125 7308 8928 4856 3175 1228 1269 1505 8960 846 6723 9351 5425 6867 5007 8204 5295 190 5822 7873 9729 1061 9510 6099 8406 7191 4310 8824 7857 2151 9988 
1675 1627 5345 6196 7244 3948 3526 760 500 840 5319 964 2686 2949 2784 5131 7403 3297 7066 9555 2250 3741 9023 3798 5831 2908 5820 9273 6742 2648 3762 7128 8594 6204 71 3547 2925 3495 4125 9202 6709 6326 3013 411 2973 7005 6719 7246 4577 78 4549 4351 5164 2291 7571 9199 9723 2707 8625 954 7011 4743 5940 4776 6118 1258 2223 1719 4897 9929 886 1512 3143 4431 965 8765 2602 3545 127 7187 6819 4768 4373 2880 9292 1975 4578 7051 7196 5183 3206 8429 6692 7982 3083 3036 1193 4285 6340 6424 
5079 3667 7441 3531 6074 1632 1982 3270 4824 406 4474 3960 9151 5672 7331 967 8906 9056 6637 3241 2967 2960 2055 3706 9254 4063 757 2173 3974 8676 4871 3371 6191 7935 1509 7502 6155 4668 6952 2217 8522 9838 4275 9212 8748 3327 8624 1926 5342 2067 1027 2538 3115 8730 3667 7334 5773 7473 1668 3840 3791 8440 9605 8166 9934 5805 9569 8115 973 1633 565 9015 8504 3529 9571 1774 7154 9869 1466 5740 5750 3871 5298 8542 384 3601 3125 412 8246 794 252 365 9369 7754 8299 5961 2464 3932 7333 8637 
7847 5195 5020 8347 2328 1546 603 5685 6283 2255 8046 8666 9460 9206 7791 1546 8069 1598 3765 7891 9771 8255 2455 5364 2234 1436 4591 3178 5712 7650 1107 1319 1277 5993 1569 4770 1385 5301 2869 7933 9315 3535 4902 2968 6181 7607 7949 106 1911 8543 3887 3266 7265 4499 1380 171 669 6622 8437 6793 9761 4145 9026 5017 3720 5379 8184 3166 853 5177 6598 2099 3027 9838 8810 4277 8657 4384 9257 7277 2522 8721 7527 7751 1732 6875 2850 870 239 9831 8266 6511 4034 2274 7682 5151 8516 8372 9233 7729 
8157 5430 9006 8099 2279 5506 6145 5230 4561 5457 5531 354 7175 8518 6643 1340 831 8601 1730 718 3598 9266 6313 4934 6849 8104 4501 2478 4488 1251 348 644 9220 2103 1469 4323 1727 4654 4917 8631 1965 7147 252 5438 1229 8194 7007 270 4356 2452 1333 7517 7399 9699 8102 5247 1536 8273 7232 8175 2255 2843 6195 5097 9246 6379 2331 2731 1109 9434 7386 7156 1969 8195 3014 4140 7437 1445 7428 4659 7623 1221 9667 4856 3543 2297 2695 9190 9558 6644 6321 611 4555 102 5883 4773 5104 8832 2587 4327 
2490 726 1872 9209 4459 8189 6238 331 6962 703 6093 9268 6346 2501 1184 5063 6601 6678 5903 1114 5419 9954 5758 3096 3328 4138 9759 908 712 860 8118 2916 6278 6493 9875 4297 744 7909 6368 7362 3111 6194 4351 2478 3849 6717 9077 7109 1911 7973 7224 7789 7372 8045 6141 9340 3992 8690 140 1104 8772 9948 4899 6253 8665 7678 7644 2074 2693 7899 580 7095 3262 2523 297 9180 2154 3793 3867 4667 8256 5858 7939 8849 7670 2333 2352 1314 8982 203 2942 8896 7660 9181 2571 1293 3969 4892 4218 4292 
5572 9916 6346 673 9334 9703 9123 7926 8878 9664 6708 9966 4004 8733 5554 7467 1210 6592 2651 686 5154 4434 4414 4007 54 7333 4597 639 6985 1588 8925 2910 2524 1394 4854 1532 2505 8646 7398 373 5009 5405 1396 1904 4259 3841 7005 1896 8787 483 6483 4038 4051 5777 1448 8839 5166 8201 8165 3865 2132 6802 1400 9213 1292 8600 894 9051 9805 9997 2737 6178 4117 6909 5211 1676 1349 6985 8771 6706 7794 5243 2218 8133 6401 2583 7120 4657 1606 4060 1265 6688 1264 8914 8728 7078 7753 7427 4835 8175 
8527 1219 1999 6597 4239 8420 7447 3537 3083 6347 5835 536 444 9832 6037 6889 2619 6933 4336 5270 2866 1973 9767 1451 687 4283 4322 2065 9317 9575 5707 7781 9142 6337 9563 475 9144 4994 5701 1707 33 3057 924 283 4632 3796 647 3452 5315 8594 1978 8540 8475 1547 743 1277 9450 6779 7653 8094 8538 8826 5406 4319 409 6789 4537 4330 12 7122 457 3509 8079 2242 7169 3276 8819 5997 9857 387 7527 1923 4855 2183 2683 1173 3332 38 2094 3931 7794 9344 1068 4870 5390 7197 6509 2433 2826 6989 
2390 9599 3545 7181 5537 8859 3376 8601 6049 1377 8766 33 4413 5062 3494 9789 457 4556 7054 2329 6984 9618 801 7548 2369 6824 8340 8893 8629 6844 8623 3236 5025 4021 2453 9302 9957 5741 3075 3530 9908 3488 706 505 7960 5820 3904 9215 5862 4404 9801 4364 7299 7029 5023 7855 1172 9725 3440 3301 4261 650 3035 2362 348 7513 5201 8513 1529 5816 9665 6427 8968 9093 1013 6400 4956 15 7112 5151 8563 6660 4836 2021 9346 5332 2892 5195 419 7899 1553 3887 9605 2411 4310 2290 3687 198 8243 1206 
3915 777 5245 3301 349 6339 4557 6055 3236 944 3740 4329 1155 1464 8437 8873 5747 202 8498 8645 4253 3125 641 4071 2050 4141 6312 8379 5535 5367 3598 888 3930 7396 7545 4937 3880 1269 2798 6376 5353 8089 4801 7470 4610 8337 9654 6816 2459 716 2477 6596 5477 48 1837 303 9840 8878 2332 64 3724 9573 3827 704 9159 8984 6939 1269 6790 816 3141 9354 128 49 5368 5741 9847 8888 4817 3090 4631 3345 88 8918 6525 8734 1801 1282 458 8557 6990 5362 2610 5557 5880 8808 9433 8326 5270 7847 
7643 499 8706 8903 4554 9365 6164 913 3793 209 8438 4470 246 6848 3119 5845 4910 9323 1432 3209 2040 2580 1324 9902 3709 7169 4758 1125 8329 6933 7032 8446 6267 7812 6680 9675 1224 3109 4719 3951 5270 4573 255 8467 1905 7252 7925 1549 1677 105 6732 1459 2582 216 8455 2002 9220 4568 5796 4003 6891 822 7589 7957 1896 3848 2819 5423 6095 4206 7962 9370 251 4370 5571 6735 3521 2804 8099 6569 8916 2677 5558 6524 1904 2542 7362 4656 5569 1647 8964 2953 6129 2583 2243 6929 8207 2733 9487 2284 
9022 9191 5231 727 982 663 8843 6473 7603 4521 1008 6688 647 9220 1112 6824 8895 6146 5592 9721 4244 3900 7039 5634 8138 1063 8547 2864 8904 2118 4692 2196 8885 3183 9178 1564 381 3433 1475 3112 8928 5624 5200 202 4260 9132 4818 8682 3739 2794 6309 831 6815 3386 2668 1657 6376 1980 4687 4237 2985 5532 5759 7812 1029 3751 4351 7597 1988 4593 7026 1892 1330 7491 1708 6671 7208 8909 9655 6059 5848 8382 6286 1911 6530 6848 9124 1371 4263 829 9463 8470 1861 5720 9135 6078 376 4643 8222 5428 
1802 6722 5759 232 2311 9014 5585 8825 1023 7800 3228 1087 234 1427 6425 4460 9430 3922 3545 5566 9102 754 9006 9382 6372 4162 4264 3881 3701 5747 7571 968 7827 5916 8533 3190 5769 154 963 377 3258 6987 8302 4684 7033 1056 6868 4013 8401 7089 2901 789 3039 4817 2802 9532 3720 5483 1512 8632 2197 6710 4406 7839 8184 5873 1578 8251 1033 2724 7580 341 6197 9504 1718 9645 6866 7272 1150 8797 8507 291 4184 6088 7546 6426 1715 9594 3183 2528 8284 9791 5476 415 616 525 8864 2048 8434 9437 
3164 872 6546 4880 8116 9835 9767 1007 6753 2278 4910 5633 939 7848 6442 8744 4679 3716 7120 311 1412 7153 539 3597 5576 5539 6536 3994 4849 6888 5308 9985 1053 2242 9020 5690 8681 8505 203 7924 438 8731 5049 7540 166 3026 5988 2667 221 6482 6036 8029 2529 2359 5096 135 481 8887 5905 1540 3272 4989 3575 5987 2344 5745 2268 2531 6835 6630 4060 6510 4241 3708 1346 7220 6554 7512 3102 2532 1028 8854 9876 5051 9345 7430 9617 359 7461 7154 5422 4811 4108 5422 2245 5391 6599 544 3117 2139 
3079 6451 9541 2867 5957 7487 2390 9351 9529 479 3269 6168 6558 4446 8085 8516 145 8980 8188 2351 9849 3815 6523 3480 1090 6700 684 1247 3194 4103 7144 6996 5337 6979 958 8421 78 4168 6443 9103 4948 3603 5029 4037 5982 1174 3721 7170 2932 2675 9506 5281 1240 4368 4440 778 6240 4004 49 828 6476 1253 7283 5208 9890 2934 9737 9538 3043 9027 4275 9191 8866 2013 1747 6543 8538 2717 2122 6531 113 6044 2960 1643 5648 5354 4552 5696 891 5853 3836 2877 2675 8612 859 9890 4898 478 8549 3143 
7002 4925 1646 2192 1143 4015 5937 6429 351 7612 4933 2596 2858 4016 48 4821 683 8435 5736 6647 7609 6189 4282 5895 6748 4192 1236 4666 1264 8572 6979 645 9692 6320 8339 5122 3280 7010 2637 7368 7109 8138 6253 6432 7653 6131 119 1549 8039 8034 3413 975 84 3627 5874 7114 4770 7022 9758 796 1754 6748 2998 5125 4848 4862 6901 3740 4658 9213 4204 595 248 3231 6620 5062 8263 3521 4774 9955 6330 5518 2729 7885 4278 5171 7863 4368 2017 3820 2395 5233 2134 7075 3126 7806 7813 7734 4909 2757 
4951 529 8245 9900 2179 3786 4638 6999 5063 6900 9049 4687 8672 3911 1509 3594 1600 5815 2651 8583 1477 4543 5802 5107 9159 8477 3482 8584 5451 1724 7462 9265 8890 3923 4358 8150 3541 3792 9816 9758 8358 1705 1696 3862 5163 1170 439 4864 6025 5899 2005 2751 291 4069 6531 1941 5823 5444 6056 5618 9948 9220 7141 9376 3523 1914 8277 8042 2901 8602 5064 4779 9175 5217 5673 3063 4271 773 7449 7517 6640 1097 2040 7922 8787 151 3629 7080 5922 3833 2806 5678 5653 1451 1001 1321 5084 3276 7427 2271 
7834 315 2018 2051 7976 7240 836 9199 1666 615 9082 9546 8350 6245 8863 6694 4595 3060 6143 6097 6159 8399 9165 4287 7670 9056 4911 1600 2279 1904 4942 8863 4905 6746 596 9158 8990 3525 1845 2449 3470 8925 9060 9300 7695 9591 3822 3310 7664 2685 798 7467 8237 6765 5779 9430 4318 1064 796 2700 3091 6898 2845 3832 6208 9695 5463 9118 6797 2965 5576 2179 8564 1609 8977 6284 3683 7717 4730 2414 4003 5574 372 1001 4670 6846 6698 9419 1790 2940 9907 9730 4834 6273 1287 7247 9072 8555 9016 565 
2938 6169 2059 5969 7461 6982 9033 47 1368 6139 7005 4334 3780 2726 4574 2751 310 980 190 760 7628 7561 675 1387 5525 4650 7748 42 408 9016 2068 2454 2508 3008 9211 7828 9285 4421 196 8817 4004 7605 9150 99 7753 4027 5780 6514 3965 5900 9299 9241 7142 8224 8432 454 9882 7770 3235 4555 7482 4015 9650 5789 6541 8585 9144 8688 1370 1166 49 6680 5325 7830 6651 4504 1112 8820 7763 5257 6534 5538 9330 2783 2622 7308 3472 6016 3303 4602 5566 1948 8117 3542 688 5336 9489 9991 1335 6201 
8329 2487 2881 7086 6179 5406 4010 4184 3469 122 4010 4589 9154 4800 9343 5725 8216 4316 7405 6739 1209 3983 175 9885 8971 85 7353 3287 2856 246 4066 6958 1185 2564 829 4906 1366 6626 5871 8794 609 4344 1845 5446 7706 7994 3580 3418 945 3124 8848 8127 2425 5826 8780 9603 7501 7771 8528 8821 5142 8913 5468 6315 926 2851 9025 1563 5739 8150 2601 4682 3318 8658 6348 2951 9338 6530 4901 2854 6228 387 6053 6070 2788 107 6754 927 910 1384 8218 835 7341 4472 5036 7362 6013 4665 846 4172 
2682 6083 8190 4785 9384 2135 8830 2534 2934 2431 5347 4866 6358 7643 3217 9802 1515 7084 2292 1309 4099 4076 5118 8608 8074 9825 3460 4192 5884 783 1498 2600 5247 8320 9212 1951 9759 408 9865 3811 3176 9046 6931 7290 905 6216 8898 2353 8575 7972 3041 8522 6324 9047 6582 9036 3428 9536 3210 5693 9800 313 7829 2780 8661 7927 3628 5209 808 8600 3329 2415 7242 1251 7231 3497 7532 8296 7008 3308 3609 1805 484 3777 1571 6275 7273 3344 5284 2346 6517 4279 2461 5991 6533 7241 2284 9017 2886 977 
3765 2010 4092 1641 8727 2405 2320 714 4237 7825 4449 6285 6633 7132 1821 4412 2707 4025 6048 1251 1326 555 5582 4440 804 2575 9064 4399 7852 790 1713 914 5838 5197 9371 8960 3940 5612 2761 9855 3619 3379 6506 157 7913 2980 1202 5105 4161 706 2519 9843 2798 6334 3770 4163 1818 4074 9763 3655 3841 378 6360 9547 4041 5562 112 1810 6366 2369 731 8781 4010 5112 2473 1865 252 6094 8840 2041 3691 737 8110 6416 7211 2609 7005 1218 8494 9713 8013 6336 731 4548 6973 1393 1132 2758 5610 4097 
6417 5025 8752 9579 3376 5330 123 9836 2912 6279 6574 2330 570 3696 960 686 6558 1617 2208 621 3436 748 1483 4606 5232 3541 9435 4874 1507 819 9998 5116 5730 2699 3405 6788 3642 3571 3682 4644 2952 9453 6402 9883 7710 9485 3890 505 90 4837 8619 6575 969 7789 3124 8175 6906 7898 9105 3932 2941 74 3099 3137 2667 3490 7436 9145 2736 2545 7042 951 8708 2650 9511 3314 5145 1546 5970 1887 4637 466 4341 7034 5135 1544 2391 4096 7578 5460 736 210 1151 1903 1153 7332 1439 138 5993 5809 
2327 6688 8242 8410 8206 1679 8501 5182 7119 7032 5862 706 8937 5984 7486 6319 7302 6151 4911 9183 3635 480 890 4282 3745 6192 1507 9377 2179 1533 8697 5710 3538 8415 2543 7162 6509 5478 5965 4889 2237 6521 8733 3140 5690 6880 7929 1068 9468 5419 2854 6915 5529 1595 646 6782 5472 4108 6196 3113 8878 7435 283 1780 5885 9805 5881 6711 7518 9658 7768 5344 8880 7672 2751 6885 9156 3937 1161 859 4927 5228 7546 4409 6132 8581 4498 1325 8612 160 6582 9742 2993 6681 7092 6430 5830 4477 9192 7994 
4472 3111 1684 3741 4131 4517 5056 7393 9554 444 7406 3092 7608 3672 1197 554 854 3500 7011 4634 9440 8128 6303 9536 7418 5123 1356 2412 5528 2264 8244 636 7717 9941 6100 9990 1982 74 6240 9252 1484 3139 2670 3923 5360 9701 692 4975 8710 9129 7945 5878 6909 7736 9391 6781 3389 756 5711 4155 7895 7444 2190 7222 2865 8981 3078 6854 7726 6069 6036 5622 872 2190 3686 6165 9116 1164 6037 801 3560 9572 2639 8655 2102 8454 9099 1044 6673 6368 1388 686 5567 6938 440 1691 3160 2908 8487 309 
1832 1468 3360 945 7416 8692 7063 3673 7643 4010 1410 846 4246 1366 9319 8628 3430 9195 9708 5564 4020 7312 3552 3914 4463 9166 3815 2824 9748 774 8927 9341 9123 2710 2039 3671 855 81 979 6091 7697 2822 8531 5242 3973 5462 4548 7261 6012 6522 2850 9366 4208 1556 5710 2636 9264 1191 138 9365 4731 1719 6004 8061 4051 2023 9110 4711 7614 15 6918 2676 4697 8075 3377 4532 1082 2832 8647 50 5542 8716 1736 8320 7063 2706 6709 2247 4093 6478 8953 9658 242 5948 964 9013 6466 1879 270 416 
8044 9051 8944 2195 1036 2776 8510 5540 5372 5298 8126 4146 7200 2190 9444 8656 2431 2435 599 7120 7512 84 9512 6600 3157 7784 3458 2053 1767 9370 2510 9850 486 4180 2865 9771 1352 5939 8690 3396 8515 1327 9263 1499 6510 1793 4548 4647 2 2332 6106 367 1670 9845 9236 4976 2631 7508 4036 6475 3378 6528 2044 8518 6000 7801 9630 3141 3457 5249 1828 443 2685 0 4445 680 9221 8911 5575 4668 5625 9157 3426 2627 4928 2567 4591 7849 1426 519 2875 9923 1405 3560 1490 4332 5175 8543 5879 3461 
4836 7518 9920 761 5870 3695 4405 5691 7481 7365 9404 7419 972 8066 2484 1811 5623 1107 691 516 3373 1498 4863 1856 7204 375 2261 2351 6667 4775 931 3274 3101 8622 435 2497 3741 885 4641 3377 5578 5996 6699 3019 9607 1929 7040 5535 8394 7551 400 9796 3110 6748 8529 2202 4635 1182 9216 8001 5697 2833 8223 8154 8841 7900 688 5804 8710 2785 5946 8545 4179 2817 221 2048 2357 8860 4650 5359 7334 5860 3015 4362 2962 5812 5834 6062 5530 9372 3696 2065 8189 404 6350 9537 9048 3026 5144 7229 
3753 6906 7438 2874 6654 3174 5817 6532 1017 3723 3291 3292 8227 7533 2783 7056 6610 3541 8824 3989 2064 7767 2038 7643 141 4076 1817 4653 594 7091 1883 4884 545 3517 61 4760 3016 6029 738 9963 5877 3610 7296 311 1702 4675 4551 1402 7776 1402 1894 8057 6226 8294 4005 3661 3860 4192 3017 9709 9816 557 3370 6253 7971 8733 2182 3618 7325 7716 7893 9354 9582 5523 2204 3161 6710 1951 865 3548 702 922 8508 637 9319 3133 7864 7957 7210 8210 4508 2424 5441 9077 7924 100 2158 2714 250 2493 
4286 4296 6497 6215 4239 8203 5557 9221 4265 2082 5829 4036 3219 6515 888 7587 702 2460 583 6924 2067 3373 9365 1103 4086 6248 2272 9573 7337 8598 959 9136 5835 9318 55 5552 1134 8087 7196 5914 5540 6519 1964 169 9047 5291 9300 419 5301 1339 5478 2705 4921 5375 711 3559 4275 3893 9657 8155 1596 4826 5116 4474 1638 283 8486 7472 6731 2443 5250 1322 8944 6461 9673 5447 4207 5514 8420 3713 4991 1986 219 1341 8943 8753 1274 9030 917 2503 378 7049 393 2887 9634 7646 9305 6442 6599 6929 
8424 2734 6759 5544 2035 349 1113 251 1866 3875 445 9491 7458 9671 4785 5725 1096 8548 7382 5091 1595 9072 5248 8689 5224 3418 3730 861 7151 8582 7565 3084 7359 7328 1411 4161 7383 5848 5453 8576 9955 5899 2950 9723 3344 3687 8725 5624 2158 797 382 8889 5758 1156 8606 4435 9560 5000 155 6500 3830 9782 1707 8272 8195 7515 2702 9341 2807 1540 3382 1556 183 5626 5956 5869 8788 9939 7134 5190 7118 4354 7821 6688 4765 4665 5756 7477 357 9784 1975 8470 1763 139 5293 9216 9740 3500 219 8947 
6249 3611 1315 4785 2210 6349 9226 9057 2086 3905 2695 2249 9569 6446 2301 7932 790 3464 9136 4252 5755 1652 4077 7166 1307 4706 1937 2509 5140 71 6779 7268 7629 4523 4988 9217 1541 9701 6064 4315 1906 5168 3215 8599 1184 8579 5828 819 9397 3378 3693 709 3466 1067 2392 886 279 5049 3430 4760 6658 9195 4392 3522 8127 3180 627 860 206 498 2912 1381 4255 3774 9646 2887 2609 9530 3128 3547 975 2429 8411 3002 7717 8128 6941 5708 522 901 656 520 532 8539 4461 5136 1092 7360 2495 494 
6280 5636 502 7604 4657 3366 317 8686 7865 3487 3858 5830 1620 1094 5903 57 6785 8599 6650 3710 548 8365 611 8721 7549 6090 9542 3292 1338 9133 7686 7284 5266 2050 746 890 7312 1284 6587 113 9343 811 2043 8186 923 6893 9958 5659 6791 1787 1656 8644 913 3625 6377 1628 5519 3184 216 731 7026 9863 2324 3400 6183 5162 6637 1527 7969 2278 2054 4469 5736 4766 6870 1404 3872 1447 2217 7211 6126 2984 62 5814 7554 8449 858 3379 2515 8422 7405 8488 2631 2557 5168 1058 2171 8769 3053 9379 
6160 8472 2311 1384 9127 5234 5296 1195 2268 2800 6633 9707 3777 896 230 3806 5987 6661 7114 9768 2236 2571 4715 1877 4938 6706 9316 608 8373 5181 7800 4277 8125 4659 5119 1412 4649 400 6902 6749 7758 6466 5338 1933 526 8346 2148 9248 3613 7542 1922 2052 8660 9295 2829 8779 2118 8773 6340 5534 5833 6415 8742 9356 7954 9896 410 8349 2761 1165 9022 4019 2980 6302 9519 2613 702 1853 4927 9095 5808 67 7856 8280 9584 1433 4226 9106 9190 7301 270 3823 7090 3851 5627 5170 8214 4679 2798 6349 
1623 6729 3631 3695 2333 9344 2277 3759 142 5341 2899 7965 8839 150 2462 8960 7602 4527 9170 741 6888 3092 4465 9748 3507 8642 5731 5164 2627 1372 647 416 1734 5662 957 1558 6122 7630 3480 6579 237 6821 8681 8433 3028 4724 991 7548 651 6779 8229 3253 2268 945 2724 2087 3847 8330 1228 1790 3628 2262 5740 6017 5841 7385 6970 4875 468 8667 6488 9266 8151 1884 2192 8650 8806 6418 1922 2363 2017 7198 6811 247 2654 1479 5771 2767 6148 3853 5355 6666 3211 298 4330 4460 5820 6596 8590 5281 
7168 6962 9607 7086 194 1366 1464 4802 1598 6646 5689 3863 9567 2062 7539 3323 774 4201 8668 8795 8457 2945 4420 2583 8436 8869 419 1383 1955 2102 4551 1892 1818 6675 8054 8846 5714 830 6966 5417 3460 5405 2073 6378 9500 6073 9174 1175 1054 3005 3646 6978 4271 2897 2036 2578 7853 4167 591 3436 3730 7134 2590 9590 5530 1141 520 3487 8537 1348 9417 3193 2591 8980 1164 2510 4336 2953 6474 6856 9363 8657 3565 5162 3541 3896 6512 7997 1722 771 869 7164 7938 2914 4641 7275 8185 2761 1802 9889 
8522 382 1286 4953 8662 6603 4071 2369 2227 7864 6268 185 4421 1100 5849 3862 4646 1056 1823 5254 6521 4947 9157 2484 7265 8211 4407 6610 7542 7730 3709 2689 7967 3932 9402 9456 3961 8128 3911 293 519 7735 7045 6174 1856 8654 3674 2835 7019 2999 1345 9094 9678 1911 5521 1130 7683 8588 5288 9474 5862 1754 9737 8987 5214 6946 5755 7008 7236 2322 4772 9913 2357 4110 814 8281 6028 7209 6931 9321 2846 2203 9501 6385 8868 4058 750 8016 9656 8264 2706 4465 607 661 9848 7976 2127 2932 7709 1359 
5438 7780 1927 2217 7705 3091 7294 7362 78 8784 2106 5124 4765 297 2514 6211 494 8204 881 1731 7316 4195 1323 9583 4043 9617 4673 8464 7052 3896 218 9543 6328 3791 8646 1272 2436 7521 7731 9922 9487 2282 4693 2356 7078 4516 7274 8552 6945 8627 3355 440 7636 6394 6692 1175 3738 547 6074 2107 2089 1437 8386 4085 1795 8050 6339 7110 3006 5637 7074 4999 4726 4424 7538 6714 320 3181 1518 2248 9170 7347 4552 8258 2308 186 2973 1715 8740 2882 2491 7859 6937 4812 3543 8167 6630 2863 3479 3460 
9542 5457 8537 4696 4480 3075 9485 495 2316 9740 5799 2310 3003 9177 2613 7267 9490 3042 8637 3524 6722 4787 3507 9575 2597 7109 1034 9414 5262 1634 4103 4738 9453 8904 9740 4993 859 634 8998 1343 3039 9992 7029 5023 3992 2647 8869 4696 7074 5841 7559 673 6407 2988 275 4071 4872 1603 5486 9902 3682 5163 14 7401 2088 3164 1518 3489 1132 8809 8477 1082 3531 9884 8683 3609 1802 5356 8463 5245 8372 9272 9111 8556 8000 3085 6989 4483 6071 7884 6311 8888 1411 3563 6523 1628 219 342 8636 4149 
4198 3095 1788 2162 7443 1823 1196 5473 1441 3736 5620 5248 6081 843 553 1350 1509 3069 2177 8023 1546 5853 6592 5741 7018 610 2369 2592 124 9687 8195 9549 6253 5311 4868 3432 3404 6634 82 1966 6956 3423 2690 8446 9001 8952 5857 9282 9311 6782 5352 6141 768 9134 7286 2251 2831 662 475 7062 780 4878 246 4042 7624 267 9371 2449 1656 761 5014 7089 2986 5831 4730 3293 2495 448 4230 7808 5821 775 6491 3240 3876 4258 174 6010 8318 3885 5094 8553 3785 697 85 3052 2457 1320 6454 4701 
2263 5320 7869 1959 4563 8101 3485 7813 5716 503 518 9375 1320 3980 6073 7432 1614 7840 312 1375 4246 7956 3277 9359 6226 3265 7213 1730 4055 8074 1085 4256 9050 1182 7878 6330 3438 4306 1516 4390 1507 5412 94 1342 8200 476 4814 6039 9100 3877 5206 9422 7989 9381 4618 8172 3759 5359 1699 9231 2431 1830 5424 9118 167 9100 5270 6928 8529 8467 5292 7378 899 1656 8485 2791 4775 3366 3323 5281 231 4969 6659 999 9698 5 4192 4233 4707 7065 4587 2313 825 7315 7182 7227 8392 6313 7510 1343 
4847 5613 9046 4308 1722 8100 646 9959 6980 4822 2255 8411 6549 3779 4851 2958 6399 9104 5228 3905 3895 8595 2126 4137 3578 9288 2323 8647 7947 2413 2093 4335 1851 2885 9760 9758 6121 4050 369 1325 3090 8393 979 2309 6967 330 780 2845 9929 7444 8168 3909 3239 2250 4865 564 6988 3493 2073 2567 3131 4762 4915 5073 7189 827 7908 5999 7136 3553 5633 8755 6558 4019 2999 5832 5675 5708 3720 3118 5885 9941 2464 4719 8503 5155 4850 933 9798 8246 4073 5155 9986 6363 4694 9581 804 6479 1576 5873 
9873 9773 4223 1194 4596 2815 1452 7434 705 9347 9398 2468 7071 1872 3760 7681 685 4798 4713 4314 4836 540 5349 3651 1198 5339 20 7744 6517 4605 1399 6576 6377 2012 165 8023 7816 7740 3057 7962 4743 3339 3866 8430 5109 4205 5612 6335 5433 3611 7623 8535 8735 2527 4277 8427 1773 6958 2566 9784 4905 76 3158 8101 2258 7519 208 4802 4175 841 4956 1095 418 4067 1835 1284 3052 7857 8538 4733 3077 6880 6765 1672 4756 9341 2853 457 8138 4099 8229 1512 9736 6595 9500 1666 9591 802 1696 4681 
7648 1442 1487 8288 1695 3748 4000 615 5312 864 5173 3991 3090 8774 1011 2409 6103 653 9236 365 6258 9321 6455 1220 3805 7641 4013 7330 9607 8744 4266 5921 1290 5347 4660 8721 2566 8729 2942 7539 836 9866 6020 1529 2887 8674 1907 5688 6449 1099 8119 1685 4770 9911 362 1506 8066 7071 5846 4489 2136 1446 2640 6421 6723 6053 8007 7510 3291 9426 1407 1951 2226 2929 7971 3968 493 3974 4206 9444 9239 2271 1030 8533 2089 7690 7543 4234 2839 7512 6073 2191 7993 9819 5718 8786 8153 7477 5018 582 
112 7014 2185 2903 3164 829 5410 4275 9524 8472 3674 55 1358 9342 9645 2928 9630 6015 5146 6844 7254 7497 9467 4111 8495 1670 9298 3416 1228 3042 8762 7944 9543 6239 387 2269 1159 2953 4714 4462 4114 8336 86 2798 1212 2445 9180 1829 3860 3046 5574 5374 6153 9293 6631 7829 716 7828 6054 1006 9210 1724 6220 1118 816 6409 4747 7046 5135 2471 7133 8964 9138 2644 2033 5264 1115 1851 3648 9161 818 9146 3919 5947 7862 2239 6283 764 4754 3734 3487 1366 1054 9497 3762 4706 9268 5073 339 3680 
4894 7312 9914 9224 5000 4406 104 7087 828 809 7045 9867 6692 3294 8521 7199 4483 2521 8655 3657 6210 5295 9600 76 3208 1132 916 5407 1687 4007 9752 2195 7305 767 5536 6783 3677 9125 7182 9258 333 2300 4466 9022 1493 5346 402 155 5054 964 6770 9035 4159 9594 2540 694 8876 6398 8378 1537 3176 8957 3527 913 7145 3086 6091 9084 6414 6821 845 6627 5180 4414 1246 7238 8736 5637 157 7712 5513 1970 4419 7564 1849 5664 9135 141 1558 4588 4465 5147 3973 2218 281 4204 1910 7761 8504 8845 
7748 3370 4446 7856 5972 7806 4093 7340 3854 2322 3089 2027 8418 5922 2630 5032 5323 4011 3491 3499 6960 4570 3042 9157 9828 7201 3443 7268 9318 5595 2553 3325 584 7058 2497 8367 6687 6165 3353 1672 2061 846 4926 9026 8020 9253 4677 3066 538 9363 173 1130 5824 3732 3178 3333 9860 4357 879 1594 6186 4693 3138 7200 6597 7599 7750 5365 9504 9967 6993 1836 9268 7688 5172 5449 8529 4317 7045 5131 7327 3565 5912 9966 8846 735 6887 1508 9640 7644 9095 9680 3754 9757 1753 5784 9530 8136 4523 191 
7789 1620 9472 4971 2338 6444 5453 467 8762 3311 6807 4789 4024 8565 3023 4545 1854 4922 2191 6580 5149 5832 9117 7260 3658 2872 8285 45 6511 5451 7925 8398 4380 4059 3230 6830 4939 2498 7914 7028 253 589 3270 2732 9205 6043 9857 2549 444 3843 7187 1328 9817 6529 2591 1687 368 9042 6548 3421 7634 258 3588 3382 965 2246 6962 2095 6538 8727 3769 2911 543 8041 5202 5384 8162 7950 2496 9710 2624 6685 3496 9184 276 5016 1300 3911 1860 6458 5302 7905 7616 6272 6994 9308 2200 9857 2202 8709 
6816 5168 3682 4106 371 3366 2635 4997 7097 6851 5873 7332 6757 8762 3782 5019 5069 9464 7556 6748 1175 9013 9298 7756 4684 1005 1704 5272 3854 36 14 4161 9316 7865 4838 6948 8251 7393 1215 3454 8284 1372 9933 2754 4520 5853 9505 1998 9600 3119 9858 6046 7837 5061 3916 9994 1290 3227 9463 2202 2361 7883 781 2092 4299 5940 1537 227 5331 4501 712 5906 3392 3085 27 4517 6230 8851 3153 9235 9273 2328 3493 2496 1728 1441 7070 4786 5921 3838 9526 9655 727 6104 4260 3710 8766 4135 6463 8478 
8092 2370 1092 4955 7856 1756 3628 7712 5955 6614 8756 5914 8623 1999 4740 2502 3457 6228 7429 1312 9775 4911 7716 5867 9104 5982 945 2239 5027 765 5475 8152 3671 5316 5732 4905 4345 9724 8062 6064 7786 341 9953 9704 5882 1835 6161 3932 9151 7382 8947 6266 8264 1015 8516 2939 7189 2163 3841 1320 6465 9153 8270 1111 206 7326 4210 4413 5669 3764 9485 7653 9120 6622 8566 7999 144 3946 8125 2033 1823 5619 3856 2351 3591 5220 9048 3336 3873 821 2055 2799 98 7294 4396 8484 8448 2176 9549 1074 
8197 6099 8647 6526 2500 1630 2897 2912 6475 2811 4940 718 2576 9876 6002 1627 8148 6948 9767 5891 7404 1233 1257 9961 2954 2023 7047 4222 9862 6507 2729 1578 7261 8526 132 4888 5598 5104 5470 2080 3822 5887 6420 2656 239 8356 6446 9423 1562 4496 6103 9859 4576 7494 7645 5890 8138 4329 8202 2844 4792 8114 8604 9982 3942 7370 1223 3915 5836 2120 9464 5204 5307 8282 7666 4603 5727 3140 1827 8008 4460 3999 1993 3076 2813 6060 5993 7112 4295 4263 1465 629 449 3143 68 8737 1949 2421 7291 2747 
3567 4920 9882 4484 5923 9953 6977 5742 1183 9020 5929 8891 2161 59 4318 9496 9882 4562 8226 4986 277 256 6745 1179 7818 5361 3610 4918 2535 3749 5331 9185 5059 2125 8593 7568 8291 9934 1028 2665 6097 6870 6740 7216 2543 8629 6219 5061 8806 698 4446 7003 5867 2398 2271 9980 237 6486 2675 708 9855 4916 4048 8080 3387 4331 1289 3785 9932 3736 9013 7003 380 5314 3361 6139 8505 5555 9040 8215 6269 9252 9778 399 2632 7711 4408 139 3760 4874 8986 7785 6559 7000 9615 6588 7547 7740 9260 8465 
5334 5213 1810 5612 3040 1567 2444 1651 6442 1632 2597 1969 5685 3884 3440 3901 5236 3614 9832 8017 3094 2668 6522 3780 2680 7963 572 3420 466 2173 8625 3365 3992 8502 8632 8496 6178 4250 4501 5733 5479 199 6192 1707 4158 5307 825 2191 3747 7777 179 4986 6808 5488 2375 4470 2860 3406 577 7447 6340 8578 9053 3847 5629 7057 8762 3486 29 6660 5157 6926 9208 518 8656 1730 1612 8020 6969 9430 2543 9078 1201 1503 7602 3670 5535 458 7559 8491 1917 405 6448 6332 5101 1086 5243 7461 1192 1582 
8750 2036 3732 8468 6203 252 3023 629 6285 1453 4328 8545 4874 3900 4872 3393 5691 3146 396 7880 8946 6499 7556 5700 9495 1646 6357 4658 2671 4042 7789 8990 2043 453 821 4956 5965 4345 6965 8913 7882 8606 2184 9376 8178 3207 9128 4015 6384 3549 3110 5417 3149 1919 9501 911 8075 162 5356 9929 4027 4807 5161 6918 7450 1601 9927 9953 350 4915 5786 5298 1362 2108 9484 5450 7452 6915 2232 7925 1236 1886 9798 8183 137 3263 2714 2687 2128 6765 7989 9674 4298 5435 4233 556 7655 5844 9201 5982 
3283 6260 2750 1121 3693 2417 9196 7230 2041 1775 92 5861 5479 898 1442 1423 9576 9647 3932 8433 5587 6655 9380 7020 5278 3754 8988 2299 4170 2723 9838 8058 7919 7148 6105 476 3294 6412 2589 6027 4914 5208 8315 8219 4745 4071 2304 3962 2784 4490 298 8147 6173 1136 5564 6767 6537 2811 9390 5998 4258 35 9374 6275 6645 6596 100 5979 7864 4237 6816 7155 4073 6915 6939 2897 7593 551 3404 3399 3615 4568 885 2207 6380 585 9485 6522 9164 1064 9365 8749 2841 5112 2001 1297 9192 7278 4239 2018 
8164 4826 5662 1619 946 7139 9189 9910 7022 7062 6611 9320 564 7304 5260 3446 9925 3567 6944 7508 3042 4415 1235 4347 3906 3016 2178 5357 4958 8699 1575 4787 6180 9750 7537 7502 9023 1561 7810 4145 5932 5946 4478 7089 3902 1211 6387 3456 6158 88 7466 987 5377 7424 7527 8175 1508 2060 3487 5062 9476 8667 4996 6969 9808 5160 8816 90 6397 9399 8108 3838 7771 6022 4867 8540 9795 9046 6610 7460 8675 1101 4389 8801 3045 6311 3050 8791 7291 3941 2498 4243 3446 4904 7457 4886 4557 7638 8870 2223 
8280 726 366 4383 6974 7054 1210 8380 4262 1728 6175 7181 8959 6801 6115 4438 8640 9057 9479 8747 1185 7460 691 9088 2094 1427 3608 5226 1541 8268 3189 186 6409 9567 8124 8854 2815 3429 8896 4052 8987 2199 6928 6830 6213 3204 9417 8814 1434 3311 5354 2317 3779 2855 6161 6517 1227 8193 1250 5441 7572 5602 2887 1263 3259 1889 6245 7396 1875 1040 6799 7865 4614 1405 2926 4837 4439 5537 7777 5889 5989 5135 6858 7781 9641 303 7240 6459 7480 6804 6378 1216 1971 4635 6169 5087 8779 7245 3088 320 
2840 1412 6546 1515 2995 4591 1053 15 3609 2729 2717 9475 1081 3122 6070 3210 9950 5380 7508 5211 6424 9813 8208 8230 5504 2238 5052 4446 7667 6121 1854 5474 3639 292 5357 4809 3335 4372 6211 2135 3593 6543 4727 8419 3687 1690 2793 8257 1211 465 9819 8656 1493 8020 8372 5171 6614 8172 9011 8471 7600 6707 4851 4955 5186 5977 5483 5296 9714 9847 8243 5521 7422 947 3959 4281 3021 3697 8188 454 4539 4454 7470 1401 4471 6166 5724 3127 4221 1415 5788 1109 7884 6449 2142 4590 1334 6818 1605 5591 
3087 5269 6366 2085 7641 3842 4689 1143 6471 8087 8644 2413 6274 9269 7188 8469 6315 1700 8610 4893 5332 3009 1186 8428 3069 4031 6208 8319 7681 6015 7080 8928 6599 9340 9653 924 3037 9268 7020 656 2599 3117 909 9085 3261 3938 9876 6052 2553 7590 8422 1250 21 3943 1795 8811 1741 6659 2249 3141 9819 9497 5816 6610 8973 7120 9608 5913 5126 263 4409 4051 6044 746 7266 590 259 7676 1663 8087 7467 6212 9620 6882 8678 9930 5092 8618 7517 6727 9406 370 1831 8337 7632 6686 148 9511 1050 5152 
8026 9354 3533 4895 8002 9403 9274 7733 9368 7295 7388 6878 8485 7204 8938 2304 5323 1799 4323 5993 8878 6376 6277 8217 4930 566 1461 5706 482 7043 7992 168 8349 1716 3551 3126 8331 1431 5147 872 4271 6553 1594 7546 326 460 3426 5478 2973 457 7930 2099 3624 1875 1804 6267 8885 1110 3164 176 7651 1102 6209 7117 8497 5701 1724 7176 585 3799 5915 5598 1960 5987 3971 1920 7692 7114 8952 2241 6646 6691 8784 2557 7602 3807 6380 5341 3226 8309 7388 1828 5397 5617 7469 3274 147 6749 8948 7401 
1058 3917 8763 3829 421 650 5526 1814 5400 3796 2076 3770 1490 7596 1711 5023 3198 9563 3122 6665 1214 8740 239 4157 3754 9683 4774 4341 1159 7019 4009 6948 1957 8425 8893 4965 8491 5054 777 3076 1326 4464 5827 7800 9858 1785 1128 7544 6463 9031 8160 3587 2968 4561 1552 333 2776 7407 2785 6960 8444 3129 769 4519 5688 1326 3718 7546 9592 7726 5041 8332 2890 9199 155 7231 2282 4524 4391 1709 2368 2201 8906 9835 9945 9391 278 3086 8741 2463 3401 4904 7241 9052 2184 924 1435 6723 5729 7297 
4397 5436 3371 4779 9503 9398 7444 3269 2585 8566 575 8520 4037 9119 7351 7081 7306 3511 4346 9800 3514 5904 2423 9479 7723 4462 1911 8578 1703 6678 2995 3929 2727 9194 1123 2653 9417 8567 6093 4696 9466 7669 615 8988 7070 2083 4383 2879 876 7524 7449 9290 2374 473 2530 1087 462 2476 7525 5805 3486 470 5485 318 5391 4096 106 5299 9432 9581 8566 4710 6513 9165 3442 9546 6484 7588 6252 9951 3413 3166 9370 9819 7079 9925 8378 8612 5751 1424 734 9271 1127 7986 2931 5900 2020 4585 7057 1867 
6791 40 7548 485 5700 1130 1873 3846 452 9229 6079 8149 2369 3562 6863 4701 8181 6914 7992 8274 3005 2534 8676 8908 8584 5806 7179 1811 8493 7290 2864 7153 3147 6002 7541 6637 5849 4729 9681 159 5492 4188 4129 5222 9926 9905 5725 4332 2133 566 9633 3289 7031 2975 6803 862 1840 29 8003 4013 7803 9910 8668 8904 6019 9789 3308 659 384 1382 8762 1113 6487 3732 7004 8103 7005 5287 9033 1099 9963 5737 3427 5961 5490 3989 1053 7172 494 1849 2524 5943 3842 5522 1048 1913 3773 4898 5847 142 
8528 2439 1079 865 5895 181 2321 4615 5107 2433 7293 6793 5456 8357 1336 7294 5859 5123 3149 3366 5567 602 3 8595 8850 4821 5617 1770 7089 5263 2168 780 7084 3008 7347 1924 6385 5249 4007 5062 9771 7785 3066 2663 7332 451 5459 744 759 7479 8364 2411 7337 7157 3903 4626 3995 2966 9516 6921 1399 9814 4820 4123 8692 4706 6989 692 8421 7744 9389 1417 9244 2638 4789 2016 9902 6011 1384 5725 3373 2761 3040 736 2106 1685 7461 7662 3873 9243 8478 4990 8934 9865 478 5452 8449 341 7826 8250 
7374 1586 93 1792 6465 8577 6976 8972 8574 4946 8637 6813 4453 4507 1265 5750 1922 8547 7219 7594 150 5171 1579 6618 6330 2164 9405 6745 7746 7895 9620 5747 7593 4050 2173 4755 8236 4887 1389 2288 9821 8898 1127 6920 4792 7093 2814 6479 6944 9104 7091 7453 2368 8038 9058 1594 5267 356 335 3204 3854 22 470 8599 6532 5033 6435 5448 1383 5580 2572 1876 7623 3372 5894 3578 4776 6707 1881 472 5800 8256 7647 6154 5102 2006 4341 4473 7614 3003 4232 8325 415 7278 9830 7740 3520 6317 2579 2426 
7200 5152 9875 2330 2588 5830 9668 3958 5802 657 2999 8784 1757 2741 7243 3474 9871 9436 8128 3313 9981 3214 3712 1242 7925 9663 419 2975 2770 9249 9199 4621 9917 9562 8458 5351 173 9177 9867 5471 2871 1382 7773 9039 4938 1862 5405 5463 8994 6821 2851 2666 7150 7842 5045 4376 385 4534 5015 8283 3626 9470 5622 740 7980 2028 1831 2116 433 5535 9790 1615 4362 6434 5742 1858 2446 9605 1972 6865 9790 4728 109 2340 263 2842 1080 1121 3912 7242 5408 1126 6123 1503 8943 2756 4509 9232 9695 8914 
2333 919 1606 4265 6546 7338 2376 6517 6406 782 1427 997 4526 4850 5357 5976 9232 5095 327 3880 506 8654 2427 6259 652 3083 6407 780 8589 6887 6861 4375 7052 1968 677 2227 7411 3290 140 4045 9592 8709 3747 423 1333 2409 8751 3350 3035 295 2796 8038 1348 5832 6148 6525 572 5618 3553 8866 4079 1356 6450 4360 9863 2823 7732 1296 8497 9874 2824 8392 9092 851 6332 6151 3577 7761 7334 458 2678 2583 6017 7654 8763 3620 6264 8386 7621 3204 1758 3679 7928 7074 7710 4693 195 6117 3247 324 
9843 331 7460 9311 4006 4501 9146 6135 1501 5507 7970 4228 3367 527 5844 5610 9745 9851 3904 7593 5626 9445 4829 6318 8772 1899 5283 5298 4239 2240 1650 3200 8722 4855 380 4924 9358 9859 8845 1570 6131 552 3502 4336 1773 5111 2195 7301 4677 734 3803 205 8812 3812 6006 7342 699 4145 9228 7992 1627 3311 2827 3459 9394 9164 4321 1586 7800 8049 4817 7364 8875 4610 2568 8351 9330 4280 4905 6245 4154 5931 7431 2822 6563 4252 6298 6857 8078 4546 304 9246 9517 8393 3866 856 4373 7146 7563 7210 
6571 5771 7110 3852 2766 9410 9426 1963 8575 36 3908 382 2295 2613 1957 3672 1871 780 5145 972 3748 9472 7227 5512 2263 9718 498 1991 7754 137 8716 4539 3267 2854 9507 3018 5790 7113 9763 6164 2208 8358 4703 5119 8527 4294 8354 5448 8568 6975 355 5647 9552 3492 260 9245 2464 9810 7573 6730 6257 6411 7975 7560 7280 42 5698 6481 9504 6678 3510 6547 5096 5164 772 1326 1552 1342 4265 2887 7361 2290 438 2211 7089 1069 9828 2717 1605 4293 1105 4641 7101 6405 966 1836 747 2431 1297 1767 
3429 7638 752 6729 4188 9688 7924 6088 1637 1075 1303 6107 4721 4126 8978 5365 3145 6929 2859 2780 4725 8166 3352 1575 260 6540 6250 5756 5151 9846 8995 536 5698 2896 9673 7447 4936 3466 4135 3004 1029 6073 2305 432 3285 5144 932 42 5176 9000 6438 1033 8680 1881 2776 8702 335 1387 6752 6006 3452 8463 6752 4693 4349 141 376 1900 1372 1938 2608 9878 5692 6517 2902 2541 6405 3927 8885 9204 9472 9195 6007 7833 2193 5757 9844 6251 1940 5396 4638 4686 6100 942 9988 1639 1673 9097 7577 3495 
1204 4150 1879 184 6221 7097 2960 7399 2164 6258 759 4207 8324 3487 3665 9045 2261 3615 20 7587 2724 2590 6541 8129 3494 4817 463 5444 2390 1656 4110 5401 395 929 5315 1414 2274 6791 729 3685 2782 7052 8663 8578 8005 6233 3214 3842 8138 2815 570 5094 8657 8723 5980 5360 7017 478 5240 6930 8878 2049 1784 5281 3439 2963 9808 3478 5924 1545 1240 1691 2222 4812 3567 1364 9720 6912 603 2937 8567 160 9681 2812 6618 6280 2814 7087 5853 7481 7687 6299 625 8536 1833 5830 5802 7191 1383 8828 
92 5647 7236 3101 151 2586 2733 6665 9931 7467 4735 9553 3852 2485 6136 9402 325 2663 1293 7360 1552 470 2559 8447 9379 3130 6772 4988 8563 7944 2529 1132 7421 771 5409 110 2872 1515 1817 6766 8491 2601 1997 3219 4795 8604 8340 5353 8676 2618 8492 5098 5483 3025 8139 4547 7307 732 2200 8552 1676 1044 7233 3093 8370 9659 6510 2744 4611 6644 7404 6642 1166 6280 5941 5363 7254 6413 3970 8324 2432 9726 1961 8657 5341 4082 24 2779 5108 617 8963 2297 8584 1959 274 8291 3761 7441 541 7433 
8132 9133 6841 6541 6550 4098 1479 9414 2482 8078 9662 9452 3283 3931 2882 5410 7721 1744 2967 8012 3424 1222 1440 323 2688 5186 6495 5116 604 7937 2457 1444 2383 4686 826 4234 2813 3815 1980 7496 8541 3864 746 5397 8233 3613 1031 186 6822 2124 5313 5266 7141 859 7838 2413 6757 2696 6195 8540 1927 3767 4629 669 3675 9322 434 1573 6647 6623 286 3420 7692 6694 3838 579 2565 4716 9583 1428 5664 915 3689 8871 6678 7711 8806 312 8657 5917 980 1887 3961 1168 326 5340 7325 3211 7967 3780 
1914 5342 6065 8653 7599 6653 8563 6707 3820 384 9007 8915 450 5252 5012 7746 2835 2860 1809 3127 722 6712 3031 6214 39 7287 6859 3498 2803 5137 7562 3998 977 272 9431 4765 9946 1740 6561 3201 2027 4834 9439 5923 2578 6525 5235 5156 3965 7630 8240 772 762 5126 1670 1645 5880 2560 776 5699 6046 6141 7550 8530 1982 5848 5955 9627 9023 4112 9222 3670 678 7383 3085 4775 6296 6357 4308 8264 6836 1592 7130 9460 3033 8251 3198 3752 5328 4642 5871 953 6327 4427 8433 4259 4408 5041 7904 2865 
5350 4660 897 980 2435 3711 7048 4242 4720 4963 4840 2064 5065 3552 224 2942 6302 2493 201 4957 927 7415 3562 1352 2425 458 2363 1797 8955 5976 3902 9314 1957 2106 5965 6833 760 206 2007 8800 5581 5637 7878 1903 2316 9610 4012 5039 1869 6971 9852 5586 1098 1951 5861 5643 6368 9919 8737 3201 4388 7208 7416 3792 7248 6164 9432 6993 7133 2624 9677 8442 419 2560 1342 2991 7804 6758 1786 9296 9189 6578 4108 6608 5914 9314 3015 6559 6496 5826 5679 9733 389 2607 1698 9894 7871 5914 7473 2879 
4109 3910 6090 4441 3736 1647 5595 7913 251 3382 6602 9889 5477 6782 3974 5972 5390 9197 5863 269 845 6245 3653 3075 2215 6476 8331 2530 7854 7628 5506 4238 9347 3228 8549 6723 380 4057 2747 9985 4594 1418 954 7059 7293 4771 3750 5275 9549 4649 6846 8101 3368 212 596 1402 9255 6841 779 9744 6226 5624 7530 2756 9722 9204 8594 9378 5573 355 7076 4613 6203 5331 193 8734 2706 6623 7320 4627 5685 1253 653 9619 2968 6590 2168 7888 2232 7701 9922 6169 5449 5052 1581 7275 1274 7964 3455 1633 
1162 7684 5078 7146 2266 7135 3499 5150 886 334 9642 9806 3541 5894 5184 8998 1588 169 8424 8529 1063 8010 3187 512 9291 1494 7304 1058 4435 6 2601 2575 5692 8940 6856 7983 8170 3016 4792 7320 5372 4743 1753 5194 9536 9040 2340 42 2408 6246 9512 8680 1762 9985 7206 3247 7801 6161 6397 4540 905 3184 8788 8079 9905 3249 1853 5283 883 9908 7042 9359 8041 4995 5374 6901 7985 2567 2546 4807 7576 5576 1152 2869 7044 8708 8611 9603 9428 6750 132 1784 2542 885 5560 9819 3950 6406 5791 9318 
5925 9487 4807 8361 4012 2782 4033 501 6558 8766 7349 3319 963 6501 714 4648 7062 3836 4889 3529 6142 3164 6986 5568 8831 8784 7115 5634 2190 5887 3684 8363 1222 6831 7251 7480 34 8664 8399 6520 528 194 7580 3800 8903 8634 5714 2737 8749 1811 7293 6878 8061 9736 9396 3304 4857 9105 7256 9313 6988 3441 3799 17 8528 3387 5798 5376 2468 7844 9506 7875 5912 4890 9571 9933 1579 8123 1089 9689 7069 9883 4378 4318 4728 2883 3772 1274 1281 39 9129 4606 4420 9418 368 2990 6948 6556 2073 6181 
706 8381 58 5502 3046 9832 7801 27 2284 4595 3874 7267 5659 9200 1602 845 2067 2271 5928 8728 6606 6821 8350 8299 8514 1338 9717 2370 2362 9736 4985 5027 5055 6814 1808 4581 4850 9748 5134 4087 2055 4676 4783 3036 1159 3221 7631 8167 1226 835 2185 8017 2745 5743 3119 3774 6358 7842 8993 9519 56 5042 2153 5188 6798 9597 736 9806 9580 4608 3638 554 3474 2548 5335 434 2982 3835 6187 9884 6994 9533 5834 4242 6947 3689 352 4026 408 5831 3889 3531 4609 2056 2319 7371 6442 2482 3840 8207 
5457 4554 4557 8196 352 1666 538 1773 6260 4434 2207 664 6214 1700 1725 5369 1849 6383 849 2901 1404 5053 4582 2278 8458 6818 4078 2028 3919 64 4503 7774 5424 4226 3010 8717 5195 664 3986 965 1693 5650 8497 1729 7943 5700 8606 3381 3416 7992 7718 3798 7986 2754 2692 6074 7021 7585 9630 8525 8837 8248 2999 7391 9485 947 5923 2585 8073 7028 2480 2833 4113 9562 8238 6594 2410 1323 8957 5523 1905 295 5821 1910 4809 7131 2008 6945 9368 1250 7925 5110 7778 8142 8016 6193 8076 6901 398 196 
6800 2303 9940 6700 3999 7166 9259 8789 7834 4518 5473 1030 1131 9813 8271 5299 6821 1648 7511 2939 476 4651 6022 2363 9097 2213 5588 7576 1399 3484 2035 7028 728 2420 1700 3740 418 5519 1073 2157 9804 2832 9029 6834 6698 1678 1283 8938 8350 328 4935 5625 7962 3880 6429 6682 7826 1021 4376 9462 9912 4142 6449 4980 4863 9062 6558 6088 355 7197 2099 1970 7923 4891 2520 525 4738 3230 5434 3547 2196 4280 3182 8852 4416 5988 5750 6067 6694 5720 7340 6600 234 3294 1468 4338 6295 9427 2467 6360 
9368 2971 9580 1557 4876 8716 3644 1084 7768 8572 7404 6111 5737 1710 1754 3025 3613 231 878 2706 4171 4907 7214 250 9710 6630 8397 609 7282 2117 773 4169 7952 15 8721 8311 6120 9755 4568 4417 3401 470 63 9375 1169 240 4612 3 5243 5844 8852 9518 9292 1741 6425 9571 716 7757 5794 3518 5717 3642 8356 4786 8219 8777 5103 4410 8037 4116 9549 9712 8201 5602 919 220 4421 4556 8555 6473 1115 5073 4190 6275 9440 677 4414 6082 9735 9136 7107 5295 947 8485 3636 4970 5167 64 9411 8637 
3889 9348 5642 5221 5957 7237 6317 5698 1412 7895 7968 9291 3280 7590 3668 4309 5368 7637 2139 7402 2121 2026 3587 3773 5031 9610 8479 8471 3759 350 7637 6488 4977 9403 6003 893 3476 9232 9949 6482 97 6458 6410 1031 2528 6167 3437 6951 6881 101 5300 2162 1997 4497 3296 6702 8820 7534 1008 8755 2231 954 1342 765 9327 685 7155 7020 5812 5354 4245 153 4406 5944 7021 1162 6818 8500 4539 8137 1306 997 9325 8665 3906 3719 1358 3724 2230 2748 9391 2891 5496 6123 2898 9259 4065 680 8760 489 
4298 9637 2182 279 5901 6565 7521 7814 2393 7299 3400 3276 4363 1212 7242 7657 4510 9458 2886 5207 4301 3365 7395 5357 2914 9682 8186 2307 7481 3326 376 1544 7790 9123 1858 2219 9814 5697 3196 7582 2370 5122 4425 8763 2465 6278 9150 9858 3180 7196 4422 2695 4908 382 1656 7417 619 1764 7029 5285 3338 6820 7331 1429 14 6437 5768 6140 2665 9454 3414 1327 9137 2817 461 2012 3347 3564 2900 8457 7362 626 8900 9069 6391 9046 7422 7536 7613 8638 6480 933 2615 1709 5217 5369 6693 7457 5553 1164 
7260 9600 1310 7851 6762 5724 9361 5788 4196 2039 3831 8382 6118 5441 2400 8242 843 27 2740 8121 7353 28 1379 2573 1145 2456 70 1120 8386 5770 1886 8432 7240 5150 9324 2972 6213 8212 3742 3274 3435 7694 7625 4337 442 2083 4178 2489 2607 2992 7377 2338 751 8460 243 8129 4754 322 5517 9815 9486 9984 4512 2909 2157 7987 3606 8268 8023 6560 1259 5462 895 8617 1914 7432 5670 5898 1340 3359 3879 9722 7880 7328 5869 9664 8945 6064 9383 9714 6415 8239 3895 2519 2843 9854 5074 9332 2458 6526 
6424 5114 603 2842 4048 3033 3066 1252 2134 1359 4359 9745 2566 7619 9830 8552 4510 2312 8678 4555 1889 6731 3095 7285 7295 4157 1026 7187 3342 7471 3899 6814 9891 9308 8290 6778 3246 1397 8187 7698 4013 3218 2491 8038 9949 2648 31 7573 4983 7258 2224 6182 7534 2050 179 8970 1243 4987 6776 7824 3850 8392 8320 7168 8591 3610 6206 2419 3378 6197 5591 344 9610 7741 7096 7108 2646 1650 8351 2005 2317 3528 1276 3252 3491 6791 3777 105 9765 722 6112 3795 5030 2305 374 9701 1282 8616 7806 1312 
1741 4906 2283 7696 2035 3710 9848 5356 2931 5116 1398 7854 8792 3988 8246 3216 5897 5156 5752 54 3686 3535 443 4265 1587 1782 3346 7722 9181 2974 2797 4951 2583 5459 585 532 3060 8939 4110 2024 8813 7864 9406 76 1388 8354 1965 7205 1217 3156 9269 2864 1723 4837 811 123 389 3676 256 172 683 1922 2091 7605 9382 8630 9175 9090 802 5040 8911 2545 9287 1962 9340 1029 7278 8508 8914 9802 3003 6128 9921 6169 6507 6372 9040 4130 3763 7917 5491 9725 9916 5977 51 4876 56 4205 882 6657 
8822 1080 7565 7945 2938 4946 2894 783 8184 7958 2477 6689 376 4183 9372 5653 7759 1252 7338 1773 8290 7736 5866 7867 9611 3304 7197 1318 3986 8678 3808 7641 6208 6920 5045 3166 2986 2123 4956 3921 1133 308 5222 6752 9112 9113 2901 1016 9278 9421 4607 6836 8809 9326 7716 281 3002 3784 2414 6960 3948 4223 4135 9097 4269 7296 9171 6017 6334 384 3389 4868 6690 3386 3068 9461 9676 9769 9280 9159 5728 6761 6725 6335 334 6444 5979 4848 2542 4467 2605 5719 4831 6524 1585 1270 5222 2254 916 1164 
6417 7233 3205 8752 6174 87 4997 8017 7974 6072 2150 6291 4792 7085 2957 4035 591 3447 88 1942 3334 6991 6635 4078 6111 6310 6302 874 7380 3066 2555 4798 1694 9304 7064 8818 5254 8894 1108 8229 4913 3654 5915 5977 1310 5605 4954 2385 2440 6170 3383 6272 4332 3568 2331 7654 9148 2528 7978 668 2598 3977 5691 4129 2931 5803 1249 3592 9735 7983 754 134 9615 9572 5126 4359 4335 4037 3795 8822 936 1178 8656 7975 8659 664 4735 3276 2907 2055 5735 4065 8533 5071 1251 7828 3795 2393 1223 8494 
4446 4577 1217 7677 1257 363 7158 1387 6054 7455 7276 8143 416 1893 469 903 4924 4467 1064 6629 9252 7876 8384 1594 7349 4536 4818 7669 8631 9164 8871 9632 9070 9718 7546 123 8812 6851 7150 6481 8831 6519 2826 8899 3896 1998 9262 1456 8374 715 1348 2611 7101 650 1845 879 5007 671 8180 6313 7346 250 1823 664 1735 9867 4167 140 7440 9357 2536 9720 4303 2474 125 9367 7704 1283 7874 6977 2315 4298 1060 3475 6109 6845 6656 3969 463 3840 4621 7649 9415 956 2013 2067 6454 6653 8519 7410 
5703 3274 7171 3241 2864 1622 3580 4740 2077 3066 7815 2110 2799 8502 3888 6602 6698 2284 9178 9384 438 9276 2641 169 1413 3056 7180 3041 1611 1345 4868 4466 4146 7147 7164 8544 6580 5479 1156 3488 1106 1827 2944 2124 2187 8762 7493 1112 973 5004 5557 6275 3493 9067 19 4541 3980 4582 2035 1113 5453 6123 9563 3159 2857 5237 3323 1995 4990 3243 5572 5155 3662 7312 4493 2395 8161 8368 6262 5594 4918 8123 2970 8323 6285 232 8830 3774 9024 7201 659 937 5332 6974 5577 4843 2866 6797 9154 2340 
3940 2796 4290 4686 6805 7307 4101 3559 8090 3881 9118 1629 9920 4442 1880 5367 7601 4489 1568 7172 8857 6379 7496 3434 7388 3573 215 8814 1620 9758 2608 2056 758 571 8725 6842 7142 5768 843 2590 29 2793 1456 1972 9693 857 6127 3631 3820 1862 6137 7149 3108 8463 1822 729 362 7154 1682 8135 2194 8066 8141 7109 5694 8074 563 3642 6559 9752 4265 2090 4772 5776 7363 8487 1687 7442 1914 7072 8524 5515 6087 892 6426 6786 1650 5380 8665 9012 5567 7867 6873 2427 3218 8731 8780 8339 3452 8552 
1366 758 7693 9588 4912 8641 5315 4727 4082 3965 4102 9455 5144 915 1141 4692 1683 5705 5268 8428 4242 4690 1328 8937 1503 958 843 2922 4277 1043 2660 1251 2321 7425 4221 6161 2047 9536 983 9038 7164 7769 1268 2932 1778 1898 6824 6083 4975 4913 9118 1608 9890 3636 4492 3668 9858 7584 5683 1740 8457 236 7077 8207 5943 4666 1179 6149 1432 92 7565 4552 4168 4227 50 6795 2030 3400 2373 7764 2397 1023 6189 3945 7980 1564 5681 4204 179 6629 2974 9961 5307 527 1497 8387 7621 9656 8963 7076 
9817 812 2530 3042 4465 6024 2314 6236 3243 6182 316 2258 8615 5663 5852 7291 621 422 3416 8662 1558 4303 1456 9740 5339 2675 3546 8057 3415 4370 134 9367 4365 3559 7886 5333 8348 2611 1535 9715 9147 7821 7102 374 5394 7266 9807 8094 1088 2938 3313 381 7485 6517 6193 1267 9233 8461 4952 3516 7715 9539 9616 2990 3796 584 7940 6299 4387 731 8405 6088 9645 5441 4436 5297 9866 9740 5786 2467 9965 2513 417 1049 8168 6383 2747 1445 137 3064 2195 6434 3871 7592 8341 7622 6918 8056 5633 1848 
1185 554 2747 1910 5658 1823 551 2130 1997 2999 7413 7310 1829 4478 3503 5910 821 9295 3549 5616 1294 3135 3591 4742 2108 8062 8271 5358 3789 146 8927 6866 1490 1762 7582 8106 1032 6533 4412 3640 5486 5037 5216 620 4018 1065 4510 2313 302 463 6916 9833 6772 3984 1437 2158 629 8655 1295 9574 4090 7049 1085 1533 1101 1048 3528 5647 8652 1655 9323 8354 7645 7759 4229 8478 571 3108 6909 765 8073 3257 1755 5149 7106 8213 1652 5160 5268 794 302 777 1883 1366 8565 9665 5349 3856 2250 6381 
6572 5349 8481 3790 1030 8219 7122 9804 5750 4906 8927 5814 8099 4465 6363 4044 7680 2045 8208 4438 8997 1826 7890 7755 1910 5097 4388 8365 6692 7990 2426 8552 6037 2372 9270 8281 9828 4783 9475 6067 7864 6692 2214 4667 8662 6353 9113 3722 5558 6501 9965 7924 4636 5733 282 9575 1098 2951 978 6743 2984 8959 9325 1639 5871 3427 5503 2526 3350 6719 9125 4139 2276 676 1377 4772 6303 1663 6382 5803 8814 7224 3895 9723 3787 4969 966 638 9407 999 8102 9089 4226 1591 9799 1487 6002 8586 9542 7902 
1344 4876 4171 8222 7728 9712 9954 8572 4767 5010 9034 4723 5043 6415 688 1364 6222 5443 7218 7000 6256 8535 9277 4828 4230 1220 9082 2130 5339 6399 5983 138 2483 883 3171 562 8058 3242 501 4671 9713 6496 1837 9534 3024 4584 5180 9338 1971 6436 3428 5899 1606 9757 3487 2173 5043 2125 1177 2763 9730 9632 8316 4436 5805 8133 8921 312 8311 4397 7052 3850 8168 1715 1647 6962 6833 4793 5995 3093 40 2445 3947 337 1814 3462 4960 1509 574 6652 9105 6237 2908 6776 5641 2993 7012 3397 5112 5356 
