32 32 32
6438 2445 9602 1820 1978 138 6191 1353 5303 7293 6945 6259 1375 5230 6729 8975 1273 1326 7180 9609 9997 6255 6034 3930 9828 6113 8156 9163 1547 8959 3048 3791 
2754 5831 5188 1696 2430 2573 8592 1606 3385 4801 8269 4181 4170 2154 5531 3361 1402 9951 7164 2189 1722 199 3524 4852 9892 249 9341 7980 5963 6983 9257 3766 
514 9538 9557 4497 6233 5331 7063 3591 4211 2302 4392 5366 3059 6201 1890 8459 2602 6885 4603 5525 5936 4312 1869 9819 4345 5286 8693 5869 3980 2337 4009 414 
8701 823 9357 8181 6983 2495 7648 8274 5856 6202 1113 7176 2873 4057 108 7011 6191 8426 8074 7870 1581 1036 2888 4001 6027 2369 20 806 3395 7854 2768 4189 
6201 2546 7280 6137 6800 1387 1008 3372 1972 8599 2350 8056 2944 1464 9252 8619 2233 895 8524 2124 7269 7908 3017 2695 8904 859 3083 9287 1845 9154 9752 7250 
7246 3523 5178 3569 8494 3640 7173 2624 8198 2455 8266 9662 2558 8944 8369 7146 9995 2793 6210 9427 4921 5025 7000 9113 3447 780 1083 553 6523 8422 8145 2669 
6509 6560 1015 7189 2735 7357 1447 7004 7935 6340 7889 5569 387 1902 1951 202 4275 1910 9752 4071 2105 8734 2688 7160 4771 1356 8204 8954 9619 2640 9094 5140 
1684 7605 398 4286 2592 1619 6213 9018 2007 1408 2748 5314 424 8790 2049 5411 776 359 2216 9967 4061 9730 6870 5433 2232 3374 5761 7976 4313 7489 6771 2537 
495 2386 5886 9551 1632 3080 9591 4313 5166 7836 5391 7165 6260 4104 5821 6097 9648 7177 4510 9260 4905 5566 3280 4626 7628 2013 1145 9445 3671 345 453 3960 
1085 7060 7563 1088 3992 8213 1361 3342 1688 1311 6214 234 5729 9393 2479 6111 7606 2343 1784 8577 3909 9341 9095 4832 603 1334 7861 1357 7804 7784 9356 2108 
3920 7539 9925 4290 2772 4170 8233 4666 8318 6922 9019 9253 3920 9489 4071 1913 2382 4372 503 5679 3692 166 4117 5504 6899 3726 8544 4418 2894 3979 5158 5648 
1536 8725 6644 4105 9671 8777 8955 2843 6582 6392 9588 2528 1047 3803 1483 5390 8526 3932 704 5186 7408 5387 1770 800 8223 8647 4182 2655 9314 6966 2616 3390 
6070 1930 2358 2735 7427 1951 1386 596 2725 9392 6547 497 9263 4776 8660 1703 324 2947 5145 8282 3663 5015 5525 4362 5416 2406 590 9139 615 6164 9474 2989 
5918 3658 442 4907 3202 9215 7496 9821 4441 618 7105 3960 7286 2686 8051 9951 3294 8617 4918 8289 4745 4535 3034 7401 6979 7087 8882 8253 1862 5815 7453 1573 
9116 9312 8299 3868 3650 1257 9570 3993 6108 7336 7169 908 3192 787 8950 9321 2108 5721 8297 4892 6606 5321 7277 2531 9889 5959 4155 457 9923 6719 5432 1704 
2189 3265 9641 4261 7282 9105 1817 1959 7404 1412 8828 9082 5667 8920 5636 6855 2842 6945 1918 2743 9688 6896 3641 2369 3333 1700 9865 2665 8500 347 8055 7202 
606 1686 3700 8305 1773 8857 847 3153 8369 5733 4464 3366 354 6069 6753 5922 1925 9181 1785 9953 8291 9141 9073 7074 610 2901 8454 5737 4696 7324 7996 8458 
3222 6480 7886 9909 8333 5018 9810 6795 356 6995 6786 956 6619 8454 4047 3923 3588 7768 8779 3680 3516 3625 2852 4419 3534 7799 9230 838 3800 8352 5880 1265 
4288 7821 458 9618 2010 503 5720 4694 7204 5767 5793 2354 4830 6205 1790 5402 5 6930 4264 7015 1435 4889 9030 3684 8340 2173 3817 4369 5928 651 174 979 
660 3515 7292 8853 2241 3198 6975 1689 932 4378 8017 7216 7171 8612 5086 2679 4795 9532 3149 3828 3707 5339 5108 6429 9314 5755 6542 6539 9631 9525 9858 3285 
8154 9536 741 1942 1591 7145 8223 1074 7012 3358 7872 7062 4487 7919 6091 6957 2193 6324 9456 3030 6600 1481 384 4763 8469 2450 1814 3563 5669 4312 115 1544 
1896 8473 9764 3028 2184 4727 437 7065 6426 2645 5032 7330 6984 5996 8260 3866 1100 8269 6206 105 1363 3052 1432 9292 2304 4212 6915 9936 4129 8259 4418 8696 
6097 1914 8400 8133 8887 5548 2086 118 5626 9163 1507 7510 9042 4103 6785 1622 6707 7264 1556 5584 7749 9060 1921 5253 9221 7890 4824 3038 2071 4738 959 2154 
101 9193 8316 5016 2127 4878 4460 6163 701 5803 6718 3885 6109 5204 7438 2475 9960 8854 1546 7471 9346 7672 1919 7690 5271 4716 7971 8545 5749 2289 1155 3273 
4125 4497 4856 7116 2917 6699 3383 2166 9177 8930 6380 7715 6835 1197 9012 2541 2919 772 959 3040 1351 9195 9082 7008 4196 3601 3501 7454 9349 8966 1563 5407 
5844 8911 1411 6511 6733 5450 7602 2164 857 2465 3288 6132 905 1613 4453 9486 6765 7156 2902 1928 1887 409 3049 133 2300 1313 2983 7400 1993 2193 3539 3477 
7683 587 5089 4278 8272 6690 6107 9840 655 3390 9383 5496 2488 550 8298 5465 984 5373 6406 3839 8319 7299 9231 5924 5966 699 2369 8366 3302 4811 5890 3151 
6901 5123 9740 3325 4012 3496 3489 6430 142 6374 3026 5250 1239 2407 50 2476 4390 4505 229 9698 3548 9072 9471 1925 9217 2983 8582 3490 4068 2543 8531 7505 
8147 9806 1279 3729 9007 24 3129 3196 516 8509 5371 3811 1635 2723 3341 7076 1586 6627 4919 3045 2981 3803 5105 6374 6260 3645 8047 5315 9421 2378 6696 1590 
4509 6360 1673 1381 334 2543 3520 1056 6776 8485 5113 7656 7988 4180 771 9828 4874 5632 8508 9195 4815 4807 6829 7281 500 5994 2336 8801 9085 7163 693 3236 
9849 423 9762 928 6003 721 3258 2283 3349 6022 1274 9237 379 496 9132 4547 840 4794 8226 9637 5846 3741 7089 6091 1939 6136 8301 2760 627 2426 4686 2585 
3210 7086 1687 6201 6419 2409 1761 1440 3159 2846 7817 4672 8531 7588 8642 6718 1115 8626 7667 6232 3231 2225 2818 7009 587 9426 2938 5664 7308 9219 2993 4062 
3715 7790 9404 6505 2940 3164 5450 8040 970 1029 8024 2742 6993 1234 926 6793 6220 6249 8879 3208 47 4804 6392 942 7742 379 5249 3387 6743 9399 1347 8815 
2994 1535 5836 1327 4323 9025 5307 4310 1598 1726 3474 5196 670 1553 2567 7945 9616 265 1848 8939 9808 3251 4062 6041 8153 701 7433 9396 4739 8361 5259 5825 
3552 3932 245 9022 90 9091 9403 3199 6027 3570 3118 8066 8559 4708 6286 9489 6324 1353 4179 5386 2672 1246 7309 5349 3125 3650 2147 3377 1949 7016 5196 7846 
4653 2586 8496 9142 7487 9049 2189 5087 7262 6975 1499 7003 449 4560 2918 7477 9395 2868 9418 7841 8841 2759 1938 234 8393 3196 6686 2191 9305 6731 41 9898 
5407 8143 7816 4879 8573 5732 9973 7262 8590 6506 3829 4748 2524 2318 9029 5437 9948 1612 6898 9556 2420 3795 8588 1721 7149 3103 6901 457 9836 2605 370 2653 
5070 8854 2494 5357 3269 3379 3226 7093 7133 1115 7436 4242 2684 2103 2732 3562 803 2276 6228 974 3193 9155 6933 8512 1680 5228 4313 2252 7099 1637 3134 9512 
3713 3730 2367 7782 2799 3842 2975 6240 7765 9869 8150 1626 5833 3671 6568 8795 1358 5083 1164 6530 519 7415 6916 115 2861 4781 5954 7483 5567 8931 884 5054 
3510 4515 7979 1598 3278 9288 313 7413 7056 9188 4854 3877 2398 9746 1421 6200 4202 5627 3108 9768 7787 4043 7736 5544 790 573 8233 5900 8036 184 251 4462 
4651 1694 4818 2621 5624 9981 5616 456 2677 9464 2155 525 3132 9886 9145 4488 521 9143 6357 6492 1807 4320 4262 2289 7162 1038 2614 5712 3957 4443 1624 2012 
7906 5344 7583 8431 8809 79 3993 2258 4241 8139 777 5439 6967 9080 2776 2327 6062 2176 61 9992 6531 2167 1648 3828 6065 6137 9442 9836 7338 4662 7650 6065 
5598 7012 1733 6940 2824 6619 9345 392 8491 1732 2415 9337 6133 4874 8476 776 9331 9917 191 6830 6443 1567 7285 3586 4168 2202 1843 7702 2205 9011 2905 6022 
2412 2446 9523 2735 4778 7630 1679 5639 3085 6998 4955 1743 8919 6289 4280 5462 628 6281 8744 8006 6278 9544 9699 9978 6000 5727 1078 5141 3491 6131 328 9387 
6643 9288 3237 908 2457 7654 5862 8349 6448 2301 3108 5084 8915 9232 3306 8431 1287 2821 9079 4015 7703 6752 9409 9922 486 1561 5441 7355 4226 5499 307 6564 
5956 9752 4456 4842 6280 2477 9667 2774 1453 5513 3027 3201 8411 7821 1366 9207 9822 7686 6200 5026 3374 2261 7731 6541 8352 9666 9295 1270 1783 2644 2057 3223 
5564 3701 1993 3989 812 7342 6552 6560 9920 6673 6497 8913 4729 2019 4823 4812 7538 3521 5288 217 7919 1759 9474 260 3869 9194 7963 9680 1751 8827 274 3303 
7275 9788 4311 6504 7646 8613 6239 9184 8324 6636 1524 4284 4190 9564 4681 8922 3028 1001 5287 8994 30 5837 8143 3029 8350 1627 5685 3250 5759 6505 9874 414 
5343 6884 4823 9440 9958 2700 9675 9889 8671 637 8164 6462 3885 9839 7146 6805 7761 9765 9708 6213 8492 7078 8007 6734 732 6424 2073 3573 920 2560 9589 7402 
7812 7692 5960 7275 9 1559 7103 4742 3842 3937 6856 7838 2873 2292 7214 593 7697 7191 6069 6076 5514 8930 6675 2090 8369 7175 8968 1692 7742 6745 3463 8138 
4097 9157 8141 5514 5522 6005 1382 3012 1098 4466 3090 9312 4288 7609 5239 639 7505 2817 1772 1495 5030 4507 5836 8516 9371 1298 5289 9675 113 9287 4175 1160 
8299 6111 2238 7502 1102 613 3332 5931 2806 7087 8646 7747 2094 2464 208 153 3667 2710 7467 2196 8979 7601 5 1359 8837 9954 7863 7821 7490 1901 6124 4998 
7778 1178 4878 1689 8099 2629 3264 4367 405 142 2515 1488 8964 83 5935 8746 7886 2095 2890 4080 4635 1852 4962 954 4120 4883 2961 4398 4645 9011 2640 1053 
820 5175 7323 6932 2738 3573 8860 1428 6759 8427 1524 3956 923 8497 6684 4293 1439 9884 2106 738 137 9451 4120 4684 5609 3910 5522 9835 5210 7603 9034 4804 
2142 2019 6312 3741 2942 7992 2056 602 1954 4289 8875 3054 3831 7844 5094 5302 189 4568 8588 4168 4998 167 4068 1611 1550 3335 5704 9771 4753 6271 7293 1013 
5688 7428 15 4245 4773 9641 6339 1706 3963 7923 3258 669 3647 1444 5351 9236 7300 4252 758 5113 9351 5980 2874 6523 8517 3544 7807 8337 4238 9059 5510 2780 
1489 1761 7016 3518 3464 6639 3224 541 9733 5128 8014 7445 7391 6692 2109 9148 2844 9745 2041 6309 4413 7873 6722 900 3029 1657 31 7642 3863 5732 9858 5818 
5360 6329 6147 8330 8112 5624 2604 488 6854 6525 9656 9872 4460 7705 5515 2229 3468 7523 3448 9536 1526 6001 4121 9591 9013 2271 5093 3728 3117 1284 8516 9539 
4434 9339 6904 8428 1910 6745 2482 7992 7868 3058 981 8661 9804 1133 4103 1086 2086 807 3705 6020 792 7515 6450 3932 8958 963 7024 6138 7282 8032 4201 4235 
3939 6867 8310 5426 9414 8357 7256 7393 7615 5423 227 9013 2336 5300 7015 2828 7290 1846 136 5539 9346 7337 8185 9849 8049 1226 6253 4819 5069 3692 9020 4732 
6609 5303 9990 4749 324 2894 7718 2829 7798 1788 7293 6750 4650 3076 762 3424 7935 7890 7946 2572 2553 6292 8234 9337 4531 772 4884 2214 3564 231 5878 2249 
3819 626 7195 2148 1882 2719 2003 8368 9643 3196 686 7036 2805 1913 9809 2550 7586 5098 4985 4512 8555 1097 3250 6182 739 44 6809 3922 2041 3364 6659 5705 
2661 1842 1453 9830 7548 4949 5633 5993 4589 6166 2777 3498 7287 5365 720 8280 9499 5511 8171 9064 7026 6472 7 3555 3285 1034 8477 914 3014 1978 5730 2860 
4680 5478 8571 2984 2190 4845 8194 9378 1207 7065 9898 7832 4520 7645 9844 8809 9609 6910 5781 1345 4686 9514 4650 4830 6052 5940 3121 4352 5799 5577 7781 9220 
