64 64 64
814 6845 2091 12 7540 1938 7449 9376 3106 6671 2112 6356 6397 836 6341 4250 8840 8940 7650 5810 453 7116 1867 7855 865 5940 9911 1481 2547 3734 2913 902 1595 6529 7556 3780 7687 2735 2000 9812 6882 3198 4375 6799 3075 1000 9421 650 6531 4446 4089 605 52 9011 6955 8607 8413 4589 771 1735 8451 741 9763 471 
6920 9927 6137 443 1339 5705 7753 1013 9328 8057 6130 1089 7127 9299 5550 8888 1833 8663 2260 2140 3305 5595 2058 488 9582 1145 1480 8535 5369 8549 5114 9473 1561 6577 6565 1859 3956 3588 461 8403 8891 9964 206 6997 6647 7425 5994 3600 6863 5740 8029 10 172 8920 8284 4295 3177 9297 9671 7600 6401 6189 4195 7882 
7402 1305 7965 9063 9670 9464 5887 4577 6966 9749 63 9327 9315 4169 1007 9593 961 9589 4869 1668 4742 9627 888 631 8997 7524 7541 5880 9505 2626 1091 4839 2294 2267 4019 5232 3786 4312 4598 6082 6900 8002 2710 9601 3074 8888 9734 8586 5696 7364 268 1240 4992 3010 6527 7167 2944 457 2 2275 1013 9341 2243 1928 
3122 8070 9526 3043 3044 3077 9631 2410 7410 7583 1841 6427 119 1779 9406 4305 1544 9829 3174 5350 2453 9462 9007 7739 5744 9837 6167 9675 8951 3577 1054 241 629 1207 8545 9451 453 378 5650 4624 613 3402 2058 8088 1030 8717 2597 4645 5198 8923 6634 9785 9181 2118 7949 6488 7165 1456 7665 9358 8388 9764 4621 7661 
2525 4114 6583 8692 9721 7004 9050 6582 8559 9358 1970 5199 7057 8258 211 6048 6708 9023 4346 6095 5716 7598 9870 8453 1578 2144 4697 4268 9713 667 3829 5267 4329 6802 784 9933 3543 3789 8821 3365 3789 3903 4817 5537 4786 6633 9261 7604 9755 1109 3598 1896 6048 5676 4019 3477 8211 3892 2748 9145 5180 6529 3290 3751 
9496 9947 885 5099 2478 7692 9474 6002 3147 760 7039 2891 8650 6606 9698 4801 4125 9268 5041 5013 8262 5835 4566 1856 8946 4679 2011 1113 153 3647 5419 7575 1283 1603 2533 4415 9462 6542 1654 3108 231 1251 5851 3890 1347 6786 3258 8344 1593 7151 3452 9569 9892 5530 1460 5473 5614 4288 7215 8897 4349 8190 1549 8803 
7354 4941 6960 5527 9938 4780 3150 6017 8964 8909 796 2454 5746 9014 7363 5939 5932 5323 2973 5963 5424 1529 9420 9096 3913 613 167 848 507 5243 6286 2853 8611 1001 4635 6959 4057 4271 3578 5515 455 8363 7300 1209 3228 2188 3570 3855 7085 783 9036 3016 4975 6752 9687 8582 2124 8382 1020 8523 6548 1886 7717 7222 
3509 9786 5910 4002 9146 4126 1580 23 7133 9898 3981 497 5467 6408 3054 6121 159 2591 8917 4313 9137 5413 5432 6529 9885 7511 1923 9563 7770 5915 4520 4906 7290 1406 9620 1029 9910 9238 2764 3748 1915 4825 846 4941 6183 1473 5697 5551 7980 2762 6655 4553 2376 8053 9043 6262 2602 2557 6692 7966 8349 7451 422 9130 
6233 5856 7182 4143 685 3779 6933 3986 2987 9699 7569 7909 3154 8748 1317 3343 7259 7770 6007 4791 4730 2792 7534 6016 1470 9580 9024 3293 2823 9520 8382 4594 8019 9294 1698 5904 6203 9013 6452 6198 3233 8488 3956 6875 2217 2065 1585 88 4292 8470 2149 4900 8876 4732 7817 7311 5370 3935 8474 4536 8852 6529 1727 4528 
7392 1107 3040 4690 5396 3109 445 8165 9574 8507 818 737 5397 8587 7757 9392 9363 5801 5020 6103 4735 1890 8320 3529 883 3300 3344 5565 9978 818 9256 1034 5823 2359 8282 3124 9547 6326 9962 9891 8179 6380 154 8527 6980 2201 9258 3132 4690 5950 2034 5581 281 8400 9440 5847 1970 6236 2047 6074 8406 8058 773 5559 
1597 2340 4226 7613 856 1838 6821 3623 6882 289 3624 9992 9355 7144 8245 8017 426 7423 5720 9006 6334 3965 8262 1592 7686 7971 8468 2451 667 8606 4295 6739 6345 2032 7568 5496 3268 557 5282 7874 9114 6013 7525 7882 2586 1904 4189 3648 3124 8227 6242 4291 6428 8955 9201 9335 8975 8333 6596 349 9861 7518 737 7508 
6498 5545 3075 234 352 7814 9981 2836 5838 8040 5105 2337 8409 6710 5501 3794 3718 5755 8258 679 2136 6430 5143 4260 6018 3347 5576 1116 8667 6365 2856 4858 1934 2737 2308 4611 2351 9380 5371 2374 7631 8272 4126 509 4517 3876 4657 549 6670 5938 4160 9409 507 5036 9591 496 4644 1032 628 5299 7522 9137 10 1713 
2239 3471 1150 6376 4687 8416 9361 8073 8630 8158 3549 9610 2900 5493 478 6078 2444 9461 9328 4616 1277 4691 2471 4903 5753 3556 7350 2667 7138 4336 3340 7073 8085 3790 2273 6981 2071 2000 9682 4399 3167 1519 5846 2658 9501 3532 4205 8513 9353 188 6418 2177 6994 4985 9202 4679 8133 3326 275 2045 4675 9166 9636 1157 
7403 623 8582 3964 9181 8963 6356 708 8105 5864 5826 6385 360 7730 9209 2436 9420 1599 2079 4900 4217 4381 3167 4332 6056 9441 7851 2918 9035 885 9439 4872 9106 9696 3329 315 4993 5511 2570 4927 2783 2268 7577 2676 8537 1693 3324 2877 6968 3084 459 6818 8643 7231 8642 8177 5400 5447 7585 112 9266 1740 6925 8214 
4991 2888 7779 4052 7415 7118 1019 7892 3295 1815 5345 3679 2005 7104 4104 1998 3999 2682 6778 570 6627 6037 4220 5697 9060 2160 4602 3336 7912 5106 1394 9912 1473 1780 5815 9612 8353 3042 8620 7113 7713 6614 4030 7583 278 6379 586 6085 6504 865 3532 5934 2644 4388 4268 215 309 88 8788 2999 9683 1604 3981 2109 
3937 5111 9982 4933 4139 7043 1289 4900 1602 5685 2873 9841 307 6083 3524 7500 1161 2769 9200 9616 8050 6213 5409 7037 880 2192 2637 2930 1935 1211 7305 7212 8426 2751 3455 6466 2726 6038 5080 9518 570 8137 5307 7284 6548 5014 9246 6465 425 7962 1036 3484 8609 6381 543 5930 6925 6513 7128 5825 8458 817 7794 5372 
6557 7941 8340 465 3710 2753 7561 9801 61 8093 1235 8731 9811 638 9747 3310 81 9224 3006 5105 6469 2850 3648 4080 9304 2689 1375 9711 4082 8233 2507 1904 432 709 1693 3209 2624 8603 759 9088 9271 1260 3507 4224 6638 2088 1361 9564 8406 2801 5185 1236 1019 2125 8113 6813 3110 4041 6924 1117 4987 4439 1103 4098 
6720 4463 8135 2743 3506 2175 5778 4297 731 3689 7877 1980 4601 3323 4602 8443 2960 8294 152 8076 6836 7390 4933 8953 1201 3879 9953 4605 7010 8398 407 211 8147 5027 2631 4680 4031 5272 8929 5049 3941 1140 4733 8027 606 943 9337 5723 2736 52 4323 2907 3345 9565 4042 7159 2622 220 8653 5958 1996 7773 8413 8872 
3513 838 6668 6307 6934 5913 8052 7425 6578 2297 5730 3914 2218 3778 4083 5727 2020 5280 9437 3709 7091 2125 4415 7011 4926 6948 6215 539 2847 2980 2774 9820 2634 2293 4183 5392 7124 7811 9987 3732 1545 6739 2799 4994 9079 5609 8119 5715 4111 2502 5939 7846 4129 9862 7891 3135 2761 4471 5749 2552 6191 1953 7340 6806 
2815 1915 1264 9949 2852 6455 7951 5855 9288 6312 3434 5476 8123 3240 7674 2394 1911 1183 4656 1745 1424 6598 663 2771 5334 6415 4461 9551 166 2741 7208 3221 6147 6937 5015 48 4430 4542 9319 3187 8343 597 1820 9441 3047 8751 2456 5480 9520 7541 1646 9545 6389 9784 7685 5426 6314 7162 4584 8609 8828 150 9597 4887 
6415 3641 5937 9738 5502 1893 5089 2457 2626 5803 6298 8737 1754 7774 4249 4277 6575 7037 9009 3678 7748 3714 524 1124 5833 5124 4297 2504 999 4377 9405 5337 2567 6498 1426 182 8127 504 2028 6525 9221 4652 5171 4886 3960 8091 3704 9377 2955 7773 4392 4746 9483 2365 1521 1776 6367 9261 7375 6898 8850 3735 1014 6272 
3455 4679 5045 3481 8386 1052 7571 40 9851 8029 4368 4119 6935 221 7891 4286 7789 1200 5934 4080 5192 2040 3821 8909 5911 5269 32 5681 2396 6663 181 103 8580 1282 1435 673 3276 179 6373 3715 2682 7623 7084 5735 9429 7136 7812 9371 8617 5953 1404 5089 4388 9034 6566 604 2236 3849 2173 955 1724 2539 7363 3624 
6122 2102 7647 9339 8024 7465 8309 6640 646 7986 1756 2122 9753 5398 9694 1298 4389 9577 3662 1106 4451 4697 7894 4993 4488 2747 3573 8654 6776 5262 5566 7131 4968 7113 8453 5686 3936 1813 3656 3236 6878 2687 2534 2517 6274 8478 971 6169 3673 2485 1451 8392 2678 5344 6214 3754 3447 2889 6389 8122 9499 6969 1143 6831 
4556 1090 7676 3647 8277 3102 6014 6187 9530 8107 989 588 7695 4264 4726 6202 3772 3612 2630 455 2834 4038 1329 7199 2161 2591 1273 1078 1973 1689 9877 3606 6698 2746 8894 1245 6125 8328 674 674 7778 6322 9285 1018 574 8899 1678 8068 1006 6872 8103 2273 5109 1419 628 7577 8669 1683 3341 5331 4244 9262 4628 444 
4103 8307 154 2274 3446 2952 9496 7356 4656 2442 9671 2753 5293 2273 5056 9031 695 8803 9289 5116 5365 9559 5622 3565 9690 8505 4467 5695 4670 6431 5088 7329 6535 7547 8193 3300 2353 8430 6722 6093 5291 2065 9856 1032 536 814 9607 3398 1445 9389 3092 4472 2157 8488 5800 7064 2349 906 7969 6344 8859 5480 4435 3599 
1904 1991 4242 2771 9769 9465 4477 9179 3956 8166 1589 7057 4453 6899 7341 3237 3823 9214 1239 2664 8166 27 5961 7168 3228 8755 6118 4766 9340 8355 5113 224 2496 3810 4045 4429 2316 3127 9058 8356 5248 4768 4873 1656 7112 7499 6019 320 5970 3240 9784 6191 5963 7048 7522 2493 5939 9425 5831 9424 4593 3629 4942 8110 
6870 1813 8562 6055 5828 9311 6527 25 413 3395 2519 5391 1761 185 9034 9678 6832 7803 9757 51 987 5579 1129 4534 4825 6112 9006 455 6425 5845 8145 2109 6137 9578 2042 6246 6929 3186 6494 2760 4201 7308 1918 5107 139 8008 6483 1 4643 6541 7346 6106 1105 4803 9452 7735 9711 5567 9862 3421 6517 3764 2699 2533 
7058 3749 6871 8208 678 7302 9904 8278 6240 3785 7991 6605 7367 8347 7642 6604 1405 4408 4376 4782 7826 6893 6721 86 9682 4498 1800 2548 4159 7651 951 3897 6935 7492 585 6358 1379 7188 4270 1865 2651 7380 9637 9236 4434 4673 315 2965 4266 2215 3573 2926 9147 8474 5688 395 1547 3519 6689 796 9974 5324 6077 8475 
5251 5489 6043 6905 3448 3491 1697 3150 9710 5628 8604 61 541 1971 6201 317 2431 8722 9263 30 5257 2187 3720 6515 3383 2782 7943 3398 9682 8571 2095 3559 4468 4177 9524 1476 7516 6357 1622 3503 2322 8466 5730 1308 4637 4400 3621 7483 9855 3417 3537 8024 4363 2053 2261 9007 6833 154 3536 2766 7913 4158 9446 6266 
7654 4792 9724 2563 6018 5210 8794 7912 92 9451 5791 6475 2810 2254 4614 8476 3126 5182 9011 9204 6734 8284 5688 8250 9420 9127 3585 7283 7453 1779 8511 7345 3582 9476 2425 3240 648 6849 3094 4472 4714 6638 622 9594 9549 7243 2527 7656 5197 8148 1223 33 6406 8639 9929 5924 4494 3622 4689 9490 8520 2535 2289 7116 
3879 814 3964 4659 3356 3579 3585 4761 8033 1073 3920 3260 4796 9597 5742 5721 7089 7113 834 4342 2772 250 6921 2655 5800 6663 2354 3607 4916 6212 7979 979 6088 9072 6419 8700 9849 9232 8908 4740 1059 6910 3395 1641 5060 4399 4845 9053 8108 9537 6245 8079 9353 428 7444 3363 4418 9589 3090 624 7701 1424 509 4209 
9110 6817 3049 9381 7499 5752 6260 6184 6368 6505 1329 843 1247 5368 5184 1965 6253 2515 2478 8467 4272 1621 4663 1133 895 1334 5981 7533 8731 6975 8009 4111 7721 5416 7678 7164 2747 5144 8430 4084 2177 7815 2199 85 8227 236 4835 8590 3122 6889 2528 4457 4588 7288 2310 5671 6214 2711 9832 8504 836 8938 7530 6714 
4507 8386 2647 5748 2739 2371 8614 918 5036 6674 8367 8851 2383 4605 80 8630 7189 1438 5260 8594 3703 262 5048 9643 2282 1740 1430 7209 4457 2599 463 7097 4536 476 5323 3129 5860 1647 9056 4800 6724 8667 3236 894 8219 7843 4123 8729 5459 1716 7484 215 4781 887 5128 2413 6441 6220 979 2109 1490 4442 6119 4251 
4236 3387 5260 2465 4704 6059 774 9093 3206 3034 4256 7996 3462 3746 3311 3165 893 1270 6288 4459 8322 6449 6997 8688 766 4448 8543 8875 7446 8694 5076 4777 6435 9544 761 2298 9112 7521 8223 5344 3774 7948 281 5529 5314 4106 7302 4574 6510 8953 9362 1057 7918 5446 9599 5856 8959 5749 3272 409 8632 7426 2844 6522 
5498 7834 2046 3279 2250 5639 9638 5407 3260 9303 8760 5115 5723 2061 3440 6412 5313 2285 2052 8587 5787 7172 1585 7832 9908 2963 4653 2199 1212 6817 2705 5393 1930 688 1377 7622 4429 9085 408 832 6632 6211 5937 6357 9110 9460 5760 2586 3471 2104 5762 5266 3355 358 4204 4686 3321 5695 2551 5382 2292 8291 1261 9127 
3281 4046 3711 5050 4656 3015 6535 5404 1952 1691 2605 2340 6267 7787 9898 7647 8836 6758 5298 6114 4868 441 467 3566 5555 3649 1287 5124 8051 3962 7116 6716 8767 6671 4003 2343 657 1178 6305 6635 2066 6137 6791 9210 9896 270 4466 263 3969 3736 2189 549 6703 4316 6765 3566 7610 7048 8584 7066 4112 8144 2935 5641 
7822 9571 5468 3189 411 5186 4264 9638 7517 4622 2462 3840 4139 9580 172 5283 1937 1823 795 3589 745 5125 4236 5520 962 4795 3593 6634 518 3424 4020 2206 2252 673 2525 7753 6415 5747 4376 3860 3089 7442 4498 9447 3164 1698 4626 721 835 948 4051 8533 3398 8831 4955 6026 4663 729 3519 3660 9677 3186 3836 8001 
1515 4665 9867 9965 6752 2068 3320 1853 7604 8127 7539 1874 6846 827 2102 9253 9550 1241 4386 7554 2203 1125 4631 7002 7826 6221 9248 5506 9781 6401 3101 7301 3233 4687 5454 1183 5813 9045 1075 494 9365 6029 9140 2281 8764 6046 2494 9107 831 7185 7060 4313 6402 9298 9331 9270 1328 5686 6054 3544 415 6547 2935 5299 
2392 445 411 4515 1271 9877 9138 5784 700 2971 1569 9114 8608 4553 9184 7446 316 5826 311 9269 5160 9714 7435 3137 9 9192 4162 9283 682 9621 2257 605 5259 1568 6267 4944 7149 7850 5994 4480 7546 4613 7151 2356 928 4607 7901 1677 2225 8248 1638 9438 3495 7972 5193 9525 8849 9177 6530 684 551 4447 9817 5748 
4241 5006 5581 2909 2744 9504 5791 1131 2742 1786 3987 6241 6762 3842 5056 6888 826 8370 4920 2679 4121 7696 5394 8778 4538 6641 5494 7373 5212 8555 972 4635 93 4429 4380 1045 9450 5680 3755 6473 3098 4830 8782 1608 9216 8519 7820 9616 5590 2020 2168 6342 1214 3321 6677 3957 9502 2051 9846 4625 5569 2224 7539 1887 
4713 2965 7484 1410 2421 4637 8421 8443 626 50 7311 2077 8409 2159 8084 1677 3947 2589 4189 4283 7172 4420 2700 1808 4381 1313 2648 8775 8124 4744 2518 1033 1876 1893 1562 1763 2411 8145 4164 3731 3790 8842 4738 4181 1268 5936 7744 8592 2528 246 8291 2285 4822 1327 6788 2309 9614 5780 7771 6466 9679 9137 8436 8108 
6227 1522 5943 4562 6241 7219 2510 6127 9544 6985 3692 50 6617 331 4618 5567 3973 2410 2404 6559 360 6855 6807 8717 2189 8264 1241 4341 1323 3551 2682 3335 5583 6662 4439 8750 8909 7527 6296 6689 2751 9782 9251 9655 6475 1938 5291 6710 6563 5181 7656 9961 1712 9114 7614 1613 9030 6405 9707 411 3089 8882 992 8245 
9050 4949 4984 2217 1230 3433 8704 1238 9847 4604 5325 2350 4925 8396 9429 9833 7687 6312 9554 870 9935 4341 5816 6504 220 1930 4042 3307 3823 4239 2673 4665 6046 5181 6554 1449 8058 1563 3285 1061 5740 9122 7022 651 6065 201 8603 8755 8239 3677 5819 2031 1496 4057 7867 7861 753 8467 3781 3628 3016 9283 3272 8768 
8534 1568 775 9065 2510 7903 4034 6852 5129 1112 729 4093 77 5360 5454 7574 6796 4741 9819 5349 6093 819 4765 7671 7460 7462 5259 5054 6418 4467 6307 3498 5442 6171 824 8688 1226 4726 9597 9342 4171 3745 5551 905 3138 1428 5624 8918 6415 7972 1925 6785 4415 5363 8207 3790 6382 5506 9067 3482 2423 3561 2996 4914 
7105 1353 7696 1494 6185 3698 5107 7513 8759 4466 9908 9062 9008 4172 933 4479 7431 2285 681 5352 3982 9975 7772 4274 8536 3146 7952 397 2190 4210 3084 2989 2029 3194 8449 5910 2624 5992 5168 16 6133 163 1827 829 9384 2914 6280 4436 2728 3768 542 834 5978 1490 575 5604 3532 5587 3729 513 9411 1318 6540 2876 
6664 80 4255 4341 2939 6006 618 6829 7871 5880 3223 3582 7692 3701 5476 7787 3816 5326 6772 2845 799 6727 4574 5044 1252 7946 9620 118 9259 4711 8981 4192 1277 9220 9973 8439 2172 7016 1940 5692 9209 849 681 9098 6186 7498 3328 530 113 3804 1205 2505 6156 4165 8273 5664 2884 8664 9260 4322 2229 3596 3187 5169 
5095 1365 8937 1929 320 6327 5643 7112 7848 5434 5198 8767 818 3678 9350 6773 8743 2345 1605 6878 5489 1095 1041 2953 6817 1839 5168 9323 6559 5548 5120 8604 6864 333 4909 4537 6394 8626 274 9503 763 7440 285 7840 300 1817 2759 1603 1556 7008 7019 4445 7892 8446 9346 7238 413 8361 5923 8698 9152 5058 1470 4578 
5300 6302 9462 9644 3715 4219 7012 3620 736 6566 7817 8342 7303 2794 2234 1997 7831 2096 6292 9226 4963 4270 2033 3168 5286 6237 9985 7909 4551 6560 5226 448 6642 4490 2104 9587 847 9132 7046 3098 111 9509 7228 1776 1977 6819 5111 4431 6317 29 9871 1594 4293 4011 4607 7707 5521 2019 2667 8965 9305 9328 5593 1303 
3278 5197 6231 5916 7133 6440 5537 8242 6153 7637 9560 3769 2047 9574 409 8786 4352 1412 5991 947 7128 2069 9119 6194 9085 4895 4246 6897 8886 9890 8894 2766 4095 8183 4549 8969 5156 5147 1894 2104 916 3345 5035 9477 4772 9738 7343 6590 1890 3605 6047 3245 4304 1654 1554 9688 9170 6608 6061 8887 9411 9915 1861 9001 
290 2271 4430 3907 1057 8903 1648 4290 1586 8377 271 104 2301 9257 3498 3402 6212 1234 3214 1064 7849 1366 4364 8781 249 8059 7140 1502 3201 6146 7727 1546 5771 4717 9981 5203 6342 3187 7849 6617 1090 7415 4897 6156 7590 3596 2425 1972 5470 955 5861 9090 5287 7954 4526 4574 4559 8021 696 625 925 4723 2563 9310 
2427 4458 1688 478 7866 740 1599 4351 7403 9018 4975 5958 9222 8979 8369 88 5773 7542 5109 3018 9987 1761 3635 4454 77 4306 920 4030 1937 4471 7835 148 2397 410 609 231 3071 6139 1366 405 2353 336 7247 7662 1448 5337 1654 3790 9948 550 8678 1383 3701 6691 2371 8492 7560 2577 1822 6916 2816 6903 3140 964 
9759 9272 8679 1631 3437 2079 3334 6917 9142 5707 9878 3976 5362 3977 3616 3587 7940 3459 4128 5281 2234 4141 5182 2685 6852 7201 8669 5621 7283 9303 5520 3352 9457 5726 5680 8819 4762 1134 3714 5544 1178 5948 9618 2871 3543 6062 6648 5237 1785 4663 5239 6564 6547 3441 8689 5117 1960 7613 8522 1436 7248 6129 7239 8128 
2685 3233 8030 7345 6236 1530 4018 5230 515 2444 7551 3079 9328 9491 9201 9847 4874 3100 7688 9669 5884 2742 6630 6470 3754 9717 947 7022 6483 9694 6115 6476 5810 6824 755 2861 6958 7124 5745 412 165 2719 7160 4742 6049 4128 2801 2307 3309 8777 3208 7624 8779 8074 6112 9871 2041 6704 6574 9692 5922 7701 2745 4760 
4779 9119 1619 9533 3531 3146 2961 2483 386 382 1825 2710 2328 7261 3316 7575 9057 1734 940 2693 9692 7853 794 8251 3068 1965 8057 7155 3665 4545 4646 9682 7342 1483 2880 8334 3036 4448 8976 2804 4643 3715 460 5697 1578 3218 622 2643 8560 2001 8514 3112 2150 8933 4303 7258 6967 9714 5200 2612 7493 2944 690 9298 
5836 7253 1194 2418 387 8365 1266 7623 6969 6692 752 4395 6405 6259 1059 7658 8624 2828 9621 2214 497 2157 8700 3691 3350 3505 7378 9273 7287 4801 742 6937 8662 3600 6101 6406 576 456 5840 8661 1671 9013 4422 9067 7389 7425 3029 1688 4228 9257 378 2940 9101 3902 7012 7376 56 6366 1147 5166 403 4689 6523 9294 
9485 6026 7140 4466 5194 8313 1250 3623 8461 3419 8112 6765 1104 9602 7547 7598 8759 1959 3727 2702 1646 2097 305 9581 2671 6083 2158 1300 2710 4899 7026 2929 5954 1518 2552 3780 1786 2993 9601 9092 4073 6874 3265 2199 9292 7829 593 4551 5833 6841 2185 4956 8371 6413 1990 5381 124 3760 7610 2549 1349 3013 9881 1258 
6042 6003 445 2608 173 5324 1515 6458 1282 5769 577 177 6203 1588 8078 1005 6385 776 5726 8566 7813 9136 5988 6177 5016 1550 1046 5709 7295 7887 349 4057 705 6063 9252 8789 5835 9608 6697 1553 3726 4169 3146 1519 5307 4753 6343 2363 8644 8721 4968 9338 2321 5918 8266 8520 8368 8970 6570 6850 5873 2856 452 6647 
5579 981 8175 7386 8287 6850 2474 9438 2135 4463 8263 5092 9970 8089 9304 7723 6029 8197 2405 4535 3015 7687 5572 501 5787 1084 969 4523 6655 8783 5531 1905 6622 7544 2290 2526 3988 638 7168 2992 5264 6417 9788 3275 1947 7226 1240 1020 9925 4164 557 1273 5614 2214 5530 7825 2245 6642 475 1401 5597 513 9788 735 
3246 6156 7238 631 2423 9415 3754 8950 1811 579 6462 2547 2545 3987 6996 7368 6301 4448 1101 6544 8960 9837 5382 3363 1360 4206 3952 3030 5955 3065 9080 6292 1554 203 5670 2325 8266 3639 3522 3266 6539 9166 304 3583 2554 1238 3202 3929 7826 2627 5264 616 6823 2128 457 2481 193 3678 1636 3711 5134 2303 8406 4544 
8346 4905 21 1184 4222 7753 3143 9720 2888 1186 6231 5287 9586 2777 4644 1544 5465 3517 5894 8456 8890 1020 3330 220 2879 8166 5005 9141 9906 3812 287 3100 1064 600 9962 989 6239 4002 3977 6984 7646 9507 6980 4194 4445 3031 1109 5125 1313 5043 2761 4431 9375 9825 6574 7239 9761 3988 490 6466 2793 9364 5514 7798 
2823 7093 8190 4858 2763 6770 892 510 6424 1049 8060 5059 3678 8521 6421 2852 9795 5099 7853 1409 4642 8286 159 3297 6906 4334 6084 4932 3893 1122 5808 7875 1818 7385 4553 9398 8456 3749 1904 324 6199 8389 5772 8905 6962 6961 6994 2967 2143 3603 4932 5337 7865 3270 8619 9917 9808 5655 3743 8791 7107 9204 5935 8381 
5112 1748 7018 1382 9056 8736 3318 5884 7736 5092 8061 6320 5188 7459 9798 6157 6754 6591 9645 3939 4420 827 2151 3245 2104 1382 2762 9586 5164 3535 6766 5191 2741 3430 2924 1217 3888 8484 326 9600 2558 4312 904 7957 2306 5838 5398 7718 6203 9839 4680 5178 6463 5917 9179 8309 5842 1690 9028 3938 7728 887 6899 6604 
5794 8723 1821 5727 4747 3662 7133 6408 6346 1233 254 3600 2954 1300 1401 9745 2178 139 9229 5167 9007 5006 3243 2988 9960 2223 7614 7205 624 2100 3458 434 6145 9150 2355 2137 9534 3276 9215 1629 3815 4411 4806 6935 7824 5529 7368 4305 5214 907 8251 8242 8911 400 4122 2827 5881 3829 4267 7473 3922 5105 2151 7367 
6059 204 9210 7154 8926 232 2331 8977 2784 2742 832 224 209 3105 2884 8625 2405 8287 1225 5635 4210 6365 6120 2769 8530 7752 8445 4025 2109 7737 5852 8291 7166 9154 103 2604 8776 8404 5046 1384 5591 8020 4856 1419 3881 5449 470 8958 863 4643 8809 8502 6288 4788 1690 3816 5461 6421 318 4098 5470 5911 4349 4018 
9454 998 9598 3425 4719 8981 7386 9928 3815 8907 9369 809 1524 8201 3742 2681 9246 8811 6704 6329 5181 3634 477 7918 6243 6931 2553 8103 7041 2108 2209 7580 1282 8907 2810 5480 2090 8997 608 5248 8414 82 9983 2951 4400 124 8666 6234 8231 3115 4575 4319 3134 6795 1622 4529 588 391 5830 4663 8110 1900 7976 7693 
315 8736 2553 8439 7161 3569 9553 5393 5675 6654 1125 7214 6325 8926 953 3430 5028 1828 4314 8429 2333 6240 1345 9932 8378 3082 7313 3965 7814 1238 5555 7561 4718 5591 5498 2250 125 4777 1361 3902 7681 3421 485 8669 2561 7719 6469 284 8064 8329 9741 2845 2842 8592 3131 9351 1906 6430 4659 7599 7639 4318 8077 5159 
4122 4775 8370 1924 2375 6603 3487 8104 9395 3120 9454 7246 1407 3947 1460 9476 6264 4686 5066 5309 3447 7977 1211 2394 9793 7015 1232 1665 1684 8421 630 2978 2835 9656 6353 3109 3006 2701 4535 5039 7769 2912 1141 7111 9583 2104 3386 7806 8448 5463 7442 2564 35 7479 2859 3226 4911 390 3471 6684 191 3252 4993 8364 
548 9376 7472 6409 3972 4920 3176 7606 5546 6111 8439 9081 7814 5129 166 4204 4361 8497 8846 6878 8616 1861 7564 1029 8003 1284 8555 3775 4325 2420 7299 8257 4375 4290 3646 2824 2005 8724 4902 9797 1045 4754 2323 9317 6130 5678 7285 68 8507 5657 3782 5584 8795 7107 8860 5410 7561 3851 9494 2552 5861 1190 3673 1522 
8331 4400 9434 5629 9742 2542 3689 1122 2485 5433 7036 1370 8172 7241 1762 8403 395 9547 152 1417 1779 9464 8221 6502 6147 9097 6057 7202 8420 1324 7906 8338 5500 7321 9151 9983 371 882 2275 250 8696 5155 2323 5722 5413 908 5880 224 2912 6219 4614 7857 5754 9134 7610 2961 5944 2164 2883 43 3228 7706 2084 2391 
2654 5841 2770 4488 7063 4528 9934 1038 4213 8056 8074 1036 3215 7383 9319 4402 289 4306 4399 4027 959 5733 4656 7099 6173 4803 4632 8085 7271 8941 4821 3766 7266 9528 7958 9387 5248 948 6475 2372 6615 207 8404 3669 6539 7284 5485 7755 4969 9999 218 925 5191 4951 7869 9819 6799 3403 3057 800 9063 4843 7953 1734 
2004 3023 5979 4796 9011 4806 4071 5559 5501 5000 1545 145 9802 5287 1009 9361 278 9768 1908 2822 2626 5101 3999 9742 7087 9259 3970 1052 4014 6807 269 5879 9342 6191 9842 3658 4979 7339 1042 2427 1674 5723 7575 6596 8665 2604 2732 4447 2534 5586 8381 9860 6660 217 8977 2950 5911 1983 48 7419 5240 9604 4358 9237 
4200 1233 5554 819 9987 2953 4190 3166 4788 8753 6615 4850 435 2017 7181 5325 3606 8057 747 7149 8432 3311 7980 9861 4003 881 567 1106 71 6111 9585 9014 9977 1583 2686 4716 4365 9014 7389 698 221 9091 2426 9061 6313 9720 1553 2134 6635 8563 9520 7677 7167 7357 4654 5280 7624 5098 6077 5523 4026 8144 2104 6513 
7544 3821 7815 6194 7510 9761 7008 8057 5673 3483 6252 9363 3039 709 6267 5880 8263 7098 5514 1601 249 311 1952 2635 2182 2740 5418 3230 5618 1802 443 5010 1559 2986 96 7677 1457 7086 4846 8612 8373 2548 832 6299 8215 7740 8333 6727 8869 659 7099 8514 3220 9150 65 884 2233 8734 5092 4203 6554 4302 5488 2744 
3116 6418 5418 5456 4791 635 6796 9680 2592 4028 7456 3133 5501 7668 8034 6975 7509 5517 5733 7399 3767 3831 137 3946 4569 4822 1491 8577 4446 9932 1838 6221 3839 8783 7697 7927 9764 4876 2440 1338 6629 4414 7517 4301 9133 4749 5888 5034 1206 3661 7256 1257 4815 4366 1704 6930 4410 8679 4603 7210 6427 8470 7117 6680 
2794 4623 5016 9233 7089 1485 7676 2582 2824 4046 4555 4831 237 4313 233 4568 7645 8373 7238 4832 9296 6498 1831 5353 9524 7975 1947 5161 5083 2076 3548 7490 2294 789 4217 3338 8124 2315 4079 5355 9252 7000 292 7015 5365 1978 8961 9260 9246 4198 8822 4459 2962 7270 5491 8572 7062 7677 8208 9647 607 9686 3070 7558 
9455 7808 8547 7533 4632 912 29 9689 2961 8457 4698 2281 2459 9806 1013 7665 9952 3558 2958 1222 4891 5662 7202 5620 5186 3769 4859 1955 4423 2620 6952 3504 9219 3871 6883 2552 8627 641 8201 1815 1631 4766 2783 522 1926 4660 9217 2303 3926 3192 449 7416 2506 1909 1895 1222 9189 5430 5670 9165 9122 1805 1289 4977 
8729 3139 9282 6349 4923 399 9560 6118 3435 4785 5501 6833 5010 4386 6901 9369 6673 4892 4392 2372 6204 1154 4268 8556 3367 4178 7724 5627 9897 6978 4067 9240 7294 6493 3352 166 3586 3904 8161 3399 7383 4360 2876 4099 8610 2240 8949 7453 8570 4131 6929 8275 8927 1857 2171 5555 6197 6894 7751 6481 2402 9277 3147 8454 
5395 9118 8706 2428 9821 3143 3616 9427 2983 4118 3557 9205 6180 9858 5180 3878 8598 4063 5378 4289 3741 2319 3206 2013 9475 7173 6809 614 8114 1215 7183 6478 4439 4752 5808 7411 1987 6780 950 9278 8996 6192 2970 4772 4499 6143 3537 865 9616 9250 7816 1430 8659 942 3761 5997 3432 8888 37 6133 4931 5693 8547 551 
7836 591 9217 9152 6811 9331 807 6670 8446 355 8213 8965 5075 3683 6619 4580 7093 1736 4682 1711 6823 7223 1003 6991 3643 7723 2067 9334 5080 1764 620 4873 1433 8154 2562 5046 6446 3712 9796 3449 9540 169 77 309 2447 1872 6014 6490 3910 1577 3831 8870 4788 8506 6713 5531 2338 3684 7813 9449 6693 835 5774 6557 
2922 5220 885 549 933 5914 8316 5942 1327 8378 5425 4087 7918 6915 7171 9122 2791 2667 7247 7703 6916 4750 7377 9021 2523 4807 5872 1394 7557 3017 5948 8568 1956 1796 6771 8600 1710 1170 6122 9814 5832 2845 5055 2022 3865 5762 4421 5231 7786 6881 2985 7346 7204 4422 5889 7206 8624 590 8347 2903 2625 3290 3335 6810 
5217 1814 9035 157 473 9721 6087 470 1893 9140 7728 1084 5693 4296 8557 8043 9829 2547 592 613 9120 8357 4508 6544 6095 8567 1943 244 3064 4608 8840 1001 8153 3134 1177 194 6913 2998 6013 3046 4196 96 6803 5936 2739 6573 811 5072 515 1046 1612 4351 701 849 9191 9372 1722 4485 1062 8173 4080 31 4023 3812 
44 5260 7594 6515 6286 5367 8174 9263 6520 5387 5840 2286 7580 5634 1591 583 404 7293 1137 3540 7150 7485 9272 1209 4371 1336 3179 5705 6802 950 978 4302 1820 6029 1214 5028 32 870 4043 7324 7797 3744 3701 7012 9929 3544 4018 7121 149 6704 7893 3043 1713 2717 6398 8988 4627 2543 7195 2268 1939 5846 4426 8748 
2822 226 5176 874 9147 5709 6634 7504 9096 9602 6164 7443 2787 8064 5765 1505 202 55 4993 9585 5037 1467 2977 4327 6544 2864 3777 4488 5455 5245 3346 9895 3895 8998 7311 7812 4618 8096 1260 2216 970 8298 9338 5800 1077 2423 5577 8878 7050 3317 8273 1536 7300 8517 8448 3460 6364 1593 7043 5261 3572 9106 597 7175 
3066 9994 8339 3349 3865 1294 8798 2989 2790 7204 2478 8062 2634 719 30 2465 3964 3820 5103 9376 9831 3959 3009 2153 424 8675 421 6930 755 5306 6247 1973 6921 5516 3783 3048 6613 3368 9253 4228 2279 7364 8131 9632 9464 4632 6204 3014 8825 3190 5628 4463 7306 4663 7499 1929 9237 497 6040 3820 5326 7638 8361 3210 
1783 402 4050 7513 1718 3835 514 8972 6974 6582 4689 1096 9793 5948 8283 6362 6585 7210 5411 2118 940 8782 8636 2989 2102 2873 1921 5597 9380 1274 2381 4038 7050 513 1520 4005 1612 1576 7645 3930 2078 7311 37 739 3389 6162 5235 8049 6978 449 4183 3353 1279 5604 2331 1575 5765 6787 8872 5243 5584 4931 8716 5052 
6081 6980 2906 5439 1994 3119 4996 914 3540 1616 2974 7947 2910 6621 1205 2615 8894 8588 4052 5393 9425 5373 3456 1904 2289 4422 7556 2063 2418 74 8904 2636 3445 9493 1895 3322 8819 5026 6055 169 4723 1494 1996 8177 8226 6858 233 8868 3481 1809 1646 3721 6628 7978 3885 9088 5545 4276 6647 6516 8976 6795 5864 7295 
7090 6698 3700 4910 5985 6707 5598 3119 5397 8089 4040 7507 4357 532 2112 7867 5952 1804 7503 679 6146 9271 8931 6076 8825 1082 1451 7050 521 8007 610 3608 3506 7315 4461 9907 7577 7741 5465 8410 5608 274 1580 4077 3318 5579 3607 3961 1007 1871 6155 9558 2547 7754 5231 3773 5197 1203 2506 7713 9751 1269 1139 6781 
6959 9400 8649 9539 1389 7114 9708 7143 8673 7761 4885 5661 8988 2987 7439 3084 9583 1311 3868 2527 9730 5177 7427 1260 406 4536 5358 4431 2061 4220 3652 6661 9907 2653 2787 6659 5511 8995 9464 5016 2060 7541 6009 163 9741 6034 1507 2593 8107 3742 4975 1480 6942 806 5102 3646 9993 5499 1510 2415 2927 2487 9950 852 
4120 5411 7823 4358 1068 3484 4484 5011 5006 2882 281 9739 7349 2234 108 950 7547 7168 1549 8717 9937 7647 3376 6571 7160 2577 3261 358 4427 7691 8387 1015 2540 3418 4091 8163 4416 9014 550 2676 1298 9582 3781 2277 8864 6666 8426 8646 7487 3777 1386 5518 4526 8358 7528 9649 8156 445 682 1627 1116 9374 5849 4116 
5347 1892 3147 2488 2861 7275 7348 3614 7310 3706 6360 7850 4906 4268 7073 3266 1770 9481 3410 8884 5746 6533 9459 9199 853 9097 3715 842 687 7666 2405 4013 7144 1732 3858 4456 1334 591 3473 5875 3734 6473 8878 4232 2275 9225 1011 118 3556 9121 4038 6986 9677 9080 2396 6043 5909 3507 2842 9499 7544 3231 2198 2551 
4045 5926 8280 4757 3089 5838 2020 5244 5749 3605 9101 5942 7172 3974 4769 4064 818 2357 7405 2427 4387 1428 2990 4373 6305 3735 4372 8453 1386 8978 6969 2124 624 785 7189 4836 6853 3995 7974 3293 4466 8542 1766 4021 233 1191 4358 3515 9262 2319 9113 3731 5812 4229 4160 2964 1480 1240 7022 1899 5327 2672 2619 6796 
7373 7382 3434 905 9734 4891 3641 638 3777 3294 7916 7795 6873 6969 4026 3701 8372 6624 4709 9317 6003 9019 5328 5260 4204 7250 6334 7567 8403 7763 8269 3034 2613 4083 7697 7739 7213 6895 2505 5645 8299 7126 4694 7887 1669 1704 6064 2757 8440 4050 126 7295 629 6436 4827 4706 2270 9991 2762 233 7945 7433 2723 5725 
3661 7712 3173 4830 9549 8639 90 2126 4971 4464 9041 42 476 2904 8214 3041 1509 2145 9229 8389 1288 253 4575 3261 6043 8944 2974 2038 6349 6521 8134 7836 2410 9457 1491 7777 9367 5424 8445 5813 1501 6411 6944 2293 4694 1258 8271 8781 4984 727 2748 4997 2271 150 8216 652 5919 98 6612 3251 1553 1903 9781 4212 
1859 624 526 515 842 2569 1476 5553 1253 9602 5781 8703 980 6073 9429 367 4726 7218 5199 7421 6952 9515 1098 2615 9796 1439 6567 1145 7789 7975 6401 9480 9388 3862 5451 6121 6925 8958 3468 2853 987 862 7742 9290 7094 3346 7365 8483 3792 6854 3008 7377 8544 5868 7437 581 2759 9511 8832 8969 4709 7845 6950 439 
5170 439 2228 5723 7675 9544 4085 7974 3266 6141 138 1391 5347 2755 7933 9280 1672 7714 2891 4283 482 571 6115 3023 3470 8168 9164 5526 7241 3014 9708 245 5843 2844 8733 499 6794 3582 2248 3357 3248 4794 3480 4624 9219 3206 1872 469 8259 1450 8542 9899 5993 422 2699 6386 9605 6030 3318 2605 4591 2074 5509 8128 
8705 8351 8082 6080 2630 1302 2467 293 9643 9 9902 1541 7846 2284 1364 7108 5265 9588 7695 6993 3974 2337 8115 96 1350 1987 1767 4054 8067 5757 8918 8627 9211 8660 7932 1391 4559 9576 3248 4520 7925 561 7398 2279 2382 9079 36 2740 919 1104 5537 991 2379 7391 6193 7595 8203 5649 2625 7161 9722 4387 6 3653 
5547 4390 4080 8444 6346 5154 6871 7859 3848 2228 8034 699 5203 1062 2379 6344 7017 6853 5502 8124 7849 3003 1539 9249 8472 2041 2033 6665 3555 2943 313 5900 4930 694 9981 6338 2536 3039 4188 9302 9645 3527 1253 9308 9220 5715 7901 5342 9583 5228 8495 6923 719 6321 7733 8604 2407 8248 7970 6770 5369 929 2275 7070 
6456 3050 4035 8841 1958 1554 3478 6624 8472 4380 4511 884 3451 7913 9684 9522 9039 1643 9388 9758 6582 4395 5030 8910 8999 8763 1378 2304 6452 8122 2159 2410 7017 7627 2818 9940 3174 1485 2933 1851 7134 1620 5984 9941 3293 1938 1322 5567 8926 4031 3885 5337 6759 8338 8486 5015 8161 268 3364 770 2936 5592 6548 4013 
3000 1562 7618 3384 1633 2852 8457 8814 3727 1945 6677 110 5764 7943 4248 1126 5464 1106 1765 8379 1079 6664 5523 2590 4755 4528 1980 8945 8788 7251 316 3725 4496 3061 1186 5570 5600 1093 3691 8850 6933 8818 289 1178 9242 9607 9422 7563 5094 413 5522 2179 5184 4588 3744 5057 6955 9872 1137 8248 4313 7841 9554 354 
9192 6572 4308 7437 3284 9188 6498 7709 2278 5066 6740 6850 4959 1786 4454 9258 8121 9485 607 940 3299 4934 9462 1610 4772 8982 1561 199 5607 5033 9383 8459 3534 1099 3137 3181 8442 4398 9080 3123 2852 3401 4611 7743 7621 5570 3257 9062 9921 5818 2215 5038 6879 4263 9444 384 2266 4255 6648 9029 4611 8735 9052 2041 
9660 8562 9923 2581 7805 1140 7690 6896 209 6560 4975 4361 545 1630 1556 822 2745 7031 331 6096 6926 1815 6922 5613 9083 7862 4778 6675 1183 9727 981 469 5573 2642 252 2426 2125 139 5948 5351 3524 5668 253 9963 1069 2327 1478 5833 2071 4853 3831 6663 6702 8130 5011 5091 928 375 1574 9515 7349 2205 4469 5778 
7392 9816 1728 910 4226 20 2661 1499 8742 7556 9186 1920 472 3803 6465 6018 5246 1238 1988 7855 4456 8661 7431 4953 208 3278 5691 3892 9339 6155 9451 776 1717 7916 4377 6231 8720 4400 4546 9087 2753 1029 7174 8131 4335 3089 2723 4311 4363 3515 1471 4715 7854 8207 6104 136 6784 2289 9629 1670 3676 311 22 523 
4634 112 3807 2168 2015 9359 7705 1194 3926 6208 8958 9177 6190 260 6197 3886 6095 8761 8065 4110 5296 6067 9976 2912 653 7379 6322 5071 2449 9168 1580 5588 3901 7697 493 9177 6459 5863 2359 8745 1697 1680 2253 4587 8808 5136 4830 917 7262 2928 6843 8292 2768 9958 1003 4187 4948 5632 8446 9921 3574 6564 3589 8882 
8226 4747 7099 309 2863 9720 5879 1356 3663 1380 4021 5653 2696 7773 5798 2429 8280 3272 7231 8963 9200 8267 4398 8246 1209 9243 9958 3995 1934 4512 6052 3515 4343 9970 3398 9066 3304 8135 9746 2 7978 9607 2687 6455 6001 7461 7234 3116 6875 4634 9795 8658 5578 8835 7073 694 6167 5869 3414 4531 8970 1935 6895 5984 
8496 6813 2546 5125 5777 9353 3077 9512 8009 2450 2917 5823 1976 8683 7548 3706 7366 3149 4876 9798 8146 3763 7055 624 3401 7712 7465 5241 6576 3771 7050 3284 1837 7138 1076 3886 7139 6490 6186 3834 2485 5486 4863 599 8384 2936 5772 4370 4698 9028 7720 7430 5876 8926 6567 8986 9433 3278 158 9448 7974 1327 7238 9611 
4724 4972 8945 8888 9651 2468 7884 6246 1685 2880 858 6637 2497 1209 431 2551 1797 8414 1637 1987 3578 6542 7178 431 6940 7669 1807 7785 6473 8705 3729 3775 5961 3723 7428 7867 5251 6934 4795 6181 1949 9599 6495 3493 667 454 7718 2762 8024 9378 877 5754 2963 7690 1252 7060 5751 3972 4217 1506 7764 2777 806 6850 
5750 8883 1118 7113 9807 204 508 1537 4107 6933 4286 2605 5291 5083 3189 1733 1209 6587 8832 5384 5722 7219 609 2421 2804 5652 6962 8896 4715 9303 6364 5439 1262 2677 557 5852 2100 4279 5490 296 7556 3242 363 3759 8517 7358 6482 2391 5324 8121 6760 3768 3267 2234 4355 4764 4839 2859 2312 8969 3187 1234 1701 7180 
6399 5698 1724 4120 7807 4880 9028 6176 8801 9543 1885 7935 2012 6644 7930 5070 8722 8136 4207 8424 63 7909 9036 2789 9745 4828 8227 59 5970 5404 927 9811 4300 2362 882 3342 66 927 8116 4751 1367 9927 3441 9391 1977 1659 4489 722 4272 2482 6512 6610 4997 9409 3128 5727 8646 6702 4941 5980 7 4954 4730 9018 
8366 1408 2139 368 1280 1469 2732 1859 5478 8953 263 9098 290 5305 1211 3352 160 4777 9378 7312 8854 3575 706 3045 7757 3426 328 819 6798 973 1285 8545 4084 6174 9055 3640 795 3737 4248 3653 5566 5166 5683 7750 3089 5819 3681 3953 6859 545 4001 5660 2943 9325 3527 9552 4944 2665 5883 8350 4782 282 3786 5472 
4570 5912 8621 4565 6487 8316 2285 5897 3071 4339 1041 6481 859 4578 8946 5740 7397 3690 614 7685 9877 4280 4948 2490 8731 7943 7616 8189 5434 1633 4304 1742 3463 4826 9388 9299 566 6569 9245 2859 2337 475 3281 4312 5614 7177 9613 1969 8083 1022 4161 9929 6760 7456 1502 3636 1218 1171 3854 7363 1563 5837 6369 7410 
1199 1526 8160 3486 3321 5601 1084 1795 7128 1088 731 2921 7428 130 8545 6914 6313 178 1384 9701 5184 4180 6301 904 3300 4560 7760 9479 728 3262 7848 8893 5285 1753 538 5557 5732 8620 6162 6641 5584 6283 4492 3577 5954 204 1277 6282 5525 4667 6230 1927 7999 922 6491 1555 4151 4959 2977 2871 5134 6296 3260 8552 
1407 7017 8195 8816 3986 4309 1893 7707 9596 3491 2618 9910 3253 6471 2494 9255 6642 1356 27 7685 1313 4022 2524 7023 7330 2976 8180 420 9219 6898 8251 8613 3566 2709 900 4971 4755 345 6694 8450 5775 8331 9188 2844 1947 2394 1152 9082 8086 4931 4991 9415 968 8656 2073 1156 4529 9844 2462 9133 2666 3731 4643 1714 
2135 790 6157 9640 3827 1063 704 1782 2794 6788 6044 6981 5037 1159 9125 7191 7606 5613 1542 4442 128 3710 2807 2087 6217 5371 8145 5552 7060 363 3545 5436 4696 7339 3596 5963 8110 9789 4442 5358 5350 7826 4655 7719 659 7761 5596 1660 5056 2610 9811 7413 5708 8588 427 4775 2608 5484 1939 1746 2857 1512 7138 3614 
5455 9979 4572 5427 6223 8849 1221 7766 6441 6607 1891 9611 893 8092 7167 5854 4956 3109 2815 7973 2127 7056 1779 8925 3449 6416 3469 2319 5839 2810 3285 943 7611 4630 8963 3854 9641 1134 1259 2765 9810 1988 7746 6198 9057 3174 8130 4251 947 9851 8808 9565 960 9804 1599 7072 7308 9637 4474 8002 5012 8654 8906 5341 
477 3564 6429 3994 7693 4299 2109 8209 120 514 1063 8622 8334 3183 3378 3775 6813 8834 1089 6658 5782 3188 8952 7601 8133 3840 537 3634 7269 9558 5658 748 1426 723 3894 3698 7835 6842 4426 5849 818 7049 4524 6218 1239 9060 9283 2162 5527 4878 110 3264 6348 4424 5090 8650 157 5679 8511 629 4608 7519 8874 1622 
4918 2730 7996 4597 6955 9583 7877 1111 1190 3609 8433 7183 9513 3906 3948 2658 35 6890 2418 7162 8337 4561 5689 7580 3460 7106 9936 3441 5174 9308 8795 6568 5516 6603 8601 8328 5906 3823 6480 9881 1896 1719 7002 3740 4344 7066 9470 2317 9669 7614 6574 4189 6670 1834 34 4219 1034 2556 1262 4579 6069 4332 2320 1641 
7551 5061 9585 8567 4947 2876 9678 5288 3037 1949 219 7452 4832 6760 2277 2099 4047 175 573 8741 9938 7609 2856 9744 9533 4671 1084 6363 7222 8358 9304 3130 8990 1537 9316 6804 4013 5075 6352 7040 9314 8758 6088 3273 1864 4504 7855 4380 9991 6473 8084 452 3768 5825 6404 5361 6418 1461 2384 4792 6964 5803 9364 8354 
8789 3145 1613 6292 8295 1364 8964 9059 4983 7236 7566 4712 8113 1129 4560 3779 3669 7632 8692 6240 2644 6853 171 666 6055 7474 9029 1896 8701 6802 2464 2162 76 9819 6677 1107 7147 8668 7613 5951 2037 5071 8748 9679 444 9591 1445 1588 2235 3108 9715 6956 6411 518 7376 2581 3019 2736 2497 2387 6551 3320 7144 2498 
8203 9226 7194 992 1148 3063 2812 920 310 1029 6488 9538 7069 3469 576 5993 4398 281 8197 4659 6200 5151 961 4494 4670 3418 9617 6830 4380 8311 3897 5291 2450 4664 7807 9743 2103 41 3924 9667 8612 758 2881 9611 9665 1230 2207 6171 3113 8317 2619 594 4265 3091 8380 9712 6868 5493 25 2586 5471 1223 250 7050 
7508 6183 6464 7806 623 3019 6452 4 164 8826 9115 8869 3584 4342 3862 2153 3262 2500 9820 8534 2848 986 7854 514 2376 4573 8761 5689 7382 1614 5874 5722 9764 6859 3773 6701 2544 1761 2928 3631 8107 9101 8335 3810 7173 2624 7832 1372 915 4761 9424 2845 4711 287 3357 1270 2203 2683 2440 880 6284 6272 7459 3820 
8279 7868 9117 7900 7711 4482 4080 4107 2890 63 7809 5959 9053 5596 7984 1158 1343 8350 4997 3796 7491 5437 156 79 4655 2708 5454 2418 855 9378 9709 3672 5628 9985 2720 266 8579 4308 9235 6809 9625 9721 2359 8662 6093 796 8997 7221 874 1009 2742 6818 5340 5395 2656 9073 2708 1515 2638 2884 6485 80 2885 8588 
4937 5000 8696 2086 2340 4732 1517 6862 1215 5240 1703 7054 8298 3252 5483 1763 577 2542 7087 96 1742 9075 2501 5287 4379 1648 6611 5278 4337 6886 6334 7818 8867 9313 6200 9896 1678 7906 3527 3100 559 6067 1156 9714 8257 7232 264 1698 1799 8329 7523 159 614 588 391 1635 1395 6899 9469 1259 5430 9798 2807 1062 
4684 9679 139 1415 6538 3834 5318 1944 9812 2521 5151 4902 4260 363 2742 357 3669 66 7760 4109 8573 5812 6457 9638 9532 915 2160 1463 2978 7209 7328 7273 5472 6623 8629 2730 8354 2690 8790 5993 2924 4280 285 2072 3955 319 984 5213 1369 2924 9354 2246 8812 5836 1379 839 2266 5468 584 9563 5688 2249 6965 8303 
3730 9043 4873 634 3656 8589 2986 2792 7119 7355 7201 2972 2337 1602 2804 2308 113 4208 8947 7615 9811 3413 6302 737 6683 1322 3752 4943 7162 5436 5095 2605 6637 163 5916 4830 8477 8270 9174 8617 3567 7323 6363 4202 2915 4136 4233 2104 1974 9556 8522 9265 8439 4064 7813 2696 5574 2278 8340 2004 8490 9967 3435 6797 
1593 3004 5867 6614 8573 400 7062 3728 527 9717 2863 5761 6284 5678 3717 1905 1749 5540 2610 6828 781 3413 8550 2863 1546 8676 8168 8651 2712 6762 9615 7287 7688 3484 7611 336 9167 3536 5311 9420 8974 921 1943 2666 651 7606 9509 5773 596 6378 8254 2236 74 1381 439 7366 225 5942 8748 8242 2793 5140 2230 8668 
5166 357 5806 4460 100 2653 6431 5616 3619 4127 4041 7568 1774 8327 1076 6207 1216 8356 1884 4971 3053 3991 6795 9887 8221 960 7089 9955 7711 3800 3354 5775 6071 142 167 1542 3829 9805 3460 8182 5447 2115 9752 9285 7401 4704 554 4722 9739 8577 1385 5888 538 9463 2939 718 7334 6736 1289 4773 8806 2253 8921 635 
1774 7055 8598 9470 7772 9538 4062 5798 1923 695 926 4505 2977 8476 5839 6510 8973 8263 8060 2762 5254 4880 3273 6175 6186 8590 7654 4905 3158 2618 1046 5467 2507 1604 5009 4738 9037 6713 7115 4758 2359 3175 2637 710 9777 1836 732 4578 5084 3601 3808 5068 8710 8293 807 9553 2130 3583 9234 2348 2963 3658 8130 7255 
3232 205 7516 2514 1632 8567 1071 7146 6751 9535 5833 5670 4941 2320 7344 8764 4551 8073 3853 4787 8379 8345 2905 202 8707 9102 5354 8655 1678 5858 762 3245 3732 5189 7253 6855 5329 1221 6519 4608 6776 8044 2241 8719 5176 6824 9052 1183 9988 1159 3869 1156 6315 6997 5647 3222 5598 9193 7861 7709 5247 6349 6741 5315 
