5000
9995 
9992 
9987 
9984 
9981 
9979 
9975 
9975 
9974 
9971 
9969 
9967 
9967 
9967 
9966 
9963 
9959 
9958 
9958 
9957 
9956 
9955 
9944 
9944 
9942 
9939 
9939 
9935 
9934 
9933 
9931 
9930 
9926 
9916 
9916 
9914 
9914 
9912 
9909 
9907 
9907 
9905 
9905 
9900 
9898 
9898 
9898 
9895 
9894 
9892 
9888 
9887 
9887 
9884 
9884 
9878 
9877 
9876 
9874 
9874 
9868 
9867 
9866 
9865 
9864 
9864 
9862 
9858 
9857 
9855 
9853 
9853 
9849 
9848 
9847 
9845 
9845 
9845 
9843 
9841 
9841 
9838 
9835 
9830 
9828 
9828 
9827 
9824 
9823 
9821 
9819 
9818 
9813 
9809 
9808 
9805 
9802 
9801 
9799 
9798 
9794 
9793 
9793 
9792 
9790 
9786 
9785 
9784 
9782 
9773 
9772 
9771 
9771 
9770 
9769 
9768 
9766 
9761 
9760 
9758 
9758 
9758 
9756 
9753 
9750 
9750 
9750 
9750 
9749 
9740 
9739 
9738 
9737 
9735 
9734 
9732 
9731 
9729 
9727 
9721 
9717 
9715 
9713 
9706 
9705 
9704 
9697 
9696 
9693 
9692 
9690 
9687 
9686 
9683 
9680 
9679 
9679 
9677 
9677 
9675 
9674 
9671 
9670 
9669 
9669 
9666 
9665 
9662 
9661 
9660 
9659 
9653 
9647 
9647 
9644 
9644 
9641 
9639 
9639 
9637 
9637 
9635 
9631 
9629 
9629 
9628 
9623 
9623 
9622 
9621 
9619 
9617 
9617 
9617 
9617 
9615 
9614 
9614 
9613 
9609 
9608 
9605 
9603 
9601 
9601 
9599 
9597 
9596 
9593 
9591 
9590 
9588 
9586 
9585 
9578 
9577 
9575 
9573 
9572 
9572 
9562 
9561 
9560 
9560 
9559 
9559 
9558 
9558 
9555 
9554 
9554 
9552 
9549 
9548 
9548 
9546 
9538 
9538 
9531 
9522 
9521 
9521 
9520 
9515 
9514 
9514 
9512 
9510 
9508 
9508 
9500 
9499 
9499 
9498 
9496 
9495 
9495 
9495 
9494 
9490 
9489 
9484 
9482 
9481 
9477 
9476 
9476 
9476 
9472 
9472 
9472 
9470 
9469 
9469 
9469 
9468 
9466 
9465 
9459 
9457 
9456 
9449 
9448 
9446 
9446 
9445 
9441 
9437 
9437 
9437 
9435 
9433 
9431 
9430 
9424 
9411 
9411 
9409 
9408 
9402 
9391 
9387 
9386 
9385 
9381 
9379 
9375 
9372 
9372 
9370 
9368 
9367 
9366 
9366 
9365 
9361 
9357 
9357 
9356 
9354 
9354 
9352 
9350 
9350 
9344 
9341 
9341 
9340 
9338 
9336 
9334 
9332 
9329 
9328 
9325 
9323 
9322 
9321 
9321 
9320 
9318 
9311 
9310 
9307 
9306 
9306 
9302 
9301 
9300 
9297 
9292 
9290 
9289 
9288 
9285 
9282 
9279 
9277 
9272 
9268 
9263 
9257 
9256 
9255 
9254 
9254 
9253 
9252 
9251 
9248 
9247 
9246 
9245 
9242 
9241 
9241 
9240 
9238 
9235 
9232 
9229 
9229 
9225 
9221 
9220 
9219 
9219 
9217 
9216 
9214 
9211 
9206 
9201 
9201 
9200 
9199 
9196 
9196 
9195 
9193 
9191 
9189 
9189 
9189 
9188 
9188 
9187 
9185 
9181 
9179 
9174 
9172 
9172 
9171 
9171 
9168 
9166 
9165 
9163 
9162 
9160 
9160 
9157 
9152 
9150 
9148 
9148 
9145 
9144 
9142 
9141 
9140 
9137 
9136 
9135 
9133 
9132 
9132 
9127 
9125 
9124 
9122 
9120 
9120 
9120 
9115 
9114 
9114 
9113 
9112 
9110 
9109 
9109 
9108 
9107 
9105 
9104 
9102 
9099 
9097 
9095 
9095 
9094 
9089 
9088 
9072 
9072 
9071 
9064 
9063 
9061 
9061 
9059 
9057 
9056 
9051 
9050 
9040 
9038 
9036 
9035 
9034 
9033 
9032 
9029 
9026 
9025 
9024 
9024 
9020 
9019 
9018 
9017 
9015 
9012 
9011 
9011 
9011 
9010 
9009 
9000 
8999 
8992 
8992 
8991 
8991 
8988 
8975 
8975 
8974 
8972 
8972 
8971 
8967 
8966 
8966 
8964 
8964 
8962 
8960 
8958 
8956 
8953 
8949 
8945 
8942 
8936 
8936 
8935 
8932 
8929 
8927 
8919 
8918 
8918 
8916 
8913 
8912 
8912 
8910 
8907 
8907 
8899 
8898 
8897 
8892 
8876 
8874 
8873 
8858 
8850 
8849 
8848 
8848 
8847 
8847 
8845 
8844 
8844 
8840 
8839 
8839 
8837 
8833 
8832 
8828 
8828 
8828 
8824 
8823 
8821 
8818 
8816 
8816 
8816 
8816 
8814 
8813 
8811 
8805 
8803 
8803 
8803 
8803 
8797 
8797 
8796 
8786 
8782 
8782 
8781 
8781 
8781 
8777 
8772 
8771 
8770 
8768 
8767 
8767 
8764 
8758 
8756 
8756 
8751 
8751 
8750 
8749 
8746 
8745 
8745 
8742 
8742 
8740 
8737 
8736 
8734 
8733 
8732 
8729 
8725 
8724 
8723 
8723 
8716 
8715 
8711 
8707 
8707 
8703 
8698 
8695 
8693 
8689 
8688 
8688 
8683 
8682 
8677 
8672 
8669 
8669 
8669 
8668 
8666 
8666 
8665 
8662 
8661 
8660 
8658 
8658 
8657 
8655 
8653 
8645 
8642 
8639 
8639 
8638 
8633 
8628 
8626 
8626 
8623 
8622 
8620 
8620 
8616 
8614 
8604 
8604 
8597 
8596 
8595 
8594 
8593 
8592 
8590 
8584 
8575 
8574 
8572 
8570 
8569 
8567 
8566 
8564 
8563 
8562 
8560 
8560 
8559 
8559 
8556 
8551 
8549 
8548 
8544 
8543 
8540 
8539 
8538 
8532 
8530 
8522 
8517 
8512 
8511 
8511 
8510 
8506 
8503 
8500 
8498 
8494 
8493 
8492 
8489 
8487 
8486 
8485 
8483 
8480 
8480 
8478 
8476 
8472 
8471 
8466 
8459 
8458 
8458 
8455 
8442 
8437 
8436 
8435 
8433 
8431 
8430 
8428 
8427 
8425 
8422 
8421 
8420 
8415 
8413 
8413 
8412 
8411 
8404 
8403 
8402 
8400 
8399 
8398 
8398 
8394 
8393 
8390 
8388 
8383 
8382 
8380 
8379 
8374 
8370 
8368 
8363 
8361 
8359 
8357 
8356 
8355 
8351 
8350 
8347 
8344 
8344 
8342 
8342 
8338 
8335 
8334 
8330 
8329 
8328 
8326 
8325 
8323 
8322 
8320 
8319 
8313 
8312 
8311 
8311 
8305 
8295 
8294 
8293 
8284 
8282 
8280 
8278 
8277 
8277 
8275 
8275 
8272 
8269 
8267 
8266 
8266 
8266 
8265 
8264 
8262 
8258 
8256 
8256 
8246 
8246 
8245 
8244 
8241 
8240 
8236 
8236 
8234 
8230 
8227 
8226 
8224 
8221 
8220 
8220 
8215 
8215 
8215 
8214 
8211 
8209 
8209 
8207 
8207 
8207 
8207 
8206 
8205 
8201 
8199 
8198 
8198 
8197 
8193 
8192 
8190 
8188 
8180 
8179 
8178 
8177 
8174 
8173 
8172 
8172 
8171 
8169 
8167 
8165 
8163 
8161 
8160 
8157 
8150 
8150 
8147 
8140 
8138 
8137 
8135 
8135 
8129 
8129 
8123 
8118 
8116 
8112 
8108 
8106 
8106 
8106 
8106 
8106 
8101 
8098 
8098 
8098 
8094 
8093 
8093 
8093 
8090 
8088 
8088 
8087 
8082 
8074 
8074 
8073 
8070 
8069 
8067 
8060 
8055 
8052 
8048 
8047 
8046 
8046 
8044 
8043 
8043 
8042 
8040 
8039 
8034 
8034 
8030 
8030 
8029 
8028 
8024 
8023 
8021 
8021 
8021 
8021 
8019 
8014 
8014 
8010 
8007 
8006 
8005 
8004 
8003 
7999 
7997 
7991 
7989 
7986 
7986 
7983 
7982 
7980 
7973 
7972 
7968 
7964 
7964 
7963 
7961 
7954 
7952 
7949 
7949 
7948 
7943 
7943 
7942 
7942 
7940 
7937 
7936 
7935 
7935 
7934 
7932 
7922 
7921 
7913 
7910 
7910 
7909 
7905 
7905 
7901 
7899 
7898 
7894 
7893 
7893 
7891 
7891 
7890 
7887 
7884 
7881 
7880 
7879 
7878 
7877 
7877 
7876 
7875 
7874 
7873 
7872 
7870 
7869 
7869 
7868 
7865 
7862 
7858 
7857 
7856 
7856 
7856 
7855 
7855 
7852 
7846 
7842 
7835 
7834 
7834 
7824 
7824 
7819 
7818 
7814 
7813 
7812 
7811 
7810 
7807 
7801 
7800 
7792 
7792 
7791 
7791 
7790 
7789 
7785 
7777 
7775 
7775 
7772 
7771 
7771 
7769 
7765 
7760 
7760 
7757 
7756 
7751 
7750 
7750 
7745 
7742 
7738 
7737 
7734 
7733 
7729 
7728 
7724 
7724 
7724 
7723 
7722 
7720 
7718 
7717 
7715 
7715 
7714 
7712 
7712 
7711 
7711 
7709 
7705 
7701 
7700 
7696 
7689 
7688 
7681 
7681 
7681 
7680 
7680 
7679 
7675 
7671 
7669 
7668 
7667 
7664 
7663 
7659 
7659 
7657 
7657 
7656 
7652 
7650 
7647 
7647 
7645 
7642 
7641 
7641 
7639 
7638 
7635 
7631 
7629 
7629 
7626 
7624 
7623 
7623 
7618 
7617 
7614 
7613 
7611 
7609 
7608 
7606 
7604 
7602 
7599 
7599 
7598 
7591 
7589 
7585 
7585 
7581 
7580 
7579 
7579 
7578 
7578 
7575 
7575 
7569 
7568 
7564 
7553 
7552 
7551 
7551 
7548 
7543 
7541 
7539 
7535 
7532 
7527 
7525 
7523 
7522 
7521 
7519 
7518 
7518 
7517 
7516 
7512 
7510 
7504 
7503 
7502 
7501 
7501 
7498 
7497 
7488 
7486 
7485 
7484 
7482 
7481 
7480 
7480 
7478 
7478 
7475 
7474 
7473 
7473 
7473 
7472 
7470 
7469 
7468 
7468 
7468 
7467 
7467 
7465 
7463 
7462 
7462 
7460 
7459 
7454 
7453 
7453 
7453 
7453 
7447 
7445 
7443 
7438 
7436 
7433 
7432 
7430 
7429 
7428 
7427 
7425 
7425 
7420 
7418 
7415 
7414 
7409 
7408 
7402 
7400 
7398 
7395 
7395 
7390 
7388 
7388 
7383 
7378 
7378 
7377 
7375 
7374 
7371 
7370 
7367 
7364 
7364 
7360 
7359 
7358 
7357 
7354 
7350 
7350 
7347 
7346 
7344 
7344 
7341 
7340 
7340 
7338 
7337 
7336 
7334 
7332 
7331 
7331 
7331 
7331 
7329 
7326 
7323 
7320 
7312 
7311 
7309 
7309 
7308 
7306 
7305 
7300 
7298 
7296 
7295 
7295 
7292 
7291 
7284 
7284 
7284 
7283 
7283 
7282 
7282 
7281 
7281 
7281 
7280 
7274 
7274 
7274 
7273 
7272 
7272 
7270 
7270 
7268 
7267 
7265 
7263 
7263 
7261 
7259 
7257 
7256 
7256 
7255 
7250 
7249 
7242 
7240 
7240 
7239 
7236 
7236 
7235 
7234 
7234 
7233 
7227 
7226 
7226 
7215 
7213 
7210 
7209 
7206 
7204 
7197 
7196 
7195 
7193 
7189 
7177 
7176 
7175 
7172 
7172 
7171 
7167 
7166 
7165 
7160 
7156 
7155 
7155 
7154 
7146 
7143 
7142 
7141 
7141 
7138 
7137 
7137 
7136 
7136 
7135 
7132 
7131 
7131 
7126 
7125 
7125 
7121 
7121 
7120 
7115 
7112 
7111 
7110 
7105 
7104 
7103 
7103 
7102 
7101 
7101 
7100 
7099 
7098 
7097 
7097 
7096 
7094 
7094 
7092 
7091 
7089 
7088 
7088 
7087 
7082 
7081 
7079 
7078 
7078 
7073 
7073 
7073 
7072 
7071 
7065 
7062 
7058 
7058 
7057 
7056 
7053 
7052 
7052 
7049 
7047 
7046 
7046 
7042 
7040 
7032 
7028 
7027 
7027 
7026 
7023 
7022 
7021 
7019 
7011 
7009 
7008 
7007 
7002 
7002 
6998 
6994 
6992 
6991 
6990 
6987 
6986 
6984 
6983 
6981 
6981 
6980 
6980 
6977 
6976 
6974 
6973 
6972 
6966 
6964 
6963 
6959 
6957 
6957 
6955 
6953 
6952 
6951 
6951 
6951 
6951 
6949 
6948 
6947 
6945 
6945 
6942 
6942 
6941 
6940 
6940 
6938 
6936 
6935 
6935 
6930 
6923 
6921 
6919 
6917 
6915 
6913 
6910 
6910 
6908 
6908 
6904 
6903 
6903 
6903 
6902 
6900 
6896 
6896 
6894 
6894 
6892 
6886 
6885 
6881 
6880 
6879 
6877 
6877 
6877 
6876 
6875 
6875 
6875 
6872 
6872 
6869 
6869 
6868 
6867 
6865 
6864 
6863 
6861 
6861 
6860 
6858 
6854 
6853 
6852 
6850 
6849 
6844 
6842 
6842 
6839 
6839 
6837 
6837 
6836 
6834 
6825 
6824 
6820 
6819 
6816 
6816 
6815 
6812 
6812 
6809 
6806 
6803 
6797 
6795 
6795 
6793 
6790 
6789 
6788 
6787 
6784 
6783 
6774 
6774 
6774 
6772 
6772 
6770 
6770 
6769 
6765 
6765 
6765 
6765 
6764 
6762 
6762 
6754 
6748 
6746 
6744 
6741 
6740 
6740 
6739 
6739 
6739 
6729 
6727 
6726 
6726 
6725 
6725 
6724 
6723 
6722 
6720 
6720 
6719 
6718 
6717 
6717 
6713 
6711 
6711 
6708 
6703 
6701 
6701 
6697 
6697 
6697 
6696 
6696 
6693 
6686 
6681 
6679 
6677 
6677 
6676 
6675 
6675 
6673 
6671 
6669 
6663 
6662 
6657 
6656 
6656 
6655 
6653 
6652 
6651 
6646 
6645 
6644 
6641 
6641 
6638 
6638 
6633 
6633 
6632 
6632 
6632 
6629 
6628 
6626 
6624 
6622 
6617 
6615 
6613 
6611 
6611 
6609 
6607 
6606 
6606 
6604 
6603 
6602 
6601 
6596 
6595 
6594 
6591 
6590 
6586 
6584 
6583 
6582 
6581 
6580 
6579 
6579 
6576 
6575 
6575 
6574 
6574 
6573 
6570 
6565 
6563 
6559 
6559 
6552 
6552 
6546 
6545 
6545 
6543 
6543 
6539 
6538 
6538 
6537 
6536 
6532 
6530 
6530 
6529 
6529 
6527 
6527 
6525 
6525 
6523 
6523 
6521 
6518 
6517 
6516 
6515 
6514 
6513 
6512 
6510 
6510 
6509 
6508 
6503 
6503 
6501 
6499 
6498 
6497 
6493 
6489 
6483 
6483 
6481 
6480 
6478 
6476 
6471 
6469 
6469 
6468 
6468 
6466 
6466 
6465 
6464 
6462 
6462 
6460 
6458 
6457 
6455 
6445 
6445 
6441 
6439 
6438 
6437 
6432 
6431 
6423 
6423 
6422 
6420 
6418 
6418 
6408 
6408 
6402 
6402 
6399 
6395 
6395 
6390 
6390 
6389 
6389 
6388 
6385 
6384 
6384 
6382 
6381 
6380 
6376 
6376 
6374 
6373 
6371 
6364 
6361 
6361 
6361 
6359 
6359 
6357 
6357 
6356 
6353 
6353 
6353 
6349 
6349 
6345 
6341 
6334 
6334 
6332 
6329 
6326 
6326 
6325 
6324 
6323 
6323 
6322 
6320 
6319 
6317 
6315 
6315 
6310 
6307 
6306 
6301 
6300 
6300 
6299 
6299 
6296 
6295 
6294 
6288 
6286 
6283 
6283 
6282 
6280 
6276 
6275 
6272 
6270 
6269 
6269 
6269 
6267 
6267 
6267 
6267 
6266 
6264 
6263 
6263 
6259 
6255 
6253 
6252 
6250 
6249 
6249 
6247 
6243 
6242 
6242 
6240 
6240 
6240 
6239 
6236 
6235 
6234 
6232 
6228 
6222 
6222 
6221 
6220 
6220 
6215 
6215 
6214 
6212 
6211 
6196 
6195 
6192 
6190 
6184 
6178 
6177 
6176 
6174 
6174 
6173 
6173 
6171 
6170 
6170 
6162 
6160 
6159 
6157 
6153 
6152 
6151 
6150 
6150 
6150 
6148 
6146 
6146 
6146 
6144 
6143 
6139 
6138 
6136 
6135 
6134 
6132 
6128 
6127 
6124 
6121 
6118 
6116 
6115 
6107 
6105 
6098 
6098 
6094 
6094 
6092 
6092 
6090 
6089 
6089 
6089 
6088 
6087 
6087 
6081 
6080 
6078 
6078 
6077 
6072 
6069 
6067 
6066 
6064 
6063 
6063 
6061 
6060 
6059 
6058 
6050 
6049 
6049 
6048 
6047 
6047 
6045 
6043 
6041 
6039 
6039 
6038 
6035 
6027 
6024 
6023 
6022 
6016 
6010 
6009 
6005 
6004 
6001 
6000 
5998 
5989 
5987 
5983 
5982 
5980 
5978 
5976 
5969 
5966 
5965 
5963 
5959 
5953 
5951 
5950 
5949 
5948 
5945 
5944 
5939 
5937 
5937 
5931 
5929 
5928 
5926 
5920 
5916 
5913 
5909 
5908 
5906 
5903 
5902 
5899 
5898 
5897 
5896 
5895 
5890 
5890 
5889 
5888 
5884 
5882 
5882 
5880 
5879 
5879 
5876 
5876 
5873 
5869 
5868 
5867 
5860 
5855 
5851 
5851 
5850 
5847 
5843 
5842 
5842 
5838 
5837 
5836 
5833 
5824 
5821 
5819 
5818 
5818 
5814 
5812 
5808 
5806 
5806 
5805 
5803 
5802 
5802 
5800 
5800 
5797 
5796 
5793 
5790 
5787 
5787 
5787 
5785 
5784 
5783 
5782 
5780 
5778 
5778 
5777 
5776 
5776 
5773 
5773 
5771 
5768 
5765 
5763 
5761 
5758 
5752 
5751 
5749 
5749 
5742 
5737 
5736 
5735 
5732 
5731 
5731 
5731 
5731 
5730 
5727 
5727 
5725 
5721 
5720 
5720 
5719 
5719 
5718 
5718 
5715 
5712 
5708 
5701 
5700 
5698 
5693 
5693 
5693 
5692 
5688 
5688 
5686 
5682 
5679 
5679 
5678 
5677 
5674 
5674 
5673 
5669 
5668 
5665 
5662 
5660 
5658 
5657 
5657 
5657 
5653 
5648 
5647 
5646 
5643 
5637 
5636 
5636 
5627 
5626 
5624 
5624 
5622 
5619 
5616 
5613 
5608 
5606 
5606 
5604 
5602 
5598 
5593 
5593 
5591 
5590 
5589 
5589 
5588 
5584 
5583 
5576 
5576 
5575 
5568 
5560 
5557 
5556 
5555 
5555 
5554 
5554 
5553 
5551 
5550 
5548 
5547 
5545 
5544 
5540 
5530 
5529 
5529 
5528 
5522 
5516 
5509 
5508 
5508 
5504 
5500 
5499 
5496 
5496 
5495 
5491 
5491 
5489 
5488 
5488 
5482 
5482 
5481 
5480 
5478 
5478 
5476 
5475 
5474 
5471 
5471 
5467 
5467 
5462 
5457 
5456 
5456 
5456 
5455 
5453 
5452 
5451 
5447 
5447 
5446 
5446 
5442 
5442 
5440 
5440 
5440 
5436 
5435 
5433 
5433 
5433 
5432 
5432 
5426 
5420 
5420 
5418 
5416 
5414 
5412 
5411 
5411 
5408 
5407 
5405 
5404 
5398 
5397 
5395 
5392 
5391 
5391 
5388 
5388 
5384 
5384 
5382 
5379 
5377 
5377 
5375 
5373 
5372 
5371 
5371 
5371 
5369 
5369 
5366 
5358 
5358 
5358 
5356 
5355 
5354 
5352 
5352 
5352 
5351 
5350 
5346 
5345 
5342 
5342 
5341 
5339 
5338 
5337 
5335 
5335 
5333 
5332 
5330 
5325 
5324 
5324 
5323 
5323 
5320 
5316 
5315 
5311 
5311 
5310 
5310 
5304 
5304 
5298 
5291 
5291 
5290 
5290 
5289 
5287 
5286 
5283 
5279 
5279 
5277 
5276 
5276 
5274 
5271 
5269 
5263 
5263 
5259 
5255 
5254 
5253 
5252 
5249 
5248 
5247 
5246 
5244 
5243 
5239 
5238 
5238 
5235 
5233 
5233 
5230 
5229 
5223 
5220 
5219 
5219 
5217 
5215 
5213 
5211 
5209 
5206 
5202 
5202 
5199 
5187 
5187 
5177 
5175 
5172 
5172 
5171 
5169 
5167 
5165 
5165 
5165 
5163 
5162 
5155 
5153 
5151 
5149 
5147 
5135 
5135 
5134 
5131 
5130 
5130 
5128 
5124 
5122 
5122 
5122 
5122 
5111 
5109 
5108 
5107 
5107 
5104 
5101 
5100 
5093 
5091 
5091 
5089 
5087 
5086 
5085 
5082 
5074 
5073 
5072 
5066 
5061 
5058 
5056 
5055 
5053 
5053 
5052 
5047 
5045 
5044 
5044 
5041 
5035 
5032 
5030 
5025 
5024 
5024 
5017 
5014 
5013 
5012 
5012 
5010 
5009 
5008 
5000 
4998 
4997 
4997 
4997 
4995 
4991 
4990 
4990 
4988 
4986 
4985 
4983 
4983 
4981 
4972 
4969 
4966 
4965 
4965 
4963 
4960 
4957 
4956 
4947 
4944 
4942 
4942 
4941 
4940 
4937 
4937 
4935 
4935 
4935 
4932 
4932 
4931 
4925 
4918 
4918 
4918 
4916 
4913 
4911 
4909 
4907 
4906 
4905 
4904 
4903 
4898 
4893 
4893 
4893 
4888 
4881 
4876 
4873 
4873 
4872 
4872 
4872 
4871 
4866 
4864 
4864 
4861 
4860 
4856 
4854 
4854 
4848 
4846 
4842 
4835 
4834 
4832 
4829 
4810 
4809 
4809 
4809 
4807 
4805 
4804 
4801 
4798 
4798 
4792 
4789 
4783 
4781 
4779 
4777 
4777 
4776 
4776 
4775 
4774 
4774 
4771 
4769 
4763 
4762 
4762 
4760 
4760 
4758 
4756 
4756 
4754 
4751 
4749 
4747 
4746 
4746 
4744 
4744 
4731 
4728 
4728 
4727 
4726 
4725 
4722 
4719 
4713 
4713 
4712 
4711 
4711 
4708 
4707 
4701 
4696 
4692 
4692 
4691 
4691 
4690 
4689 
4688 
4687 
4686 
4683 
4679 
4677 
4675 
4674 
4672 
4671 
4670 
4668 
4667 
4666 
4665 
4664 
4663 
4662 
4660 
4657 
4654 
4651 
4649 
4648 
4645 
4644 
4644 
4642 
4640 
4638 
4638 
4635 
4634 
4634 
4627 
4626 
4625 
4624 
4624 
4622 
4620 
4619 
4618 
4617 
4616 
4614 
4609 
4609 
4608 
4607 
4604 
4603 
4602 
4599 
4597 
4596 
4596 
4594 
4594 
4592 
4591 
4588 
4588 
4585 
4585 
4577 
4574 
4568 
4567 
4565 
4563 
4557 
4551 
4549 
4546 
4544 
4542 
4542 
4541 
4541 
4540 
4538 
4536 
4532 
4532 
4532 
4529 
4527 
4526 
4521 
4510 
4508 
4507 
4507 
4503 
4501 
4501 
4501 
4501 
4499 
4499 
4498 
4497 
4492 
4486 
4483 
4482 
4480 
4476 
4474 
4473 
4471 
4468 
4467 
4466 
4463 
4463 
4463 
4462 
4459 
4458 
4456 
4454 
4454 
4452 
4451 
4450 
4450 
4450 
4448 
4448 
4447 
4446 
4443 
4442 
4441 
4441 
4441 
4440 
4439 
4437 
4433 
4431 
4428 
4428 
4423 
4422 
4420 
4420 
4419 
4414 
4412 
4410 
4410 
4409 
4402 
4399 
4399 
4398 
4397 
4397 
4396 
4393 
4392 
4391 
4390 
4389 
4389 
4387 
4382 
4378 
4372 
4371 
4367 
4366 
4365 
4365 
4361 
4360 
4359 
4358 
4358 
4358 
4355 
4355 
4354 
4353 
4348 
4347 
4345 
4342 
4342 
4341 
4340 
4339 
4337 
4332 
4329 
4329 
4328 
4326 
4325 
4323 
4323 
4322 
4322 
4319 
4316 
4316 
4314 
4312 
4312 
4311 
4303 
4301 
4298 
4297 
4296 
4296 
4296 
4294 
4293 
4292 
4292 
4288 
4283 
4277 
4274 
4270 
4269 
4268 
4268 
4263 
4261 
4260 
4260 
4259 
4259 
4254 
4254 
4252 
4251 
4251 
4247 
4246 
4245 
4241 
4237 
4236 
4234 
4230 
4226 
4223 
4221 
4221 
4218 
4218 
4216 
4215 
4211 
4209 
4206 
4205 
4204 
4204 
4204 
4203 
4199 
4196 
4196 
4195 
4192 
4191 
4189 
4186 
4182 
4181 
4181 
4181 
4179 
4178 
4169 
4169 
4168 
4167 
4166 
4166 
4165 
4165 
4165 
4159 
4157 
4154 
4153 
4153 
4151 
4151 
4144 
4129 
4127 
4127 
4126 
4126 
4125 
4122 
4122 
4120 
4118 
4117 
4116 
4110 
4110 
4109 
4106 
4105 
4105 
4104 
4100 
4098 
4097 
4093 
4093 
4092 
4089 
4087 
4085 
4079 
4075 
4074 
4074 
4070 
4069 
4069 
4068 
4068 
4066 
4063 
4058 
4055 
4055 
4054 
4049 
4048 
4043 
4041 
4039 
4036 
4028 
4028 
4025 
4022 
4022 
4021 
4010 
4009 
4008 
4005 
4004 
3997 
3994 
3993 
3992 
3990 
3990 
3986 
3984 
3984 
3981 
3980 
3980 
3975 
3973 
3972 
3971 
3970 
3969 
3969 
3968 
3967 
3964 
3963 
3962 
3961 
3961 
3960 
3960 
3960 
3958 
3956 
3952 
3945 
3944 
3943 
3938 
3938 
3936 
3935 
3934 
3927 
3927 
3926 
3926 
3925 
3920 
3919 
3917 
3916 
3914 
3908 
3906 
3902 
3900 
3899 
3899 
3898 
3896 
3896 
3895 
3891 
3891 
3887 
3886 
3885 
3884 
3884 
3883 
3883 
3879 
3878 
3875 
3874 
3873 
3872 
3868 
3866 
3862 
3862 
3861 
3857 
3857 
3852 
3851 
3843 
3839 
3838 
3838 
3837 
3836 
3835 
3835 
3835 
3834 
3834 
3830 
3828 
3827 
3826 
3820 
3820 
3818 
3815 
3814 
3813 
3809 
3808 
3808 
3806 
3802 
3799 
3798 
3797 
3796 
3795 
3788 
3784 
3782 
3778 
3775 
3766 
3764 
3759 
3758 
3757 
3756 
3751 
3748 
3745 
3744 
3743 
3741 
3740 
3739 
3739 
3736 
3733 
3733 
3733 
3730 
3726 
3725 
3720 
3720 
3719 
3710 
3709 
3707 
3704 
3703 
3701 
3698 
3698 
3696 
3693 
3693 
3690 
3690 
3687 
3687 
3682 
3682 
3681 
3678 
3676 
3674 
3673 
3671 
3667 
3665 
3664 
3663 
3662 
3659 
3656 
3655 
3655 
3651 
3651 
3646 
3646 
3645 
3645 
3642 
3642 
3636 
3632 
3632 
3628 
3627 
3627 
3625 
3625 
3623 
3621 
3620 
3617 
3617 
3615 
3614 
3614 
3613 
3611 
3607 
3601 
3598 
3595 
3593 
3588 
3588 
3586 
3585 
3585 
3584 
3583 
3582 
3582 
3580 
3578 
3577 
3576 
3574 
3572 
3568 
3565 
3565 
3562 
3559 
3559 
3555 
3554 
3552 
3552 
3552 
3550 
3549 
3548 
3548 
3546 
3544 
3543 
3543 
3542 
3541 
3540 
3540 
3534 
3531 
3524 
3524 
3521 
3516 
3514 
3514 
3513 
3511 
3510 
3509 
3501 
3501 
3499 
3498 
3496 
3496 
3495 
3495 
3494 
3491 
3487 
3485 
3483 
3476 
3476 
3474 
3471 
3466 
3464 
3463 
3459 
3456 
3453 
3448 
3446 
3445 
3438 
3435 
3434 
3432 
3429 
3429 
3427 
3427 
3425 
3423 
3423 
3419 
3416 
3414 
3413 
3412 
3412 
3405 
3403 
3399 
3399 
3398 
3397 
3395 
3394 
3390 
3388 
3387 
3387 
3383 
3383 
3382 
3381 
3380 
3379 
3376 
3374 
3370 
3369 
3366 
3366 
3364 
3363 
3362 
3361 
3356 
3355 
3352 
3346 
3345 
3331 
3331 
3331 
3330 
3326 
3323 
3318 
3318 
3317 
3317 
3315 
3313 
3313 
3312 
3310 
3310 
3308 
3307 
3306 
3302 
3298 
3297 
3295 
3291 
3290 
3289 
3286 
3285 
3283 
3283 
3283 
3282 
3279 
3279 
3278 
3275 
3272 
3272 
3271 
3267 
3266 
3265 
3265 
3262 
3262 
3259 
3259 
3256 
3254 
3253 
3250 
3250 
3248 
3247 
3246 
3244 
3243 
3242 
3241 
3241 
3239 
3239 
3238 
3233 
3229 
3224 
3222 
3220 
3219 
3216 
3216 
3215 
3215 
3215 
3214 
3213 
3211 
3206 
3202 
3200 
3198 
3198 
3197 
3196 
3196 
3193 
3187 
3183 
3178 
3178 
3178 
3177 
3177 
3171 
3162 
3160 
3156 
3156 
3153 
3153 
3148 
3148 
3146 
3146 
3145 
3140 
3137 
3137 
3136 
3135 
3133 
3132 
3130 
3129 
3128 
3122 
3121 
3119 
3118 
3112 
3111 
3110 
3109 
3106 
3101 
3101 
3101 
3100 
3099 
3095 
3094 
3091 
3091 
3089 
3087 
3087 
3086 
3080 
3074 
3072 
3071 
3070 
3069 
3068 
3067 
3066 
3065 
3063 
3063 
3061 
3060 
3055 
3055 
3054 
3049 
3048 
3045 
3044 
3043 
3043 
3042 
3041 
3040 
3040 
3040 
3040 
3036 
3035 
3032 
3031 
3030 
3026 
3021 
3019 
3018 
3017 
3016 
3015 
3014 
3011 
3009 
3008 
3006 
3001 
2996 
2995 
2992 
2991 
2990 
2988 
2988 
2987 
2987 
2984 
2983 
2981 
2979 
2976 
2975 
2970 
2969 
2968 
2966 
2961 
2961 
2959 
2954 
2953 
2952 
2951 
2946 
2945 
2943 
2941 
2940 
2938 
2933 
2932 
2932 
2929 
2929 
2927 
2926 
2926 
2923 
2919 
2918 
2918 
2918 
2915 
2908 
2904 
2904 
2904 
2902 
2899 
2895 
2890 
2889 
2887 
2886 
2881 
2881 
2880 
2879 
2872 
2871 
2868 
2867 
2864 
2864 
2861 
2861 
2860 
2859 
2859 
2857 
2853 
2850 
2847 
2846 
2841 
2838 
2832 
2830 
2830 
2825 
2823 
2821 
2821 
2818 
2818 
2817 
2816 
2812 
2811 
2811 
2810 
2809 
2808 
2804 
2799 
2796 
2795 
2793 
2791 
2787 
2786 
2783 
2782 
2778 
2776 
2768 
2768 
2767 
2764 
2761 
2759 
2758 
2756 
2754 
2752 
2752 
2751 
2749 
2749 
2747 
2743 
2736 
2735 
2734 
2729 
2728 
2724 
2723 
2709 
2709 
2708 
2708 
2708 
2706 
2705 
2704 
2694 
2692 
2688 
2688 
2683 
2682 
2678 
2674 
2672 
2672 
2671 
2668 
2668 
2665 
2665 
2662 
2658 
2653 
2653 
2652 
2649 
2645 
2644 
2644 
2641 
2641 
2639 
2638 
2635 
2635 
2634 
2634 
2632 
2630 
2629 
2629 
2627 
2624 
2622 
2621 
2621 
2620 
2618 
2614 
2612 
2612 
2612 
2611 
2610 
2608 
2605 
2603 
2602 
2601 
2601 
2599 
2598 
2597 
2597 
2593 
2591 
2590 
2589 
2588 
2584 
2581 
2580 
2578 
2577 
2577 
2574 
2570 
2570 
2570 
2569 
2568 
2566 
2566 
2565 
2561 
2557 
2555 
2554 
2553 
2553 
2553 
2552 
2551 
2547 
2547 
2545 
2544 
2541 
2541 
2538 
2536 
2533 
2528 
2527 
2524 
2522 
2514 
2506 
2504 
2503 
2499 
2499 
2498 
2496 
2496 
2495 
2493 
2493 
2490 
2487 
2482 
2478 
2477 
2474 
2473 
2473 
2473 
2469 
2468 
2466 
2466 
2464 
2463 
2460 
2459 
2456 
2454 
2452 
2452 
2449 
2448 
2446 
2434 
2433 
2433 
2432 
2430 
2430 
2428 
2427 
2427 
2426 
2426 
2424 
2422 
2421 
2417 
2416 
2411 
2411 
2407 
2405 
2403 
2402 
2402 
2391 
2389 
2387 
2386 
2384 
2384 
2381 
2380 
2378 
2375 
2371 
2370 
2370 
2370 
2366 
2364 
2363 
2363 
2352 
2348 
2347 
2347 
2346 
2344 
2339 
2338 
2338 
2338 
2334 
2331 
2328 
2324 
2323 
2313 
2313 
2311 
2309 
2308 
2307 
2306 
2305 
2301 
2301 
2300 
2299 
2297 
2297 
2294 
2292 
2291 
2277 
2276 
2274 
2274 
2273 
2273 
2270 
2269 
2268 
2268 
2266 
2262 
2262 
2261 
2261 
2257 
2256 
2256 
2255 
2251 
2251 
2247 
2247 
2246 
2246 
2245 
2244 
2244 
2243 
2241 
2238 
2231 
2227 
2226 
2225 
2221 
2217 
2215 
2212 
2208 
2204 
2202 
2201 
2201 
2190 
2190 
2189 
2188 
2186 
2185 
2185 
2182 
2181 
2178 
2178 
2178 
2173 
2173 
2171 
2168 
2166 
2163 
2163 
2161 
2159 
2158 
2157 
2156 
2156 
2155 
2153 
2153 
2152 
2145 
2144 
2141 
2141 
2141 
2140 
2138 
2134 
2134 
2129 
2129 
2128 
2126 
2126 
2123 
2120 
2119 
2119 
2119 
2119 
2116 
2114 
2112 
2109 
2108 
2108 
2108 
2106 
2104 
2100 
2098 
2095 
2094 
2087 
2086 
2085 
2085 
2084 
2079 
2079 
2076 
2071 
2070 
2066 
2066 
2066 
2063 
2062 
2061 
2058 
2056 
2054 
2053 
2051 
2050 
2048 
2047 
2046 
2045 
2043 
2041 
2041 
2037 
2037 
2031 
2029 
2027 
2023 
2021 
2018 
2018 
2018 
2016 
2014 
2014 
2011 
2011 
2011 
2007 
2007 
2007 
2006 
2006 
2004 
2000 
1998 
1991 
1991 
1991 
1990 
1984 
1978 
1977 
1975 
1975 
1974 
1974 
1969 
1966 
1958 
1956 
1956 
1952 
1952 
1952 
1951 
1948 
1946 
1943 
1940 
1933 
1929 
1929 
1928 
1925 
1923 
1922 
1920 
1915 
1913 
1912 
1912 
1911 
1907 
1906 
1904 
1901 
1898 
1898 
1893 
1892 
1888 
1883 
1882 
1879 
1878 
1878 
1878 
1877 
1875 
1874 
1868 
1867 
1865 
1865 
1864 
1862 
1859 
1859 
1859 
1858 
1856 
1856 
1855 
1852 
1852 
1851 
1850 
1850 
1847 
1843 
1840 
1840 
1840 
1839 
1839 
1838 
1835 
1833 
1831 
1830 
1828 
1828 
1828 
1826 
1825 
1824 
1824 
1820 
1819 
1816 
1816 
1813 
1812 
1808 
1805 
1804 
1802 
1802 
1801 
1798 
1798 
1797 
1796 
1795 
1794 
1794 
1793 
1792 
1789 
1789 
1785 
1782 
1778 
1778 
1775 
1773 
1773 
1772 
1770 
1767 
1765 
1762 
1762 
1760 
1758 
1757 
1754 
1742 
1741 
1741 
1741 
1739 
1737 
1733 
1728 
1726 
1725 
1717 
1715 
1712 
1711 
1703 
1703 
1702 
1699 
1698 
1694 
1692 
1691 
1680 
1677 
1674 
1671 
1671 
1669 
1665 
1664 
1661 
1661 
1660 
1658 
1657 
1655 
1654 
1651 
1650 
1650 
1645 
1643 
1642 
1640 
1640 
1639 
1636 
1635 
1634 
1632 
1632 
1631 
1630 
1626 
1624 
1622 
1622 
1622 
1619 
1618 
1618 
1617 
1615 
1614 
1613 
1612 
1608 
1604 
1604 
1603 
1600 
1597 
1596 
1595 
1593 
1593 
1591 
1590 
1589 
1583 
1580 
1579 
1576 
1572 
1571 
1570 
1565 
1565 
1565 
1564 
1561 
1561 
1560 
1560 
1557 
1555 
1555 
1553 
1553 
1553 
1546 
1545 
1543 
1543 
1540 
1537 
1536 
1535 
1535 
1535 
1534 
1533 
1530 
1529 
1525 
1518 
1518 
1515 
1515 
1515 
1514 
1511 
1510 
1510 
1506 
1494 
1493 
1491 
1490 
1489 
1483 
1482 
1481 
1480 
1478 
1478 
1477 
1476 
1475 
1472 
1471 
1471 
1469 
1468 
1465 
1464 
1463 
1463 
1462 
1459 
1459 
1454 
1451 
1449 
1448 
1446 
1444 
1443 
1442 
1441 
1439 
1437 
1430 
1429 
1428 
1427 
1425 
1416 
1416 
1407 
1406 
1405 
1404 
1404 
1404 
1401 
1397 
1396 
1394 
1391 
1390 
1390 
1389 
1380 
1379 
1379 
1378 
1377 
1376 
1375 
1374 
1373 
1372 
1370 
1369 
1367 
1363 
1362 
1362 
1358 
1357 
1347 
1342 
1336 
1335 
1333 
1333 
1328 
1326 
1326 
1325 
1322 
1317 
1316 
1316 
1315 
1312 
1311 
1309 
1308 
1308 
1307 
1305 
1301 
1297 
1297 
1295 
1292 
1288 
1288 
1288 
1285 
1283 
1283 
1283 
1282 
1281 
1279 
1277 
1277 
1275 
1273 
1271 
1268 
1268 
1265 
1261 
1260 
1260 
1257 
1249 
1247 
1245 
1242 
1241 
1241 
1240 
1235 
1232 
1229 
1229 
1227 
1224 
1222 
1222 
1218 
1218 
1216 
1216 
1212 
1210 
1210 
1207 
1203 
1200 
1200 
1199 
1195 
1193 
1193 
1190 
1187 
1185 
1184 
1181 
1178 
1178 
1177 
1177 
1175 
1173 
1170 
1168 
1166 
1165 
1163 
1163 
1159 
1158 
1158 
1158 
1156 
1155 
1154 
1153 
1153 
1153 
1147 
1145 
1142 
1141 
1141 
1139 
1139 
1136 
1136 
1135 
1132 
1129 
1127 
1126 
1125 
1123 
1122 
1122 
1120 
1119 
1118 
1117 
1117 
1116 
1113 
1112 
1111 
1109 
1109 
1103 
1103 
1102 
1101 
1101 
1099 
1097 
1095 
1089 
1088 
1087 
1086 
1082 
1077 
1076 
1075 
1073 
1072 
1071 
1063 
1062 
1061 
1058 
1056 
1055 
1049 
1046 
1046 
1043 
1043 
1042 
1042 
1033 
1033 
1030 
1028 
1021 
1018 
1017 
1016 
1012 
1010 
1008 
1005 
1004 
1003 
1001 
998 
996 
993 
993 
992 
992 
989 
988 
988 
987 
985 
984 
983 
971 
970 
969 
966 
965 
963 
963 
962 
962 
958 
956 
952 
949 
947 
946 
945 
941 
940 
938 
937 
935 
935 
934 
934 
933 
931 
928 
923 
918 
916 
913 
912 
907 
906 
900 
899 
896 
896 
894 
892 
890 
889 
885 
884 
884 
884 
883 
883 
880 
879 
877 
874 
872 
871 
868 
866 
865 
860 
858 
856 
854 
851 
849 
847 
844 
843 
840 
836 
836 
835 
834 
832 
828 
824 
820 
818 
816 
812 
812 
811 
807 
804 
803 
802 
798 
797 
797 
793 
790 
787 
782 
782 
781 
779 
771 
768 
761 
761 
757 
756 
754 
750 
749 
748 
747 
745 
745 
744 
743 
743 
742 
739 
737 
736 
735 
734 
734 
731 
729 
729 
728 
727 
723 
720 
720 
719 
715 
714 
713 
710 
707 
706 
706 
705 
703 
703 
701 
700 
699 
697 
697 
696 
695 
692 
689 
688 
686 
684 
683 
682 
681 
677 
675 
673 
672 
671 
670 
668 
664 
664 
661 
659 
655 
655 
654 
652 
648 
647 
645 
640 
639 
638 
637 
637 
633 
629 
629 
629 
628 
625 
621 
618 
618 
614 
613 
612 
612 
611 
610 
607 
606 
606 
603 
600 
598 
598 
598 
589 
585 
584 
582 
582 
581 
580 
580 
579 
578 
573 
568 
568 
567 
567 
561 
560 
560 
558 
558 
557 
556 
556 
554 
550 
549 
548 
547 
546 
544 
539 
538 
536 
535 
530 
530 
525 
523 
523 
519 
519 
517 
515 
514 
511 
506 
504 
504 
502 
500 
500 
496 
493 
488 
488 
487 
487 
477 
471 
460 
456 
450 
445 
443 
441 
441 
439 
436 
435 
429 
425 
424 
423 
423 
422 
421 
418 
417 
416 
414 
414 
412 
409 
407 
406 
404 
401 
401 
401 
400 
400 
399 
399 
399 
398 
398 
396 
395 
392 
389 
385 
379 
378 
374 
373 
372 
364 
363 
363 
361 
359 
359 
352 
348 
344 
341 
341 
339 
337 
327 
326 
323 
322 
322 
320 
320 
319 
316 
316 
314 
310 
307 
302 
300 
298 
290 
288 
288 
281 
276 
276 
275 
274 
274 
269 
263 
262 
262 
261 
260 
259 
255 
254 
246 
243 
242 
241 
237 
235 
235 
234 
233 
232 
229 
228 
222 
220 
220 
215 
214 
213 
207 
204 
203 
203 
199 
195 
194 
193 
188 
187 
186 
185 
180 
180 
177 
176 
174 
174 
173 
166 
162 
160 
157 
152 
152 
149 
147 
146 
144 
143 
142 
142 
134 
131 
126 
126 
125 
123 
122 
121 
118 
117 
112 
111 
109 
97 
93 
92 
92 
90 
84 
84 
83 
82 
81 
80 
78 
77 
74 
74 
72 
71 
70 
66 
66 
64 
63 
59 
58 
57 
57 
53 
53 
51 
50 
48 
45 
43 
36 
36 
35 
35 
31 
26 
24 
22 
21 
19 
19 
18 
17 
10 
9 
8 
4 
4 
1 
1 
0 
