57 57 57
4997 5974 2009 6223 1121 1949 8675 8639 6895 6228 9921 9221 1323 4381 1343 6230 7162 9957 7631 3372 3283 5497 4229 8072 9528 8666 825 4093 835 3381 981 3566 6438 3471 3491 8292 3360 9885 3011 426 8635 8857 1061 9238 9434 1882 5732 3279 5599 587 3648 1912 2782 8544 9750 7233 5145 
9645 3692 2779 3375 4991 9817 7148 2567 2362 4428 5290 3053 6420 4449 5883 3768 2125 7530 3806 5103 6973 8311 2368 8926 4123 1503 6324 4636 5686 6737 508 2875 9330 7216 4677 569 6324 9914 3741 2178 8890 8472 1457 1449 6526 2160 7343 6371 5142 4009 9597 6697 6731 9929 726 8580 7797 
1880 9555 7068 5199 9750 5062 2270 2628 4540 4873 4922 2885 4131 5672 1213 4444 9810 2938 8385 6185 5982 3121 3672 5006 157 5018 9190 3219 2873 2979 3750 1074 8995 4873 5420 484 3011 560 5232 2790 9262 3624 464 8825 2249 1361 5209 8341 4653 7010 8171 4864 2014 1711 2823 1551 7008 
5324 2624 7013 5187 3127 1338 8427 5320 1810 9601 6217 5632 4223 4013 9568 3995 6304 5250 3565 7018 5778 3343 850 1005 455 9772 3608 6409 3966 3291 5498 3242 5899 4008 9486 8502 5339 2 7219 3772 2261 3917 7134 9426 3878 4078 1046 4950 6256 5160 2608 7625 4312 5932 9939 4094 2456 
8411 4544 9912 2057 9415 8133 8713 2541 3314 2967 9118 9236 5719 1555 4441 1635 5318 2459 2430 4890 7474 4551 2933 8851 5517 8529 1860 7961 6028 3932 1796 5831 5443 5083 9370 1644 8929 5119 8329 1936 9613 9356 9868 6908 8584 6502 4316 2633 5958 1260 9335 6724 5877 9890 1097 6171 6125 
7950 2766 1132 7962 7782 4631 2497 7073 3799 8742 427 5584 3545 7444 5430 7227 6175 874 2090 9648 8895 4921 3160 7896 9534 8666 271 6082 50 3474 5840 8837 7065 60 5440 9314 321 6007 8137 2426 1096 5920 7633 2071 856 1163 7590 3215 5012 8016 610 1845 2906 4262 4035 3509 1814 
3656 202 1011 3946 5640 6681 4748 7465 7878 3759 1367 8469 7484 8044 2820 927 8185 8192 545 6123 6762 9774 8265 5449 9343 2073 3834 9799 9350 3880 6130 3302 9 6765 7103 2619 7564 9527 1025 1557 4842 967 3839 8825 3875 8897 8305 3171 2488 285 143 9638 2847 9523 2821 401 9856 
7841 8439 9746 7439 9079 1471 1006 2079 7474 7350 6933 3799 6107 1402 7008 7786 632 6514 9820 1434 3491 6491 1906 5805 8973 5483 1519 4741 8341 6243 3312 6879 7868 1161 198 3664 9611 1525 7397 3952 8716 5830 1759 3482 7162 7358 5279 2127 3494 7335 7544 6140 7326 4811 2836 2449 9756 
9464 217 7860 6733 9183 6777 2414 5236 169 865 7717 3093 4839 9759 3004 3922 3977 1152 2955 3397 6387 3491 2364 6389 9265 1632 158 4620 9015 6064 5470 1344 1136 6120 6192 2676 5573 6897 7056 5234 6307 8989 9130 6811 5507 5109 2896 5385 9627 2203 5472 6963 6745 1441 3631 2686 9234 
400 3770 5997 4288 8079 1260 3273 7681 6269 9539 2720 2365 5322 792 8987 3527 1612 7834 2098 9300 9739 3317 1054 8510 6364 2605 7523 8227 1683 1083 466 8910 2852 9605 1866 3037 3321 9091 6248 4407 8576 2646 6269 8958 8089 4969 754 4505 6077 7932 378 2584 9018 1595 5751 9754 3239 
1638 4461 782 8970 8780 2351 2964 1158 9968 8363 1970 5246 2673 6554 7852 2098 9254 1518 1321 233 5564 1781 2290 4294 2869 2492 5838 8401 7298 5630 5421 873 5819 9814 7633 9408 6754 3127 7630 2152 6456 9937 9498 6270 668 534 2926 2227 4667 5641 4524 6678 4703 702 4263 2537 2007 
398 6997 6606 1166 5492 8019 4142 6425 5098 7030 4658 5747 6121 7487 1421 3741 4671 3037 7795 6891 9436 8625 3978 8326 6769 977 3843 7446 2197 7079 2024 3894 825 8318 4423 8885 4328 783 1900 8780 9158 8609 6131 2712 2968 4366 5181 675 3213 2881 2747 8961 5218 7032 1216 894 85 
1391 2762 5699 7819 8689 6338 4507 5144 9741 3235 2764 4756 5095 3301 6393 7129 7657 13 449 533 6981 9937 2698 6897 2848 5804 8398 6890 1431 974 5924 2400 5160 7006 4335 813 6819 5657 7747 9793 9378 3044 449 4773 5418 3251 7205 4909 3034 7921 1307 6666 6256 8328 8258 887 273 
2510 277 3448 6472 5542 3041 1534 6985 3050 9197 5167 2618 9448 918 8466 2531 8990 3108 8159 8585 3340 3633 9652 7352 7441 8122 7593 6592 9066 1185 7600 3878 8826 7568 1613 1429 7839 9996 8117 148 3757 7105 1774 9177 1953 5009 3637 7772 3514 9520 864 8831 863 8473 7380 9629 293 
2694 529 8343 2166 4411 1003 5314 4985 556 807 8169 6981 5864 9602 7557 4403 535 7094 6808 8914 1960 8106 6630 8180 661 1173 1232 8980 4866 3475 5535 7113 5716 5703 6765 5535 8885 6274 7500 364 7047 5967 4403 5543 1237 5436 7055 5166 3147 2486 7984 7172 4337 4972 6885 9332 3945 
4075 2814 6432 6219 3189 6030 8934 548 7624 3744 8739 5799 7140 2591 112 3806 4172 4931 8953 4597 1953 4431 3254 1326 59 2312 6042 7716 8414 4426 7058 9064 6557 3321 5081 970 307 9991 6156 6616 2908 3937 4753 8390 8943 8240 1959 9059 3360 119 3235 7135 8180 8712 4551 4578 1322 
7725 896 7814 3653 1046 5498 3205 2711 8388 1909 9219 8705 5747 8877 7313 1021 5384 2494 8896 9178 8674 5515 5848 6834 8468 4044 7720 3528 8554 7475 2533 8679 8627 2066 2429 3188 7653 1027 8953 1875 3043 4048 3004 3746 6093 8630 2793 1894 9682 3329 347 4366 4705 2329 6494 6619 901 
5082 5222 1621 8925 1922 9455 3256 7382 5469 8041 4642 1644 1113 604 4020 8892 7244 467 3543 4016 2807 9261 8669 4895 3892 6434 3218 7709 4776 6161 5561 8593 5798 2610 4593 440 6148 9440 3115 1112 118 6246 5377 6310 1181 3297 8697 3544 9092 6044 5793 8230 5266 2408 1276 3037 491 
14 1674 5736 9671 4695 2254 1112 4964 2362 6965 2049 9397 4962 6938 3166 5682 9312 5793 7111 9300 4372 1858 9236 6368 7637 7671 21 570 8941 1515 2114 12 6388 3562 8196 3071 942 5485 8200 9666 8371 4823 7994 2897 2773 2145 6992 3353 9752 1992 3715 9632 2922 7819 4995 8397 5164 
2824 6153 7256 5828 6153 4183 8031 3745 6214 2979 259 734 8804 6534 9503 353 9131 4046 8894 1406 2475 8297 5674 1342 2916 8539 2987 6368 3897 9986 9074 9222 6056 7945 6697 7784 4544 6508 7773 2493 6778 2387 3877 5898 1749 2149 9779 6408 21 8068 6317 2243 2306 2092 7808 2062 1584 
4841 7515 7934 9723 5873 3959 8464 2170 6364 8410 1765 1894 3755 6757 4430 6813 14 476 419 6562 7129 2083 7387 8845 7570 9581 1612 2606 3393 6177 2249 7985 5488 7598 9637 3718 8721 8113 2882 6650 3263 3246 3421 5299 9328 4643 3283 9435 6195 1144 5875 9070 2307 7802 9788 2539 1933 
4766 7663 9826 2615 4096 1288 7439 2904 1579 1147 3980 8839 6335 6521 3275 4828 5024 1685 2332 9532 9986 7999 611 1577 1351 8613 2279 4083 9743 5428 197 2897 9809 9786 7389 2479 2774 9815 5267 4196 8148 6419 7057 4692 7439 6321 7464 4063 6441 6109 2369 994 3451 1607 976 3528 6690 
8952 7136 5231 1225 6457 5504 8291 490 1663 8492 2090 4341 5880 8017 597 9882 8352 7419 4983 7659 975 3806 4007 1004 333 1390 1576 8231 5528 3795 7214 9182 1585 3748 6407 1392 1117 7061 6672 5443 1060 7052 2254 1447 5017 3863 838 4325 8471 2785 7739 5765 362 9078 9546 1861 6182 
5170 1599 9067 6128 3611 7324 8288 343 409 9434 7511 5771 4411 4505 8678 9904 8262 1453 7037 4845 230 9052 2727 4701 7804 7679 3471 8854 9961 9213 6672 7046 6839 7715 4571 1536 235 6280 8252 7873 5985 5528 805 7329 3301 2156 9788 7398 5455 9080 9650 6555 4933 7131 9351 1557 1176 
6709 2664 7631 850 8572 8634 8711 3988 4238 4704 8944 5140 2803 2380 9922 9499 6435 3224 7914 3698 2068 746 8720 5052 7495 5764 6528 9279 892 4388 5421 615 9246 5767 169 3640 8649 9620 6512 8171 4050 5834 5693 8737 746 7909 4677 4728 4347 8720 6626 1500 9199 9177 6954 4837 1189 
155 3970 5285 5151 9112 1038 5027 1617 1595 4493 6454 981 3627 7221 1876 5198 860 7656 5453 9478 1378 7135 2278 6832 9316 7322 4194 3651 9433 8434 9232 7883 222 5434 7277 6791 6131 6093 7437 7062 5603 1727 876 3706 9350 354 6931 7973 2246 7776 4046 6595 4606 4576 6296 6671 1894 
2294 2905 2133 6543 7497 9731 3409 403 9567 9575 9764 8214 5773 7076 8459 4103 9087 527 6694 3206 5983 9623 927 8710 9921 914 2881 7024 2528 8712 7049 983 4770 5774 5387 4353 671 2591 4590 7148 8894 7271 5396 7520 9913 2832 6070 3913 8068 3551 2060 9259 7097 2000 9075 2390 5338 
5260 8893 7502 6678 9030 9390 467 8886 2041 5121 5135 5328 6240 3735 251 7751 406 6867 1294 5110 5249 3493 9177 7282 3909 8988 6941 6168 3804 358 1776 3365 9782 4248 8136 5761 7410 9843 1949 5653 3244 345 7896 9491 6250 1526 1577 7395 1690 6780 4668 8129 28 8640 6156 1570 1611 
5445 5375 7859 757 7405 9742 9875 6353 7195 2393 7055 1427 1247 728 3172 8606 8517 9908 3084 1773 530 6453 261 7004 7113 2740 9739 5546 3961 7718 5968 1490 2571 95 7190 7811 3232 5299 2573 9525 9568 8219 9277 3879 2230 3561 9204 6465 8486 6258 2180 5034 9491 3487 2642 8012 1219 
6255 8211 7190 2142 9402 8178 8993 6878 9916 5716 9892 6299 9852 6891 9701 6232 6537 5252 188 1492 5018 1745 2079 2733 4447 4939 9015 7431 9281 8267 6682 142 716 1725 752 4543 3278 626 6746 7384 7031 7116 7616 2180 8379 1829 2027 277 4093 3644 7171 1285 918 4859 3466 2421 1287 
2911 8721 8167 7427 7889 3952 6951 3302 6424 8692 7181 8487 3231 6071 8247 7760 7156 2489 8876 6240 1514 7512 7841 2500 7479 8560 2382 3803 3029 5217 8041 6619 6605 8615 9733 505 6060 3095 7828 3562 8354 1126 6185 5025 4615 4585 7753 6203 9284 9369 2775 7872 2768 5571 5612 6974 7714 
3468 4233 9532 3204 179 3039 4915 9445 7217 9655 2473 9798 6199 7127 4476 9397 1018 1185 5684 6182 4398 5278 4006 3932 8668 7270 8844 5840 2612 2105 5007 3384 1632 6667 8198 1578 6940 2064 7969 4499 8622 211 7502 1684 3187 296 2177 981 1030 8684 538 5700 7692 606 1978 4889 2732 
9358 9735 9053 3060 6712 9247 8684 4060 7618 3354 1184 3890 8762 4710 2447 6041 8771 7843 8865 5198 7921 9460 1734 3069 9538 8878 5328 368 1242 3782 1117 3734 577 6171 5187 7235 1702 7911 4637 7725 9182 9412 4439 3339 1320 3357 6178 9770 714 6943 3558 8842 7320 6623 2996 8063 6392 
7871 6049 8698 7476 696 3871 4996 9670 5589 1652 2889 4755 9337 2086 2342 157 4888 4731 8641 8735 1987 3633 1649 482 3427 3746 7731 6420 6489 4799 7985 6611 7697 2751 213 5961 4766 9852 3740 6599 9807 4246 9407 9262 6037 4994 6347 4603 2509 9403 7098 9467 5154 3390 4195 4411 7539 
5241 1405 525 2389 6219 5676 820 463 3922 2282 5318 993 2787 5267 1751 4279 6043 8293 5897 2053 1187 5024 6665 5593 4674 5137 9385 2729 2671 1654 2861 6648 9239 758 7990 9335 8654 113 1477 5518 4137 7826 7034 4813 4649 9185 6532 3811 5761 3098 8642 875 3766 5224 5058 5701 1900 
7698 6780 9969 8637 7015 7610 8246 3057 7923 5798 3252 8065 8034 8137 2176 3265 2958 5074 739 4403 8551 2013 5145 6179 7862 1085 5120 5460 3882 1716 3518 6305 1674 8830 9256 7218 8406 258 7345 6835 9324 5126 1797 1856 9508 5585 9983 7728 991 2222 7793 7446 3948 8540 2189 7693 4329 
3072 4099 4030 2188 6416 4533 525 1734 4313 1500 6859 6780 8620 1981 645 51 7979 4289 4492 7548 912 4101 2718 2341 3431 8077 4619 2617 4809 892 9575 9206 7593 5871 4652 9877 8911 2346 8072 2949 9361 6756 9974 285 4037 7069 5514 3855 6257 5207 6948 3010 7654 189 1448 4445 717 
670 2751 7736 5209 6671 473 4634 1150 7620 1210 7101 9375 6363 5573 7030 305 2996 8388 9092 681 9929 5462 7268 9589 8146 1694 613 3610 9186 1488 5819 5477 7763 2328 2905 3698 6395 8920 4349 3539 6312 61 1012 3716 9682 8595 2673 4152 594 3735 3500 7809 789 69 7810 5601 9318 
3414 9924 3064 7650 1012 515 9536 9723 8790 5574 7329 2957 4817 3203 7003 3204 2396 9174 3095 2862 1916 8003 8177 60 3741 5450 8416 468 7267 1991 7742 3164 7033 9113 7898 3360 736 5749 4256 1949 6319 4127 5473 524 1788 4511 7456 565 8592 9838 7324 6099 3114 7521 4078 4593 646 
5543 3826 2045 6720 8893 1876 6455 9166 8167 433 6242 9274 2875 4851 2745 2505 2038 4343 8176 9940 5108 1079 803 8197 6064 4660 8946 4277 9730 5133 53 2880 5850 8813 7529 9719 6011 4866 7332 2378 5481 7721 1063 4874 8268 5624 6831 2763 3470 1364 6686 6484 1158 3834 2693 6077 6659 
5544 1420 5845 3520 1631 1684 7004 270 5713 886 4112 4352 9595 4641 6147 6524 8282 4414 8539 1438 4383 1131 8277 6529 9347 2476 3767 5985 9036 2847 6333 7093 1196 8415 4033 7897 6 8836 7012 6181 2782 52 5205 390 5705 6958 7496 2538 9204 3479 5535 3784 7964 3256 9390 4646 1981 
2018 5343 3088 7335 8198 9589 5006 2879 3414 6292 1960 5589 6519 3778 38 8533 3216 7890 3476 5076 8611 5291 8741 6251 6107 1334 7681 2344 8607 7551 6887 3425 752 7276 4203 351 2371 3618 4446 3917 8959 1824 5987 5240 3154 5529 6451 4811 6174 2926 6583 4799 3749 6170 5280 2530 737 
8179 5662 3121 3947 1542 8531 2519 9339 585 6196 6538 4383 6381 3231 9763 4810 7508 5954 7472 7138 1247 7075 5224 3621 1149 7828 7272 5076 9830 3623 6236 2832 444 1437 3143 5403 5714 601 7737 8335 8218 870 6733 5008 1348 4363 8576 3259 6740 8700 9578 1572 5795 4032 5564 5508 6485 
5850 3906 3181 3190 2496 2867 5231 396 8358 8321 2666 3943 8652 1005 7056 8512 2023 9367 4219 685 5030 3428 7340 9743 5639 3426 8532 8289 9469 4526 2880 3501 6215 2630 5043 8000 6126 886 9686 5421 8898 2401 2335 6491 1599 7643 6344 4945 3491 3878 6145 7407 9560 9551 7883 9118 2593 
6788 4734 1944 1833 2036 4234 5072 7719 9771 8006 314 3262 4428 9327 3157 4769 273 3716 5485 5341 3740 8937 6413 1773 7043 7479 6806 4602 3459 8699 3852 6415 2034 4468 8049 7258 800 5336 5025 5497 5768 1276 5971 3958 6603 8056 6175 2573 367 6412 2485 9513 8860 9351 6779 2629 7607 
4508 9630 4613 8958 5805 3769 4007 3745 383 5040 8852 3967 7325 6615 6628 6155 1987 7982 5029 4496 6193 2268 4364 2005 2664 6873 1767 9202 9922 9068 8115 4649 6959 9464 547 2175 2071 2684 2518 7198 4563 2553 179 4849 8730 9888 1495 5828 3829 5877 38 8666 3298 9887 70 8829 1591 
3454 3102 1402 5734 3947 9704 8943 6209 9138 5061 1191 9969 3029 7649 8881 9722 4192 5211 1119 2919 7435 1611 3663 2207 3907 3234 7949 9518 989 2818 5926 543 1732 9409 4352 7231 7323 8107 2173 3080 2678 6397 9672 1011 8137 8841 1413 6181 9570 8953 834 6558 4827 7387 9516 563 9342 
6344 1444 5155 7046 8466 8451 699 8328 2390 4448 2847 5876 3316 2506 2339 9052 3301 604 2912 2085 5992 3576 9533 3729 5870 9138 9573 340 9936 3342 9160 776 4758 9141 9567 8930 7301 6781 249 7693 4081 9604 665 6620 8281 6315 6288 6725 4802 7183 555 4469 1146 3113 4862 8552 3958 
1196 9709 4702 2952 9356 9826 2158 5246 4385 923 9215 2674 9853 9536 3559 913 1410 8252 6623 3604 5910 8220 5747 4894 9812 2057 2316 5894 4 7770 9083 1213 7188 592 7979 7890 3504 9916 5304 7273 8048 8132 1792 2215 2455 3875 6823 5010 4988 6453 9952 5209 409 2124 6953 8631 3119 
8128 9724 2450 5717 4580 5904 6438 5953 2105 6589 1257 5528 7036 6590 9692 1580 9550 511 6314 6339 1613 3259 7056 6934 4103 2445 1333 4509 9809 578 3491 2554 5027 3390 4162 4457 7810 4149 3084 944 178 562 7711 4145 4441 8660 3286 9144 4814 4198 1035 656 5685 8468 5535 3813 436 
2663 4058 2001 9584 1223 9107 7354 4631 3122 4316 8216 6418 1216 3678 9236 8529 8545 7777 4596 8059 3700 7630 1114 3523 8906 9625 8725 1923 5908 1412 3979 1303 2933 9348 1987 3606 557 6442 1912 7543 166 2915 9354 2452 3464 7333 593 5232 1254 2925 6981 561 6045 1875 3193 3526 7590 
6493 8143 2237 2066 5720 5925 8498 6928 80 3353 3614 4463 8400 2256 8513 407 7908 6903 1549 914 8398 9448 2781 5181 4063 3920 6390 4187 8876 3649 8653 1275 7054 5094 8310 2393 5556 7783 8119 9566 2111 4 7393 1094 5786 6685 1273 7705 1738 6890 4526 4525 6338 5859 2348 5898 3179 
7243 9757 1601 5292 7013 6881 8928 6033 2562 8470 4522 18 8928 3467 4211 730 172 8998 3955 5748 4850 1344 6598 7321 5908 8368 7078 7531 9050 433 8535 7760 4706 2133 8414 3007 6217 5619 9341 5455 5813 4305 8421 7939 1912 420 5921 5981 8386 7408 1104 9760 216 4708 9236 5985 3058 
2792 5892 5451 8229 9693 3562 2855 4613 457 6316 3825 3031 6023 3058 9818 8304 1196 2802 852 9095 7311 5902 7855 2233 1612 5509 7920 4615 6047 3648 9360 660 1109 2186 2732 5418 7269 1331 8773 3980 7640 2675 68 3331 6654 8135 2768 6093 7288 3308 1864 7082 5616 7762 183 2898 822 
3470 8616 1460 5864 1937 9236 3624 4731 8591 8723 3249 4368 3851 8909 2544 7359 2965 6416 1709 2415 2065 1633 4709 5999 509 88 9269 1731 4419 2524 4834 7334 1746 8037 3620 4007 7783 9162 1476 1056 3490 9049 119 1711 9713 1427 2168 9612 754 7595 2409 3388 4666 762 8782 1228 6613 
4706 8853 3611 7741 5289 9464 6537 1039 76 6582 7239 2407 9371 3874 6616 7006 5738 5858 8130 3029 457 9105 9558 8584 4411 6734 9480 3543 1452 6695 7010 7675 4945 985 3954 2383 5035 1851 2576 9541 3825 6087 2482 4670 54 2587 6999 7855 9170 6372 4093 5147 2640 3848 7520 5633 1702 
6369 3138 6556 8430 5734 257 1517 9806 9911 6481 2638 3003 9843 9667 210 4611 7809 3315 6937 8851 6914 6802 1534 553 1761 9223 6495 6221 4921 4842 2677 8770 9381 2878 816 3341 9026 9284 5921 2746 4504 6167 2313 2190 6763 4577 1271 1342 4485 5839 8392 1355 3779 5229 318 2673 7709 
7690 1842 6506 1579 4944 5582 7464 875 2220 7521 5935 8454 6001 4908 9936 4455 8773 5774 9122 2086 1011 6977 8503 4147 7109 1753 5689 2373 42 4606 7412 2240 7564 7128 3272 7608 485 1475 1608 4968 225 2062 8756 1921 4831 8187 4399 391 2426 8160 2467 6969 2905 5659 2209 5978 1009 
1147 1755 7243 5987 4495 2886 5341 2326 8577 2020 998 574 8641 6810 5814 9256 8632 2942 9449 7599 5729 5668 4589 5937 2357 5198 7840 4519 2862 6234 8377 5441 4163 1366 1711 2946 7961 301 1627 8432 9708 3029 7194 7527 9066 1316 1377 4493 2338 4130 1185 5908 7678 5947 7134 4667 6071 
820 5569 6284 5719 6329 2407 7330 8261 8278 3406 3761 8927 1723 5026 2001 6785 3724 3651 7275 1721 5266 2046 6945 6908 590 1532 7253 9363 7329 6757 119 5863 7798 1904 1660 2498 4793 2452 5759 9086 9063 7947 3133 9992 7354 5286 6490 6111 5597 2570 5792 1898 5895 4541 6620 7788 826 
2041 7588 7324 8691 6042 1012 8336 7536 5134 1634 8166 847 1185 4707 4398 2855 8110 283 8970 5709 2234 8407 3967 4848 3060 7138 2656 7944 1128 6568 2290 2313 5021 1712 5843 2202 7000 1038 3868 5941 7686 4450 5426 1884 9355 2273 6870 4009 4153 6501 3995 1094 3059 8817 4152 9221 53 
8208 2341 2221 8241 5543 2142 411 6481 3885 588 5243 9928 7576 8213 9763 8097 4887 4163 1448 948 1386 121 3350 6097 7687 2973 7269 6531 6082 336 7925 4970 8638 2180 6889 8475 2386 2643 5480 6851 3934 2677 7014 5681 3411 6134 6986 9043 7204 5379 5823 3925 5948 9446 711 8387 1529 
3716 5711 8894 2240 2995 6967 6042 1917 4739 8241 277 330 7553 8454 3696 4008 7707 4325 5226 9661 4410 7776 2381 3848 8926 3316 6852 7276 8848 96 1263 8387 7280 2865 2165 5419 1778 361 1482 3323 674 244 568 3080 9142 2316 2304 7020 8533 1064 1596 4794 4019 8664 786 1182 6142 
1713 6806 1975 5205 6918 3008 8945 6325 934 164 3710 9400 6741 2580 3769 6390 6582 6562 1119 2012 6155 4450 5509 4869 4095 1253 3023 2795 1941 3512 4309 7441 4199 6795 4990 6883 362 1845 8368 883 8224 5260 9628 2522 7391 9576 108 414 922 2316 3820 9876 8999 8535 877 4472 6318 
6497 8681 2733 6429 7267 967 2595 4739 5502 9299 51 8146 144 1747 1472 4872 7056 2054 7018 477 5473 4830 1690 9584 2997 2784 6298 6799 8175 671 1337 8224 8297 9743 2213 5398 844 9722 5907 2800 5929 8884 4679 6865 3073 6749 8388 8038 3109 5289 6601 3311 7115 5455 572 6637 271 
8998 6855 2196 7087 538 6752 7201 4555 6962 201 6999 6277 4036 2615 7726 6506 6717 4041 893 8579 6284 2240 3660 9725 9417 9007 3971 1886 9247 4549 1324 9601 2962 7774 4700 307 7288 4984 9446 1609 3060 4609 1322 8009 1862 2361 1181 5013 7214 1502 4715 7643 7068 4521 6453 5889 3147 
2453 668 8410 2900 7870 2016 2609 2177 6820 7582 6507 3431 8952 3888 9617 9902 1797 839 3419 4772 2985 5526 5854 3103 7758 1638 4403 5770 7476 6393 8860 2470 8236 6329 4188 8821 5142 2046 8540 8453 9709 2425 5371 7278 9455 4114 7621 963 685 8504 5415 315 1976 3254 862 4423 1328 
3650 6380 2024 2779 2288 3088 6348 4830 3975 7 1099 1135 8819 6415 2252 8678 1033 6472 6914 3028 1689 4361 6087 4917 306 7375 2498 7811 399 1974 696 9741 5231 2180 7135 7248 7902 4549 4628 3757 7616 7274 9241 5572 8752 7498 9229 8114 2133 9382 2798 5546 3176 9282 7985 326 5467 
2245 7035 65 9341 1086 6204 595 7462 8395 7354 8809 2651 3825 5478 2444 2490 3267 8203 9927 7869 4079 7141 8476 9414 7446 8729 3258 5625 9516 3875 5242 1067 3224 411 5841 8641 4113 5243 9555 2326 2925 6909 8529 6804 2844 5693 1046 7004 6421 6732 9239 8152 957 9578 9403 653 2382 
5918 8754 8070 5797 8496 9977 8258 2930 9519 4923 308 6536 3102 4242 5445 2482 1017 2106 7602 9631 5775 9711 9675 3393 8670 4968 9676 4498 4330 1459 6226 1244 9439 199 2579 5904 2292 9349 3461 950 5349 9006 7224 6839 691 4912 1855 6880 7408 5211 2310 1154 1126 5926 6261 2922 1857 
6446 2140 4019 1133 8880 8504 1032 6419 6168 3442 918 8028 44 2478 553 7491 5080 4402 8088 4020 9516 9182 2636 2843 4136 4580 9644 5733 364 7384 8259 5040 2772 4583 6576 3764 8140 8811 4168 9489 2952 8052 9915 1368 345 6631 4000 6955 3197 7942 6205 5477 5294 8063 1415 2668 9219 
3141 2693 1038 4272 7878 6064 2963 3458 2983 6691 6589 5457 9992 8529 2563 9265 4787 2997 2200 4286 9028 356 169 4412 8156 8916 9574 6764 1886 6676 4602 9526 7362 2971 3373 5696 8002 8564 8383 2563 2312 8921 7652 8823 1100 5556 9473 7187 7862 6625 5802 3991 3375 2792 9098 1388 8074 
2676 6248 2265 8939 6248 9836 2129 8857 6522 9674 7011 6397 6759 2264 4080 7188 2668 8954 277 6670 3828 8421 797 6709 9698 1787 311 5425 6861 7774 802 5028 6863 3230 3790 5338 3216 242 1549 1549 1585 2453 9405 233 4020 9321 706 7409 6866 9614 3114 2607 8068 3119 2645 9574 6947 
7089 1383 234 9899 1189 9936 2460 4330 7253 4990 8114 2333 7296 8998 6976 1806 6893 8570 1452 5273 7855 1034 6890 8860 5256 87 2015 8814 1966 9850 8904 3669 1649 3394 1741 3113 8562 2021 8910 8069 9096 7623 9641 5095 292 9250 1329 3790 3000 9047 3027 682 3368 2734 3020 511 852 
3399 3764 8504 456 712 9170 112 4816 837 4343 420 7933 8540 7709 5427 5728 3374 2899 2198 7852 2063 1438 8106 5591 803 4217 9111 1836 8263 1889 718 9506 4203 505 2978 8526 7264 6933 4544 4103 1706 2476 7702 3208 2700 9245 3741 5625 9567 9463 5335 7923 1496 8708 2922 4418 3235 
2162 7476 4396 3422 841 975 2465 4170 2335 5125 3093 2968 9174 5239 5288 137 4987 1054 396 7108 2807 3623 9220 4640 6671 4719 5066 9578 3842 123 8877 6544 3509 8330 3620 9423 3416 5719 7619 2042 7686 5676 7045 9305 2323 573 1750 85 8165 3729 5583 5134 7411 4930 501 1620 9855 
8122 5938 4149 5670 8196 8568 9756 8539 4399 6871 8884 3109 4389 3736 4871 4147 8202 4022 5985 7096 4391 9127 1170 6501 9712 2365 5039 7951 3487 5184 710 4381 4408 8418 1557 5159 677 4780 7861 9846 2112 5341 9050 4423 2841 5628 5382 6386 355 1211 2240 248 2303 7487 8650 3242 5706 
9713 1602 3814 712 1305 4738 1025 9790 6028 9073 8640 8953 7160 9608 6539 4708 8171 7860 6695 4682 5750 8802 6691 8816 7187 260 7497 379 9390 3686 7486 4429 1930 8766 9251 3540 9639 9441 8077 3852 1391 4314 2427 3640 7641 1879 7332 4062 1824 8156 5144 6163 2976 779 2224 7196 1829 
1276 2228 3235 4394 5179 7822 8997 3942 7181 4723 8979 6195 2140 377 423 6714 7093 8824 7978 5808 9923 407 8795 5548 1498 8500 7141 9480 37 7968 4134 3225 8491 9387 4627 7453 8524 9043 4358 9592 8411 3201 4555 1688 4555 3667 7526 697 8157 8254 1677 8472 7168 5982 3209 3510 915 
957 2574 1264 472 8147 4420 142 6263 3259 1963 5991 4475 5033 9686 3753 1355 6150 5104 2831 4693 4207 1197 6171 1849 73 3779 2221 7418 8925 6792 4992 3265 8391 4499 3808 796 1448 2700 7752 8758 4825 5096 2984 9602 6545 5533 4680 9267 3616 2905 2052 9992 5161 5318 7110 6753 2928 
5254 5738 4007 3774 4960 16 6287 1318 3 8505 1184 1569 822 4319 2246 9807 8329 4565 3842 7195 5776 429 3179 6354 2884 533 9364 5907 1949 5114 4791 3919 1869 1499 3388 4878 210 7369 3940 4297 4368 218 6181 8222 7839 9479 3241 3820 2699 27 8177 5360 8193 494 5282 2081 601 
4354 7946 46 7390 7044 2635 3028 9355 826 3442 1638 1880 9287 5213 5337 1711 2564 3667 6973 7809 3788 2863 9675 2834 6939 9733 87 384 5887 5320 267 5782 6380 8131 8696 8498 1229 7195 5856 7061 1400 7807 7256 9803 9987 9694 6265 7164 84 9155 2769 4550 6056 2732 7273 8506 5291 
5699 7760 9286 3300 2306 7375 5483 7014 2926 5723 9370 1879 5539 9095 4349 2467 2131 8717 5744 2241 5848 2425 1552 2080 9556 9226 4649 8241 304 8655 5957 5182 8723 5133 4612 9403 716 1209 3838 2606 5630 9089 7040 4453 6346 588 7277 1592 5921 700 6597 1592 3118 9948 427 9649 5593 
9475 3317 528 7958 8416 8956 9255 880 687 3630 4621 685 8069 2101 3474 4110 6763 2462 4302 6108 149 2784 647 5984 8921 8579 1075 8140 7972 5401 8358 7689 9680 4465 8794 2564 5762 9236 2955 4491 4894 5209 3051 5098 1875 9150 1427 6833 8954 5762 8930 151 5273 5107 9070 4011 6909 
5751 2320 8127 4629 2302 5526 9847 3728 5805 6492 6517 4583 6942 5761 6195 2274 7340 1792 8619 2733 9341 1020 9630 4864 6655 1719 560 9693 6370 3959 8813 3709 1634 3000 9345 74 2395 3524 6904 9043 243 170 8609 5704 4675 9397 5265 4303 216 151 61 7874 3791 22 7992 8990 4518 
1767 1756 2762 2744 6812 6416 1712 9978 8272 8744 6454 3597 7499 5094 3258 8953 8811 6179 3077 5204 8669 217 9450 1277 1288 5339 6460 2571 5275 2979 4667 4397 220 6714 4618 7510 690 8002 3144 7940 2991 2749 5755 8834 581 2402 4618 29 1815 3982 5922 4125 1558 9793 6469 2293 7289 
1053 5209 8428 4572 8804 6011 3199 9708 6595 1210 9635 1243 3807 8 6560 7346 5664 4337 74 9309 7312 9090 4481 4250 7096 7470 6977 7779 4605 487 6738 6254 3618 1190 5626 2040 943 6916 5070 273 716 6305 2562 32 6993 7419 3942 5735 6105 398 3462 8031 3054 2763 267 5480 4523 
9756 1473 5795 584 2201 8413 4860 2626 8116 4017 8667 7882 9644 6875 3363 2493 5853 9025 4376 3844 9364 4537 4072 3073 1992 5642 6487 4134 8989 8746 6083 9775 6724 8398 6110 5124 5153 2243 5490 6375 939 2630 5822 9184 1884 6404 3457 1468 2174 591 8750 1921 1008 7098 6466 3984 914 
4462 8111 5381 4612 8650 4291 9740 2088 8288 6328 6702 7041 171 3954 7548 9419 823 3711 9937 4480 1641 3924 3909 5425 4683 9888 9949 5690 3813 4198 297 6279 3697 9742 6916 151 2354 1617 9086 1235 6093 9705 524 8362 1063 8942 5939 5074 3527 5178 8116 3997 9400 9796 1096 9460 8595 
5330 1332 1729 2420 5076 9084 2061 1817 4404 4954 8128 4588 5444 50 2663 7955 3898 1145 3508 2913 5149 8394 7401 8521 657 2927 8423 7969 2428 6057 7647 7712 3093 8069 6659 2054 9408 1128 9589 8862 1284 109 4136 4221 7803 3951 7134 5586 774 1059 563 281 6430 3355 6478 7161 9833 
4006 3801 8390 7163 4821 5668 2101 3718 1835 8008 8864 2338 9819 1974 8178 8169 2283 5011 8917 9927 7128 711 7667 2568 501 9556 1641 8746 1239 9363 2087 8508 1434 5589 9634 7935 9248 8903 4093 8654 4067 5977 6630 352 8293 817 3902 8771 6570 2273 1078 306 2637 6462 9264 7357 9943 
5811 4525 1636 325 3317 9980 7328 4525 9827 3757 9682 5658 7943 193 8373 6684 1145 6448 2934 1784 9069 9879 6896 9619 5557 6846 1833 1615 7314 5317 1104 7164 1545 6322 323 818 8533 6634 6793 7239 9286 2671 8988 9673 2797 314 7952 2475 6100 2140 1328 3071 4868 1775 6780 5895 5804 
9392 3712 4933 4603 1636 3253 3598 9296 4143 7752 8621 995 280 5690 7317 2439 5319 3349 9338 9035 9154 6932 9226 8879 3573 9358 6755 2108 7364 9225 7077 986 2599 4912 8481 6779 9657 5628 8875 8269 6922 3890 480 8436 5251 8677 2699 6386 667 6226 2391 2606 1734 7991 311 341 4232 
7086 9283 2143 4569 1090 6944 2638 2100 1450 2137 6569 6987 1127 75 6203 7041 1661 4541 1553 2266 1907 417 2927 4678 5041 3776 467 9438 4714 38 6544 1830 1973 3779 5653 8666 6579 8275 4274 8096 3326 6202 6330 2838 6445 6801 4352 4629 6676 2136 571 3371 5774 1630 5148 3096 3297 
9759 2312 533 5974 8034 7517 4405 2514 7731 9607 7787 869 4453 7457 215 8200 3172 4108 2445 2351 8393 4345 8743 1265 1432 4681 4355 8901 8752 3463 6987 9801 947 2658 6494 9142 8116 5864 980 4925 7805 2336 3421 9706 5691 4441 4779 189 8120 3026 8021 1042 8612 1652 9922 3458 3411 
6405 3584 1960 8839 873 3729 4918 6937 4740 49 1307 4179 2894 8078 4955 7484 1682 5919 1749 4393 9477 1633 2365 220 6792 236 7800 9988 8829 1863 2609 7454 2005 1668 7298 8554 4355 5570 5723 7137 5901 7802 1487 2026 8385 1587 8572 9961 7542 9476 6889 4053 9875 8425 4238 357 2383 
9436 7334 4972 770 1252 5420 281 2425 4181 9624 6299 4779 4483 5993 6313 9797 290 9405 6975 3856 702 3820 2169 470 3946 9786 2608 5455 3114 2339 1836 4157 9535 4409 1691 9360 7276 4150 1496 9286 7682 6317 5408 9331 8951 7585 3247 3534 7641 5370 8863 9118 4368 4031 7793 7072 2460 
5477 3371 3765 8157 7993 7689 4063 3104 1138 8445 6921 1771 2412 344 2579 2724 4613 7948 7382 7754 8098 1661 2644 2380 4380 1998 9594 81 5724 637 6941 5539 5743 9767 9374 5450 5021 6474 3832 7811 3864 2662 1151 4454 7970 6166 627 323 5752 9230 667 9401 579 9165 9985 2212 3209 
9086 3013 9708 459 8558 8070 6878 8040 3021 7494 5561 9471 4519 6508 6002 7989 7505 4908 9354 4648 7445 4315 4829 4583 7573 9890 5401 8245 208 5849 5090 6069 6720 3715 7135 7517 3505 4358 9487 9359 535 1462 3365 9084 7821 5999 881 1076 7682 9903 6019 2218 319 8705 2937 5020 3402 
198 1426 827 42 2316 6341 7124 529 6888 3076 2864 7235 4874 5917 8845 942 445 5564 9855 5684 8874 9030 8161 7054 6231 7771 5237 7328 325 3239 1872 5563 6083 4097 4912 7080 4286 7402 235 7269 2302 322 9137 7166 3145 3266 744 3339 8230 4224 6040 7346 3793 4448 1422 6044 2219 
581 2398 8746 6818 2028 1801 4157 2946 4984 589 4108 3685 5437 4760 2651 2341 9687 5529 9494 5474 2171 845 7491 162 9482 5013 9524 1326 7342 9011 3506 2706 1059 9375 4407 6064 579 4254 4360 9516 5465 9805 7995 812 4463 2387 6543 1392 1824 6727 3764 9792 4901 1045 8598 6556 2658 
6684 1313 2736 4879 6530 9820 7640 8608 5468 2244 435 3730 7640 8618 9635 6700 9562 9239 9140 9797 1755 2315 6718 1132 5403 4112 1756 7609 7351 1236 5044 4247 5746 6866 440 976 504 3947 9294 8381 4909 6914 9855 2188 2561 9328 6862 5852 19 4179 2050 3006 9570 8906 7985 251 1973 
8866 7057 4668 4424 9063 922 4469 547 3248 878 8920 188 1701 7599 6885 9402 3772 520 5485 7723 9277 7145 3808 572 3999 4927 243 6918 1170 1299 8222 8666 7112 5761 2148 8132 5557 1973 5234 4891 6058 858 8678 4281 3715 171 6998 5145 2304 6428 7726 1045 144 8636 7234 2649 7173 
2179 150 3067 4683 8872 6730 2585 8053 8823 8237 9711 3052 8290 6992 6875 7327 8541 5277 6444 9139 3626 6940 9349 9640 4042 4759 241 1960 2263 891 8242 1983 3074 114 6280 4147 4577 603 839 9071 4131 6238 2882 1655 9145 3488 9451 1819 4088 6273 3350 7884 6316 2574 9521 6249 4282 
2698 1082 3011 6402 775 8099 9337 6229 888 489 7286 7683 2703 7052 4906 5639 6574 1215 9596 4507 2469 6595 640 666 3189 4614 6022 7099 8517 2524 2909 2223 7565 7740 6081 7172 1200 1962 2937 4683 3363 4622 1122 3793 4916 2200 1139 5680 4137 253 9498 786 5856 8027 8916 8594 2124 
4913 1839 2941 1788 9559 7791 6088 5196 228 6361 8609 8384 411 7213 333 2414 8333 120 990 2394 8921 9870 7496 5892 6209 959 5416 8627 2498 4133 46 4061 3305 7624 3004 3367 3409 5285 433 1463 2566 2614 8177 7918 6687 9437 6926 7444 8571 3856 8273 8385 4894 4852 1526 2715 9447 
5956 4516 5217 1338 6094 2747 8653 6623 3360 6209 2428 8063 3172 2754 2306 651 3371 3696 4020 6055 6124 1995 5065 8679 7158 3066 1531 9285 5833 422 5996 1484 294 997 247 8807 6313 384 7098 1394 765 8574 8785 631 4499 7771 3644 7840 4510 8195 3647 6131 6679 2054 1405 4129 906 
3001 5112 8209 4094 6020 8394 2448 8605 969 6216 9552 5783 5079 661 9966 3154 5732 6360 3253 5439 4323 2621 3271 9535 2959 8358 2446 9259 6604 2282 8867 5046 7862 1054 9861 3649 8294 4507 7132 2304 5220 5570 9820 447 4170 4653 7607 6493 8825 12 9511 4261 4593 3796 1163 6448 8145 
7027 1004 1490 7810 3216 561 1759 7140 1267 7105 2745 3216 8585 3679 9010 4743 6154 3114 2244 685 9803 1293 6735 2219 2001 6439 8870 9643 4214 9609 7092 4414 7181 352 8193 3545 545 7058 7295 2134 6452 2169 9948 4193 6836 1012 660 3223 6983 2437 9869 4791 8682 5182 4179 4007 824 
3025 3986 3410 3290 6142 1310 559 8104 5092 8109 6928 9459 8500 6483 7392 3510 8973 7493 1177 4861 4631 8617 9848 3114 5567 1003 4193 5515 3114 3737 3214 8534 5953 5719 9144 7826 8959 9977 9993 5504 1644 2501 7396 5342 104 4218 5078 9679 1230 6884 3347 6639 4912 4548 6322 6787 7799 
1361 1716 7190 2958 5386 6086 5650 4911 1484 2492 5330 8740 3178 1676 5889 6102 7873 7800 1087 1151 6360 1114 3879 1060 4808 3051 8327 5156 2922 5225 7190 4803 7895 1239 4887 3144 9073 3576 3979 8028 6722 9737 8295 3949 2982 8077 1572 8883 3930 4969 5229 4809 6831 2390 1353 5501 5970 
9346 9002 8861 2653 9891 8241 3217 1083 2707 184 8682 1357 6161 1565 7367 448 6643 7047 3539 2202 7640 4577 8550 3874 531 6756 31 7483 632 2910 3427 5044 5848 9104 2561 5541 2465 6426 4961 7676 6147 6921 5686 7419 8101 8135 4011 8354 2745 8640 5833 5636 2301 134 8505 7340 4150 
3246 9252 6608 221 5767 8489 3040 6756 6547 7447 9853 5315 5200 670 1209 8395 772 4708 8011 7382 7065 1942 8188 5913 8488 4817 5043 5001 2818 8446 4591 230 2153 2231 4377 1970 3255 2911 26 5655 349 3470 2340 1773 3906 2859 5747 6022 445 9033 3980 8457 2589 6461 668 8968 1249 
7888 2136 4873 2144 525 3453 6401 2471 7252 8717 9538 9377 1932 9012 6881 3337 7639 3546 328 8819 1855 4930 5333 6817 5765 3381 7640 5342 5447 1181 843 2833 4241 1086 7273 5654 879 5365 9678 4366 1285 6078 9623 9280 6949 6398 7485 4563 2936 5035 242 8502 7633 8521 2670 7529 8606 
