9 9 9
9680 503 8137 171 9216 4332 4024 4943 6782 
9700 8210 5147 1849 2740 2839 6411 1309 8484 
909 2241 9482 382 4616 7219 2268 8849 1786 
8854 3117 4609 5687 4932 2949 8046 4900 5588 
2691 2604 4306 4771 9629 1239 4842 1161 1205 
8719 9040 1534 6520 7163 6649 9460 5668 5482 
3059 5736 9631 7441 1516 6282 7779 1223 4394 
8134 805 5817 9850 1749 1295 1549 5600 2661 
1290 8084 5800 770 3347 2244 6131 1690 9897 
7715 4878 760 3060 3185 6281 2232 4098 9166 
6770 184 2021 5400 3456 6213 120 3138 7559 
928 856 124 8419 4409 9175 6111 3776 7106 
737 5949 2322 2870 3521 9513 8677 981 2660 
7863 7237 8463 7710 9932 3316 9488 3548 4232 
5811 4863 680 9312 4372 8903 630 8648 4094 
5770 3749 74 6912 5993 7545 4691 4612 3648 
4762 6017 3585 7196 4731 2237 6551 4073 4483 
8318 8515 3582 2700 5388 5322 133 6980 2885 
