67 67 67
7027 8772 4883 920 7357 5028 5340 3055 7492 8750 8712 9795 2447 6646 3432 8917 1995 8612 1737 5478 5724 6102 7315 4926 6124 5449 1466 9908 4192 7186 6843 269 4230 6952 6996 6988 3055 5391 2787 9365 5310 8340 225 7480 9266 8581 3985 7815 5373 1392 5414 9529 7169 304 6988 9856 9007 2659 7045 4153 6502 2852 1366 6946 4390 1389 5673 
5785 9352 8971 192 3920 3376 8615 8430 4674 2666 9016 6865 1445 2117 6468 268 7887 8219 5918 4582 7932 4069 6643 8494 153 5161 4426 1794 5114 1029 6285 6001 3450 9583 9185 5519 8722 6954 4686 7449 2341 2894 8914 3155 7652 2828 6426 5402 1096 4705 944 5473 2208 9009 3538 4413 8131 4539 4622 7073 8603 5215 6877 6642 996 2644 888 
3841 6611 7312 5453 1963 3963 2221 5645 1634 1468 2946 2535 8358 5399 9637 6852 7483 4758 6418 1800 4628 6811 3628 9046 7559 8747 6285 1656 7552 5891 137 7963 7714 4375 404 2721 7938 5048 3577 2624 2385 5223 9083 2746 2444 2050 5903 1588 8008 2206 3796 3829 6869 7 7518 6281 6918 798 7673 8842 839 4293 1355 7528 6519 3656 7194 
9355 6226 1303 1514 3250 1431 2459 3906 3314 3420 338 9972 1653 4315 429 6015 889 968 1075 9093 9544 7434 6751 3108 153 7190 7862 6148 8085 6425 5364 4156 7556 1286 6293 6604 6610 5037 1406 6755 6626 3399 3981 5685 929 457 7081 2975 5399 3260 5447 3689 2147 5609 6119 3594 4286 9696 9154 143 406 2782 4445 1015 5593 4072 6099 
5730 2055 8371 4348 1934 8506 9911 934 8155 7618 9748 3411 2133 1613 2524 3064 77 9281 6867 5885 6134 8104 8094 9528 8843 6523 7867 7543 4109 6991 7059 4550 4056 8669 9241 7767 6034 940 8367 9461 1792 3985 4969 9804 1924 7883 6721 7959 9986 8946 5993 5228 6818 700 4445 9493 4057 102 9264 1861 297 3530 4852 7491 6007 8759 697 
2850 5440 5428 5148 6690 3947 922 3893 4840 6250 7548 9171 2997 6000 5541 4265 451 6401 7898 3125 7077 2660 6514 9024 6145 4948 2100 6190 5635 5023 6673 1799 1889 6229 8249 5078 8571 7922 6140 9592 2666 3686 3703 2866 4619 9493 7595 2559 7243 8352 2227 7146 1488 4313 5908 7389 5124 6662 1960 1875 1617 2573 4823 1415 3044 9083 6815 
4011 939 9930 3423 1556 7280 7236 8993 1215 4381 9840 5652 6980 6288 8035 9509 5063 5307 5514 8743 9281 6865 9946 5835 6020 9451 5607 4905 5659 1879 9924 7538 4936 7272 6871 3721 4977 5636 6955 6799 1398 1280 2058 317 5365 5557 2272 4785 6876 6454 601 1938 4112 8765 2878 5568 2934 571 8814 5685 2815 3672 288 2840 1289 779 9819 
6039 2663 4159 586 8348 2618 3997 2212 5033 374 6142 3705 682 5886 5220 6672 6242 6402 3277 6547 164 6558 6383 1563 9319 2590 8282 8503 1112 2899 9668 2770 2181 5352 795 2872 1323 9017 121 3698 4766 1602 6325 1669 4340 2171 7713 6043 285 5726 2188 6855 2310 7768 1048 8089 4246 5292 5279 1884 8935 2782 9755 1210 2217 647 792 
1780 5168 6135 5342 5363 5692 2184 3613 2515 5063 3033 6558 3068 8741 4214 7062 2614 5590 1295 1097 8494 9308 9527 9682 7262 4669 8827 9374 4781 1595 8542 2158 7610 6812 2935 6986 345 863 5950 3664 9355 4024 6721 710 4021 1220 4889 5296 6532 8535 2767 3011 3115 1291 4321 8947 6070 5674 8405 8368 412 4626 6847 8772 8436 8078 7 
5815 4455 4103 675 9481 5000 3081 5238 6770 8610 6258 9009 6365 3437 1376 6955 6879 3653 401 4793 4728 7982 7753 8683 4102 2582 9407 4880 2722 9721 7868 7766 5506 8050 4078 2706 4212 834 2973 1829 8744 5455 7485 6163 9229 6107 6541 733 3761 7427 7498 1363 5859 2617 9377 2596 309 1710 234 7646 7886 5967 6943 7064 5459 2953 6193 
963 3195 2743 87 7271 654 9989 3608 2368 1819 269 7394 758 6000 5777 3561 6884 6521 5179 6463 9054 7480 2061 1418 2271 1338 6066 5565 9977 6008 9113 1494 9071 7253 185 4576 4907 3789 2289 1982 7887 372 4202 255 5014 2019 7959 2498 8062 768 1548 4138 7860 1565 3500 4676 2460 4467 1449 7242 2759 5872 7242 8958 5612 8594 8112 
3844 6932 2783 6618 6924 5358 8052 2064 1290 1332 4782 2160 2733 4442 6015 8617 6193 2743 2548 6788 7319 8086 1243 418 9530 2075 7104 6491 2465 9992 9343 867 9322 666 7451 5585 414 2881 3801 7690 8383 6749 3917 9595 1196 5604 9100 1346 9014 4207 1091 6538 8648 5647 8702 1005 7994 2893 7910 7967 7550 9953 3275 5325 3252 9718 5471 
6761 669 7345 4927 9875 9678 5576 1121 5154 6451 7325 1360 2088 6103 3266 8879 5758 1906 7650 5529 8059 1456 5442 8061 5682 9145 9024 9152 3167 374 2699 1538 3869 7803 8499 8179 8 7639 8791 2258 6716 3005 9736 5109 5003 8816 9724 6837 1656 1414 4349 7386 3236 8404 7476 7218 7569 1111 2853 652 809 6241 5417 4818 4272 5895 7682 
4840 2174 3242 3624 3794 8986 6639 7193 2928 3398 2858 9316 6442 4425 5482 2520 9773 4680 558 8427 7193 2711 6765 2006 4429 962 8279 7162 4261 951 2902 3746 1546 2213 2682 7062 7525 9510 2198 3127 247 5029 4093 2070 8789 2397 9551 870 9221 3546 9177 4557 6338 6443 7527 3081 132 7742 5253 6624 3914 543 5749 6235 3892 9493 9034 
4243 9545 4698 8726 6045 8534 6160 3753 9505 156 5202 3794 6237 1989 8210 6877 790 4271 6459 3313 4547 9675 6907 7031 670 1526 3180 9345 168 5237 7227 6117 9928 9195 6987 7878 5769 1389 253 5141 9125 6522 3137 5955 6174 4246 5144 7215 2652 9043 3098 8830 6246 4899 8674 9500 5973 840 7622 6621 7376 6364 2788 1332 7995 7887 1415 
307 2468 9711 2459 54 4333 1607 498 1149 2120 5559 1711 9522 581 3108 4217 3514 9046 2286 4596 545 2800 4652 9735 2605 9108 4029 2869 5914 5504 1403 4228 5755 1609 5065 6953 4508 3345 130 3391 5702 1561 2568 2033 5075 4816 7570 3246 6717 4525 3325 7350 7106 9741 3903 6104 4258 4272 7959 2562 4136 5496 1709 8486 4529 4734 4742 
5766 3377 1353 2408 1195 9672 8743 6467 1731 9868 4430 4780 1220 9839 9170 6555 6711 50 992 4222 8490 8515 1944 7216 7916 1717 5715 1567 7180 1382 3607 1592 1084 7093 7217 2957 2448 7109 4410 8126 6972 6305 8614 8900 5339 8278 1864 9643 5261 6695 135 2318 2271 7133 9126 2003 4549 4993 212 656 6495 3153 3795 4124 9021 297 1953 
699 8045 5320 9340 2650 4976 502 297 7414 1649 2550 4050 1584 2061 7111 7741 5601 8492 4124 748 761 6573 8646 3164 4756 7885 5820 2989 2692 8124 4481 1711 1961 515 5935 2964 1483 8107 469 3641 1972 6261 9791 4305 6008 5715 614 7366 2305 9656 4921 5410 103 448 6940 4541 2220 6749 7490 9354 2012 9963 9243 9530 4666 7198 4386 
2112 9869 2072 6787 4091 9829 3035 1386 4070 5226 9295 6642 9329 772 674 5984 8521 6214 7071 8142 9694 7922 3606 4991 9573 7813 7858 8382 7607 1366 9401 2060 8785 6213 5188 3104 9185 4741 3721 4742 420 7918 3854 908 9101 2457 3022 9459 3003 7832 5347 9439 9292 4999 6259 6513 3231 5504 4021 5467 5206 5146 8718 9102 2632 3940 916 
466 5613 5996 5960 6104 7360 5967 1634 1992 5251 894 4639 1298 2873 2141 7669 6047 1479 9604 790 526 4174 9905 1951 5346 9710 8742 7951 9128 5018 9743 8212 2811 4784 2101 8140 1909 1914 9690 5149 9452 5040 9640 516 7849 5732 4102 641 8813 4838 3910 707 5062 5745 7868 1710 5090 4430 3422 1344 6984 1168 2434 5322 1470 8785 2192 
7599 7972 556 3318 8741 7757 567 1383 5112 9765 1071 4152 8557 6484 9848 9493 2249 8676 515 7434 1351 7500 5338 2745 2030 1269 6109 2594 8728 2775 9427 9644 7403 2602 7906 4641 9812 6520 6229 926 7243 3374 1867 7560 8066 1530 868 2743 965 8482 6027 6895 6060 7498 8867 3417 8568 2130 3062 1638 704 3282 3188 1553 5048 1072 3480 
2279 5645 9413 4500 7075 6422 8972 598 2390 5010 1445 8205 4647 3265 4371 2363 3122 4701 657 4980 9983 9906 5361 7163 8247 3000 7029 563 6650 2078 9644 9458 6001 8850 6583 9520 702 2048 9851 6298 9921 3332 8406 7820 5538 8827 5746 6416 3320 1698 5172 303 6808 4573 4790 6536 217 5315 1031 1099 4091 4306 3507 8400 8819 4842 5494 
2051 4693 5585 9993 852 74 7655 3307 1014 2006 8317 8869 8837 3544 4399 8729 3726 2775 9434 9068 8804 8133 6772 3191 9300 4382 7635 7156 9426 1931 9384 3027 8009 6345 5689 6497 1311 3843 3640 2133 22 4727 3117 3531 3342 6431 3104 5747 5380 4301 7779 8987 3288 8730 6871 9238 4120 3325 775 1420 7469 2646 7776 665 4946 5062 1316 
3993 7303 15 6439 1292 6716 284 2416 647 6431 418 6791 7598 6317 7595 4118 2629 715 1365 1478 1245 4618 5011 353 6650 4784 6621 6232 3616 6371 3173 1490 4343 4848 2255 6268 7175 9098 2965 8085 6370 4452 473 2124 3264 2948 4254 2070 2640 3617 3981 186 3686 5629 9654 5871 7192 9456 4926 5577 4738 1690 92 4268 368 4183 5116 
3159 444 2317 9265 3572 2627 9262 2289 5660 13 9111 7652 5034 1826 6027 5051 2042 1534 6166 9503 8729 1399 2840 6635 7152 8022 6101 8442 3931 8316 6825 4134 4162 220 1863 8829 5248 9616 3281 7190 4935 4358 1605 6146 6456 9465 671 2762 546 7222 812 9763 9477 8907 1560 4656 8420 1615 238 8846 2845 2626 120 3438 2982 3252 9865 
2973 281 4607 3928 5671 4057 7656 8114 8337 1875 380 9798 5476 3275 8714 9135 806 3802 1035 3693 3162 7192 7534 7509 1691 2668 2047 8551 3205 3576 4499 7133 9177 6529 4446 2776 4836 1810 4012 4128 4351 5516 8207 4813 6387 2692 703 2857 8321 482 7614 709 8169 4362 8806 975 7782 5217 1639 8 1554 4198 3791 2972 6760 5608 8261 
3445 3399 1355 7775 6916 5080 7774 5252 6809 8037 253 3478 4572 5621 3223 1307 9035 5502 5169 853 8747 8280 9780 8766 3372 5323 9285 6004 3759 3573 5479 1573 5930 8942 5377 705 806 8407 7355 7679 6961 371 2573 661 8230 2584 2876 8376 3057 98 7826 9691 2359 3220 8868 9362 4573 6779 2151 5742 6866 4099 405 7322 5168 4705 9004 
3004 7566 9382 7589 9870 6717 8023 5708 1439 1605 5737 1732 8517 64 9448 1148 1572 582 6184 3410 6837 3247 7053 3917 8790 1606 5557 6167 1769 6222 6395 8357 1637 3827 7163 4944 1530 2126 8810 8859 7633 796 5888 6432 7475 4066 3901 3745 2994 8560 5048 7687 9640 5864 9594 6143 6011 2626 3872 1447 275 2651 1840 512 3006 144 4809 
3093 4657 8141 7235 2982 9184 7269 1155 3656 7094 5912 5054 9803 3416 6694 2969 1181 287 9545 9577 7468 1022 8369 1483 2355 1348 9203 3759 6282 9837 2369 3149 4325 5982 7148 2594 6126 2128 3456 4395 7694 5698 3139 6470 5544 1680 7147 8178 1595 9778 948 4243 5913 9217 1212 2834 8189 6362 489 6555 7473 8652 3573 9074 314 6153 2712 
1535 6600 8671 4951 3728 711 921 8931 8785 9720 3482 5808 2510 7030 4385 2844 5469 6417 6030 6074 3641 3879 9654 3296 2069 9913 1916 5799 6228 7678 8710 1694 295 5904 7514 5693 387 9374 4879 3495 3338 2024 7032 5311 2329 7235 6253 6519 1619 1701 8659 2352 1511 1273 5337 5563 2059 2408 4675 7849 3747 5273 2678 5611 7636 2573 7017 
4949 186 7754 5058 2060 7009 4708 5254 6941 590 9264 2397 1665 1271 5003 3900 6732 6044 7877 454 5617 5371 4692 4822 1868 2703 4995 5932 2413 268 1571 2306 725 2751 9692 9827 7094 3591 9386 9296 5519 425 7752 3645 1848 1746 2237 9364 7287 9669 3674 6727 2611 306 6668 7575 902 2119 5701 6490 1570 1156 44 7296 4283 4455 8648 
806 3033 5776 1700 1213 7678 4139 7500 1567 3082 8189 629 4761 3151 3211 435 7464 6516 1392 134 5040 9324 7355 1537 5299 3625 4473 2813 4641 904 5589 3493 40 3625 6649 9355 8592 3716 1248 7452 3860 3168 2613 7820 4354 8311 5310 5565 8413 6589 2380 7698 9379 6150 5714 4311 6949 8514 1153 6984 8723 2447 8294 2588 8740 2244 3681 
3788 1504 4293 723 4028 113 5936 7536 7635 9649 7950 354 3536 975 408 6590 4048 1894 3490 6017 8799 7749 7812 387 2898 2901 9884 465 9944 1519 2013 4269 4040 5860 8401 3741 7472 7118 5147 2048 2163 2556 4952 9267 8345 1141 4940 5003 6000 5814 2372 3404 9027 8148 6444 4882 8446 3521 2667 8464 5021 2833 2823 8169 8573 4737 8542 
4272 4660 1578 4311 820 3710 3865 3921 604 6441 1851 9578 9103 9093 8583 4118 4649 8788 4019 6834 2779 3932 9740 9380 7312 4396 5305 7155 4395 9945 2201 3621 6422 1702 5204 8289 104 3465 5101 6539 1263 1309 6776 3108 6849 415 711 2372 5978 5659 1208 6565 341 2853 7180 5622 6753 5102 8311 5106 4546 4638 159 9098 4762 7862 507 
7208 2019 4192 5758 9611 3974 3675 2790 7111 6883 1167 9730 6622 8102 273 5108 3110 8001 7648 598 7477 9452 2190 6405 9122 6756 4587 7010 3735 8432 3134 8967 7183 1297 3840 1400 5103 9385 2740 3590 813 5814 7734 2901 5704 1403 4946 901 8564 4576 5565 8367 291 121 5784 2546 9412 8273 8662 3669 2362 8736 3934 2526 8165 248 2562 
7294 5716 9664 7008 1708 9988 4393 836 6685 2799 5113 2566 9865 576 8048 2358 5576 2348 4405 6586 9332 1355 6337 9346 161 5599 3111 9007 9270 3104 4919 2457 1050 9045 6799 4870 5439 7690 4908 3085 3871 9960 9259 2636 5105 9121 3909 2133 2941 9279 6944 9027 4159 3267 817 314 1159 9541 9748 1314 9552 1296 5035 6235 1648 2928 6881 
4037 9823 3797 7079 6266 707 4750 5325 4761 4910 6911 2774 6026 1946 891 9379 8806 8598 2231 7603 4555 1395 3813 6208 4332 5499 5058 5724 105 8460 7429 6458 9425 5426 553 5680 3783 3803 1266 5956 9345 909 6481 6309 232 5192 6446 8594 2786 5729 4135 4571 3120 6632 279 7985 4907 4524 4542 706 3646 3561 4062 2044 3232 6567 3374 
6319 8083 7287 2051 4136 7303 3582 4203 3347 9360 5879 9010 1247 8832 732 600 702 4656 3189 3790 8607 2689 4556 7457 5443 1430 1240 827 4054 9156 5287 9075 5701 3809 7343 504 8440 4866 8416 7780 2939 2001 4264 3127 524 9575 1995 1073 6363 6115 7241 6206 992 556 6269 229 6819 5406 3731 219 9583 4925 4115 3453 7877 8039 640 
8009 420 8919 9404 3051 6539 1935 8416 273 5658 3692 9627 6212 5993 2083 4518 2399 3680 2044 9882 5252 6920 8718 4244 935 2542 3195 8022 9766 8620 7710 8688 3059 3300 7810 3508 4369 8683 9001 3358 4459 5344 6636 9531 3474 9744 8216 1820 9943 5640 2250 4255 5403 8392 2190 4550 2757 7648 2509 755 7251 3445 3745 6575 9219 7328 8446 
5435 8983 3878 7805 9288 6635 1640 4670 5738 75 3418 8390 9007 5524 2728 8804 7672 4870 6229 159 908 8907 9982 9156 7227 1544 343 3436 3292 5047 9854 1382 7330 3414 9937 1479 9409 7605 1456 9124 5382 3342 2392 7243 9284 1332 1708 5724 7997 6720 6681 6442 6452 6808 8760 4520 8963 9299 5161 7294 1143 1107 8752 7384 3238 2977 4490 
2332 3640 350 7483 9928 7492 932 5455 7439 3199 697 9217 6027 6363 1626 3164 3929 5543 3104 5588 7258 5451 4768 682 6697 9424 1624 5166 1740 3160 2103 2212 5519 8544 8204 3725 9290 7256 6577 6706 8794 9994 5882 7398 4187 3684 5812 2482 4613 5509 4829 8783 8722 6126 1729 1505 6611 3139 4205 1255 4945 8853 4289 7173 2871 8100 1774 
6363 4348 8279 4820 5282 721 4968 3385 1720 1165 2016 4337 6423 4080 5698 5944 3474 8286 683 3349 3851 7337 2024 2154 2589 3536 2877 3999 1105 1345 2984 27 1679 482 6068 8995 1029 5748 7847 1019 4963 5985 9988 9061 8602 4735 1079 7065 6398 4253 3021 7131 6420 3199 5078 4921 6475 7166 6615 2330 4682 1726 2370 3565 3516 9080 8344 
1767 4040 9219 2955 1503 895 8464 3331 2208 8579 8452 5210 6134 9486 6991 7028 1415 2637 4874 2034 5667 7514 4090 9533 1079 2491 2151 1490 3944 1158 6338 2650 587 1626 2148 7907 4690 3224 5276 3793 2609 8600 4009 3060 3170 9856 7298 2356 7153 830 3805 5692 7444 1839 677 2823 9895 3252 6521 9953 5072 6346 3417 9054 8195 5908 5244 
9316 9577 5507 795 6452 6772 7378 640 3920 4295 9434 5902 3802 1719 5615 5257 26 4883 9285 1873 4075 5615 7712 1595 6563 14 3781 2666 276 5171 8475 4624 8660 1327 7145 4016 7829 2068 8495 6960 1106 3612 7174 9144 6310 3647 4376 3080 2534 837 7231 2533 9454 8316 3713 525 4739 8588 5198 7945 4085 2456 7189 7917 4985 16 7178 
7811 4063 3513 2147 3066 7183 2657 169 5129 6698 7013 2123 6115 4522 116 280 4995 2866 7721 5601 2482 3687 2080 5368 3258 800 9548 6098 4303 5800 7511 4212 201 1843 5775 7969 3943 2364 3484 227 527 4347 1569 7852 4727 5241 2313 1671 2502 4958 7368 3157 9761 691 9439 9553 2173 1256 5090 4431 8050 2008 9017 6743 310 3608 6806 
4355 9876 6687 2406 515 3669 6336 4904 4038 4725 2322 9399 2962 689 395 3696 1370 4800 5882 5705 8671 6893 1988 6160 2121 7207 6310 7517 3882 1285 8365 3495 9853 8240 9953 896 998 1251 9434 2064 1050 211 5267 2953 5739 5117 1214 760 7946 5728 1759 6316 4601 2971 2881 4469 6983 4109 5226 6107 9986 9848 9906 7939 5290 2712 543 
4708 6435 9414 4231 8491 1909 7747 5675 1843 701 4999 4523 138 3643 8731 2609 6843 972 2733 7382 4278 2296 2426 120 9771 15 1297 8942 4338 3658 2392 4363 5452 5131 7703 7806 8686 2 5061 3046 859 729 2603 1413 1092 1514 5309 1582 4625 848 4027 9280 7089 3414 3055 3897 7005 6439 2666 3816 6552 333 4826 1700 7499 157 437 
8009 6883 7409 9396 5244 2617 3551 7810 5261 8035 5291 5513 6718 8635 8003 4075 4458 8654 8988 4578 8917 5724 9478 8464 6948 7564 9996 7546 2322 1784 7672 8568 2479 3025 6137 4712 3291 3799 622 6375 5049 6147 8793 4066 5260 4255 7547 6623 7143 6676 3203 1267 3613 7595 6529 706 1010 3773 6413 1092 5783 8323 9872 214 6211 6891 6934 
4554 8604 6715 7588 203 3884 9915 1617 5619 8158 7591 1494 4205 9050 1006 9480 6880 9061 1586 738 574 5205 752 5145 706 817 3489 2899 4124 6216 6792 9719 1185 5527 8708 6043 7071 4345 4758 9217 4042 6620 2959 7753 3042 1649 1052 7653 8911 7208 2838 6163 9102 6444 6181 2566 6985 8468 8463 5799 1545 5192 1166 3739 3858 5429 7430 
527 7992 1141 9188 8188 7786 9607 3572 1319 8736 8105 8550 2510 4283 6040 7949 8853 7353 851 9607 5034 6848 4457 5777 5389 2434 3044 5032 6435 7934 3982 3110 682 995 3239 3868 3058 4497 3327 6888 2418 2682 3156 832 4340 2535 602 8615 6546 417 6031 9858 3299 9126 2730 9949 9676 6624 4308 3551 8312 4173 5194 94 4222 2946 1028 
1028 7642 4615 2604 8295 1959 1711 4385 2264 1453 5896 6144 4108 9120 471 2804 6757 6388 6126 8355 9098 6283 7903 3238 501 2743 4001 5012 6780 210 8101 3521 9195 9596 9193 9169 8749 2712 1321 5461 569 3741 7405 2053 6580 4705 7521 8012 9130 4559 4194 8131 3404 2475 997 2964 4998 453 8885 8177 2349 3351 5667 2552 1483 1805 3404 
4897 1203 2106 9943 2791 6829 7760 4503 6472 4403 975 8471 859 8184 2524 7876 9688 7092 6927 7739 8850 9327 6437 4152 1066 2232 1684 3560 6608 7661 2908 599 3910 7774 9904 9807 515 4413 2708 9300 832 1539 1221 8886 8245 4995 2926 5304 974 2227 8288 5130 4666 6496 5254 2529 689 3554 8726 9468 2862 6166 9712 6419 511 3583 143 
2499 6487 3148 5358 1415 6537 6039 5242 777 4240 2427 4616 7619 5329 5613 3506 5879 8252 9179 5882 393 8490 6194 2629 6709 19 1801 498 4031 8741 7230 6267 7135 996 4746 9408 976 7358 8212 966 9419 8037 6055 7519 4712 927 2286 9314 813 7416 1341 4388 1783 9606 9770 8003 7672 547 5632 9534 4275 6152 394 181 6619 6602 5943 
9554 9974 8199 6223 2919 217 5648 4284 2760 6046 9121 7958 8975 9625 7941 7749 1153 4930 1196 1842 4965 9633 6807 4086 8106 7939 6668 9236 5340 4276 4052 3717 3635 6495 7450 5019 8593 949 2341 4031 1724 1243 2418 9250 7347 2474 648 3215 9567 1671 7021 5107 9507 5936 1356 2352 6240 1451 6432 8507 5370 9960 9254 7245 1555 721 2269 
1766 7748 9355 887 8602 9143 2305 8169 6162 9332 1907 8515 8511 9087 890 7629 8193 9199 7366 6571 4942 6576 5776 6356 5374 6818 5366 5263 917 9908 4630 3887 1446 9414 3688 2738 4640 5509 7894 4233 7211 8598 9868 7862 8647 1371 9245 6018 534 4338 6830 4593 8192 3527 5178 6925 9132 1548 3485 8578 8784 1978 3323 1569 5594 1419 9502 
1106 4213 2282 667 6304 7313 136 9310 71 5021 5192 1198 988 2660 7042 8995 3724 4791 9042 7308 3865 7548 9450 4377 3729 3458 4161 5083 3595 3108 394 6673 5544 9465 3088 1772 9406 8625 294 4057 6130 5301 4553 4458 5582 5123 3721 4906 7500 9859 5099 6965 4055 7560 7324 5806 6967 7106 6442 647 6395 7278 9955 4466 8918 7069 3344 
9342 7407 7459 7051 6932 7495 4762 4463 5200 1847 4277 5624 7374 788 623 2259 4432 2966 390 6819 1199 6805 2582 7724 2799 5515 6675 900 1447 2538 688 4709 1746 4571 9366 3084 6463 849 6757 5195 9881 1489 3281 2613 7189 4568 5512 1061 1444 2012 9936 6541 5673 5573 2210 6608 6780 7415 1583 8895 8676 7689 6023 2350 2391 1123 2676 
956 9409 4472 1151 2622 1386 1297 2486 8128 3978 2225 9661 9293 2904 1144 1332 7647 462 9881 3535 9246 8981 2098 4338 1145 3025 730 2170 8550 2967 827 6719 8812 1363 8389 500 7588 6818 6363 3513 2217 1135 672 4533 9065 7035 4919 2492 2547 5150 9525 5514 3077 5322 1594 8761 5953 509 9354 7631 9882 9695 3656 3363 4085 7912 8553 
5604 4104 8189 9505 2490 4508 6831 7662 417 584 9643 2868 7385 3276 7812 6070 5576 9177 879 7197 7637 5704 7122 8308 2525 6896 1371 2655 355 8010 3122 5232 4144 1343 9884 9772 1946 4028 2241 6909 2736 6497 6117 8692 7054 5691 9799 5766 2688 9227 8128 7563 846 9204 8283 6021 7670 20 1961 4077 9850 2253 9313 8419 1621 10 10 
9370 1636 7333 8189 2913 7537 669 906 3700 1572 7613 9096 324 9583 2162 2227 1485 4695 131 1519 1650 533 4371 861 1915 5366 8737 8527 3783 1792 1541 2229 9584 9351 8273 150 8666 6215 2896 227 2691 3732 8586 1747 1293 3802 7427 3499 6437 2827 6748 5183 677 4146 5289 69 3817 4610 3835 1209 6556 1117 8438 4339 6321 3094 9096 
9320 4399 936 8260 1480 9272 8251 2945 298 4947 3274 5425 1637 8624 6649 6658 7473 4394 3731 5004 4603 8188 9524 9067 3967 9665 2475 3358 9167 8807 5829 1085 1399 2710 2047 1552 8752 5152 2950 3394 1635 9232 4577 4009 3829 8281 2357 8736 5554 9609 3284 3302 5853 7551 6304 3056 3712 9863 6809 6314 5445 7191 1909 7586 9325 1874 9348 
4331 9385 4274 6294 9734 9286 5756 3576 1579 2332 3205 7349 6915 685 4682 6517 6381 833 3634 3122 1825 3211 8918 9980 1739 8241 5278 3839 5092 7833 1719 2417 4250 4485 8693 3670 3775 3505 7378 1945 947 7805 9528 4293 6406 3721 6456 8951 1801 6693 5043 4324 102 9808 448 3162 379 5699 507 6021 4731 4991 7654 449 8007 6214 4612 
7549 6908 3536 728 9497 4591 5606 8427 2481 5629 5775 1237 4282 2245 9862 5922 468 8015 2111 4957 4305 2379 1844 3083 5613 9820 3234 649 1003 7913 5213 1409 8803 9976 9380 5962 8553 3339 7691 1062 9418 8599 9447 8090 8857 9875 3627 7304 1180 7245 2844 6242 1595 5010 8510 4157 1170 5550 3531 3716 3872 2391 3865 6840 8342 856 8213 
398 74 8204 7556 6536 6470 6962 2655 1287 4809 1460 168 296 4286 1178 8274 8240 6616 9424 7582 314 7791 1930 6510 5929 8229 4863 6741 7556 1854 1081 962 8161 9128 8098 1028 4848 6406 4982 6805 6841 9061 8108 1121 1432 2390 5855 1145 7901 8905 6184 4268 4072 338 2691 5306 8362 5574 5735 1479 5658 5781 775 6961 194 5684 8375 
7317 5545 7995 7854 1975 1153 9238 2607 6951 1497 2961 9926 4212 3754 577 9196 5691 4276 4628 6238 45 8959 3549 4428 9249 8601 8322 48 2890 3909 6589 4079 8247 6027 2044 271 1589 7793 8696 8967 9125 4429 494 7448 904 2072 9822 3192 7942 8887 2756 9486 4765 1849 8842 4609 5099 4924 7928 2294 5862 6259 9610 7045 4154 9554 39 
6464 1303 8344 104 1922 9211 7473 697 3353 8830 7987 9136 8464 8438 3922 8040 2186 3408 2776 6143 4723 305 3931 3812 3833 9095 7827 3146 5116 4252 642 3384 4570 5492 4717 6238 1990 6305 4813 4593 2915 3085 7628 2203 1577 5932 3623 800 3407 856 3870 4818 5200 5942 4798 8423 3674 4507 3986 7779 6580 6192 9265 7670 5306 8959 1258 
2376 3469 5886 2507 8329 9860 5323 8065 7057 6683 2310 468 6728 8281 1499 3206 256 2391 9423 6674 2568 981 9283 2966 8915 6556 6412 5889 2369 4503 4282 1850 4663 5713 7266 1174 1905 4364 2131 7335 4905 6534 5343 3839 7489 8272 5253 6994 1417 8020 8001 3040 8473 240 2984 2367 4920 1068 1157 8249 3375 5465 3320 104 2814 3133 4173 
9521 8634 934 5137 1099 4812 8225 6357 4606 9140 4381 9255 8830 2713 8929 781 7478 545 7378 705 757 1743 4788 4534 3446 4630 8221 4483 5740 5497 6736 4930 178 2371 1641 3166 2755 6826 6553 1463 1645 5672 5155 3215 5267 3013 4661 1200 5675 1635 806 5963 1300 2202 8390 801 2845 5211 1885 3748 6293 2234 215 284 9625 4067 7262 
5765 9539 3888 1828 160 4221 9953 4820 6092 2421 9648 2069 1485 3811 1120 653 4240 5964 4368 4671 8694 787 738 7103 965 9235 9867 2207 6883 8170 5312 1721 9722 8625 4628 3413 9763 3761 984 2104 1642 3368 1484 9759 6529 3054 9346 5444 2760 4782 2487 2582 886 5210 3988 7988 5399 5822 4759 8806 1223 8098 756 5179 5126 6517 3301 
3064 6557 2058 5476 4458 5334 7426 4326 5642 7242 397 8688 2769 1549 7837 7496 2171 3459 9124 5252 7508 1345 5409 4610 6440 1672 3795 402 9851 8502 8318 4043 1573 6672 6390 5894 3788 2863 4750 4113 3363 988 6717 6047 7994 4392 2432 6040 1588 7291 9469 2431 6422 8734 4301 1815 86 5520 3803 2815 9132 6976 470 5337 8702 841 5987 
9165 752 6971 552 389 3846 2978 4521 9996 8880 4988 4113 7921 7958 4904 2834 6336 8739 9428 681 4798 3847 8798 2425 5484 9521 4645 4937 7920 5805 7348 6804 2342 3798 6079 6558 1439 4190 8179 9979 8171 4140 8243 1834 9601 5765 8892 8306 9601 2420 4944 9949 8035 7554 2306 7206 9642 2037 2571 652 363 250 6461 9557 1594 9034 3233 
261 9142 2983 1496 2799 190 150 4024 4913 4575 1429 4073 5942 5770 1101 2634 6577 3641 3439 9834 1546 4355 561 504 9516 7591 278 2192 5381 4956 3004 7296 2155 1872 6337 8013 7780 4821 6820 92 712 1763 8912 4999 3708 392 3510 8038 2583 3364 7956 7950 5006 5654 9089 5708 9702 8863 7352 3863 2788 7976 3989 9912 6730 6820 517 
8979 9784 2438 3510 695 9581 8667 2781 1996 9051 762 7625 6879 4202 5441 1404 9050 4117 8279 3454 1153 5146 163 3640 3817 5851 8234 2983 7250 7624 1579 4212 3896 3350 9233 9602 3105 6370 2789 9364 4796 8127 923 2000 6948 3407 3482 2423 4075 9924 2776 8322 1779 1350 5779 2469 7734 87 1232 1392 8267 841 1698 6370 7448 4972 2910 
8684 9022 354 5751 3991 7794 1438 5206 4616 555 6163 133 8396 9863 1705 4452 3011 6826 9176 9521 2278 386 8997 8714 600 1992 6929 865 860 4946 9653 8606 9345 9827 7932 3501 6598 672 8318 2285 3874 5694 1573 9880 8266 2391 2502 7839 8081 8730 6371 496 2640 4797 548 795 7304 821 843 358 803 9759 7674 8873 4126 4080 7275 
4197 4212 2048 3790 1735 5132 4503 2935 951 2760 6378 8112 2744 2601 6472 6709 6137 3928 9318 6052 7026 4775 8382 786 1102 1234 108 6446 8784 8090 9774 1641 8904 7589 2813 5913 3748 3409 4288 112 934 8274 7790 5100 9870 8153 6703 9441 3252 203 7274 2732 9593 1636 9186 6360 889 8269 5775 8781 4385 8738 8372 3572 2146 16 625 
3231 1590 3460 9836 7823 1904 2917 6427 6204 8714 6209 6682 2729 3144 4047 6837 9730 8125 7252 9176 5059 5098 8881 3852 8681 767 263 8532 6645 7194 594 9116 9394 1217 8648 9159 5520 6684 5504 9252 4868 3961 1885 8225 1840 6880 5035 1155 2454 5139 4733 9650 7376 2661 4942 761 4877 6758 8678 8026 6129 8248 4726 5784 1229 5829 8613 
9590 6189 9285 8990 4586 5655 7902 6996 1745 5949 6434 2273 5628 4104 3123 898 5636 8838 8918 5197 3902 1305 8533 8046 3649 8579 8762 7986 7149 8488 5352 1819 7837 3916 6688 8758 1609 7463 8982 1257 9600 9185 7959 3100 8841 1975 916 3374 9428 2849 2363 3365 4117 4898 2353 4877 3097 6644 989 4201 513 2550 9057 1099 6378 9572 5372 
2766 2415 8592 5336 6241 4872 2117 7671 1228 8830 4374 3881 9866 3691 5342 3516 9698 8801 2103 9487 2361 7211 6841 4360 883 9094 4543 9681 7304 1757 5272 8510 9968 3193 3534 7081 1501 7145 6640 5935 1485 1301 2686 2713 2426 4855 4563 6015 6585 8014 8981 5981 4749 8937 8240 9232 4506 5143 1280 7863 7963 4858 8982 9240 5079 8368 8347 
1898 6312 1908 3177 1267 7332 4093 8145 3810 3452 3373 6505 697 9833 2669 6792 6782 4018 4903 6071 8956 2798 2809 8685 2570 8226 3090 4156 5910 5581 8360 5279 5122 5455 7862 5728 5427 3545 7078 2223 9484 9481 1385 1705 509 6079 3857 583 6419 7682 4059 2248 9437 8255 90 7613 6798 9910 8951 2989 7547 4712 5388 8485 155 3925 1874 
9651 7831 8491 1903 5752 6914 128 6153 3409 9471 5901 662 6966 4492 2404 2128 5672 1525 6110 8364 2302 6642 888 2877 4120 2473 4107 5458 3475 903 3164 6086 6898 7306 7027 8646 5801 7448 3229 5006 2126 304 80 9855 1231 6727 3901 6260 7037 7994 8455 5374 2007 8257 1952 8760 7433 477 5345 1601 7215 4810 647 9445 1247 701 504 
7442 6420 6134 1597 5050 7955 5609 9824 4011 8736 172 5040 1789 9063 8720 6187 8580 1644 9447 9495 173 6228 3438 8697 1256 5206 6674 9759 358 8391 1101 491 8779 6084 8488 6179 2733 9274 4893 867 8448 5659 32 5174 183 6 1775 8542 9980 6921 8211 5830 2646 9908 4743 1368 5277 8789 6413 8582 6687 3963 9685 1572 1394 673 3560 
2425 9060 7156 1588 5030 3489 2866 4684 7062 3562 2615 2030 6970 7336 4362 4432 3303 3215 2854 1669 7727 3359 883 5223 7094 1908 9795 3564 5264 4713 5206 2257 7748 7309 8969 2363 8581 5003 4667 2553 3583 8253 7641 6030 5350 932 7845 9152 7511 7449 2459 3695 7066 7865 3235 6608 6884 9220 7441 2032 3858 9783 7244 3464 2852 4945 4120 
2087 9875 6673 3791 5251 3212 402 3615 1379 1725 2454 5274 8630 1554 614 1408 1204 7381 6851 3471 8517 6093 7805 2508 6129 4483 1435 6157 7375 8990 1060 1199 5462 5302 3971 2679 8583 3996 2535 8710 5747 6561 7470 4180 9936 1547 8821 1093 3575 9922 481 6466 875 9977 5218 657 6577 600 2396 476 2707 3304 5410 4612 7769 8980 6556 
933 367 7696 9082 2088 7219 3575 3156 9371 5379 6266 6912 9982 6527 9135 1533 3579 1171 2470 6775 4548 4767 1616 1407 85 8312 6854 7297 354 4033 5374 2609 5869 3747 8994 6672 3474 4380 4870 2543 9401 7283 305 7071 6856 640 4620 5051 8406 2582 9994 7588 6125 6789 8898 1863 8910 1799 1952 7694 3489 4938 7350 5926 172 4310 1464 
2787 7558 8362 4991 1336 1599 1499 3321 361 4911 4884 1729 2823 809 6027 7959 3056 58 786 1668 2755 7827 5270 3018 8217 1500 2767 6278 3516 2234 6007 5415 2420 4177 3248 2485 8318 9001 6880 9910 7854 6405 6341 9052 70 4204 1993 3365 9388 2101 8761 7657 8573 9944 3718 9728 5273 1527 3073 2382 1532 392 9721 8032 8182 593 6656 
2648 5055 4745 3756 456 6704 8386 3275 2496 7923 5091 3620 960 681 1863 827 9177 4081 7078 5373 2703 7550 49 5737 5667 1545 6813 4635 6125 7034 6690 6715 2430 5372 982 9443 6397 5242 3204 2179 7102 6594 184 6474 4414 5513 9623 7707 1801 6882 8723 2461 2581 4686 7593 6291 1871 3461 9406 7964 8701 3116 2091 4443 7851 8168 3075 
3415 6340 6219 8736 2821 3609 5927 7606 8364 3506 7487 9606 4996 90 9493 9979 7386 413 6809 9743 6145 5058 4654 5362 7923 7381 7310 8573 1992 3316 171 2966 2408 4758 6639 5219 3042 47 1327 3161 9067 1402 3452 3924 1897 2466 1584 4816 6504 9945 2775 3171 5177 6108 1372 3011 9676 4334 4299 2278 350 3934 8494 8561 5774 4911 7217 
3640 9560 9061 1351 2370 7289 8390 7826 7828 1963 8995 589 1219 5901 4232 5610 1077 7788 5622 8989 2690 6031 4172 1082 2096 9695 7786 4685 7523 1569 4169 2596 1085 9526 6700 911 8696 7486 9139 765 167 2652 1318 4245 8504 5697 3089 7516 8126 9874 2557 9094 7018 5427 627 6640 5779 1806 3022 5646 2271 6993 5939 2265 2722 8454 2391 
8043 4393 3304 6836 553 8325 1737 4547 7600 5851 5112 464 3188 4443 1837 2041 3381 9389 8374 3838 105 801 9893 8399 5752 1507 5976 7948 8646 7244 2385 6245 3216 9593 5467 8319 3199 848 9276 1148 443 430 8869 3133 7521 2060 701 8982 7829 5834 1853 6547 4784 5988 46 7459 4551 412 8950 5150 2551 881 7777 6516 4246 7483 336 
8468 1933 5595 4002 4634 7814 5701 826 1773 2052 1122 7303 2330 9765 425 926 757 2120 9828 5787 1655 5243 8472 4224 7085 1313 9689 3783 6618 7199 4513 8923 194 9005 4199 4444 7149 4445 5324 3938 9716 3964 5812 919 2075 8148 9991 4625 1509 6534 925 9690 7957 5961 2196 7334 935 8176 7781 452 1192 6935 5738 6505 3530 9424 690 
4499 2332 5558 9737 7779 716 3738 7425 7602 1821 9608 4163 8346 5572 5018 7342 4668 8055 8854 3929 2927 8022 8027 6292 5379 8735 8687 3644 8413 5055 3539 7302 6763 3225 1266 6856 2758 8970 4307 2346 9852 8107 138 2777 2005 510 2203 8827 5645 7649 8724 6443 9105 8215 242 462 3894 2547 3721 817 2803 8006 8021 8971 5865 3256 6272 
984 8357 6604 249 7670 437 3193 2225 169 3697 9913 1167 2079 2205 6581 6576 1939 485 3238 9075 4949 8513 9677 4945 9660 4379 1870 97 3652 1044 122 5768 5603 5389 5615 8023 4404 1198 9138 6465 6485 719 4085 9779 7095 5990 458 7378 7488 9376 7794 5976 4485 9135 9376 4661 928 7800 9070 6116 8615 3640 1460 8105 1087 4674 3583 
9024 2833 935 5002 3984 5437 2755 3345 251 4706 7301 1660 4796 9402 2705 6143 2550 2553 6811 5296 7285 217 7700 8692 6218 806 8535 4265 8494 8731 3935 4909 7968 560 9900 3560 2068 8910 4889 6856 5518 1353 1861 484 9896 2574 190 4913 855 9277 3709 1065 5160 1447 7072 3947 6525 269 4572 3810 7401 2116 6631 1161 3759 6598 8236 
7322 2134 3581 3152 2179 2945 7643 4749 1458 6165 8699 9202 2436 1764 5802 8672 7817 821 8555 5539 5906 9784 9758 230 8014 308 598 5793 1351 8799 7882 9085 7249 3697 9318 1735 5657 922 8677 5050 3017 3417 1680 3981 3176 5181 8621 3014 8616 6414 7220 2282 7483 1873 4690 2704 1462 1142 6744 6095 8039 1642 988 5203 173 3200 9052 
1789 8215 2701 6312 144 864 9031 6524 9612 5532 1947 1890 6686 3883 3929 2486 3540 5626 3196 5591 6803 8215 3439 5798 9751 3010 3766 9460 8319 4917 5636 2276 2857 4372 2469 6588 8963 4204 733 9436 7811 4665 9236 6898 7742 5170 453 4939 697 9593 6020 4706 8076 5728 1315 2200 6764 9699 2566 2508 9092 7985 7119 3144 8780 3930 3056 
903 2739 6425 3938 7058 4828 7673 3205 3710 2706 4530 1309 9700 2042 1546 319 8034 640 4372 392 107 3673 9776 4969 7204 19 3606 1323 5477 2055 744 4209 8522 3310 7520 493 4777 3715 734 7605 5641 5039 1549 2133 3597 224 7224 735 945 9389 3734 7578 2315 3126 7282 7727 8096 8557 5603 8732 9577 5952 9539 8600 2077 6915 4124 
97 2108 9464 2902 449 2071 6071 2644 3819 4670 9361 2865 2892 6990 629 2913 7604 6796 3316 116 2568 9300 835 9834 2300 699 6145 5214 9408 1273 5034 9078 9373 3152 6397 5681 467 2494 8554 9153 2504 4900 2275 2493 8894 4864 7786 7480 2850 1330 6836 4545 5384 5669 6441 4140 3931 2209 9298 813 8443 4235 624 3916 4889 4766 3789 
3716 2680 7423 294 7725 6526 3543 9292 1058 2812 8127 6911 3550 4538 7525 5878 5289 4334 6965 7076 1312 3143 3732 642 836 6744 497 2711 2700 6459 1890 3586 4941 6318 627 1065 6367 9159 9237 1455 5493 878 1263 9600 2974 6355 4037 7681 4490 2358 7851 1371 40 597 7520 5911 9482 3643 1099 9664 9685 8303 5054 9431 9790 7314 8789 
8362 5881 4925 7964 5567 6243 6137 6465 3953 2004 3775 7262 5026 7219 8685 1424 2359 9526 7428 5864 2764 3154 7111 2714 5243 2612 2533 4484 7612 5916 570 6430 7757 7103 796 957 8225 1436 8129 7245 7155 4425 1822 5148 9740 1781 9612 6771 4655 7796 8882 8104 8074 5736 9459 5099 4175 7889 964 8114 1692 2499 9491 5014 7113 397 7012 
5369 9207 4253 8179 8262 8159 4943 9078 3443 24 3887 1731 6618 6010 2583 6614 5314 6304 6892 6531 4812 3101 5080 8241 9716 4270 5483 712 9724 1857 9457 6468 1918 9648 8261 6874 1975 5183 8727 4690 3039 4153 3610 272 9590 1825 8600 5678 4865 6296 5416 5279 1298 6423 4008 7643 8380 5167 8279 2725 2835 3971 774 7630 282 1013 3411 
4406 9222 6452 4220 5899 1155 5703 7321 5508 8292 3894 7438 4492 3933 6403 9947 9889 5158 1829 5494 221 9523 6070 4707 1023 4629 4959 5162 2470 8208 1070 5249 760 3361 5176 1704 5223 8800 7286 800 9431 3788 8987 7626 6247 8182 96 2805 3715 634 7477 3373 3184 9764 8734 7645 1520 38 7783 4354 2628 2484 6150 6907 3541 3748 5958 
7290 2686 9831 9818 4267 3711 3303 5657 2475 1095 5378 6722 8181 5877 749 1750 7885 4212 8597 2132 3561 1694 3379 6926 5305 2268 4057 4391 6950 7546 8876 5056 3636 4396 6645 8812 729 4903 19 7084 6049 8591 8290 4463 7483 5599 3561 3542 8744 7509 8564 2086 4422 319 9390 35 1047 3127 5553 7795 5205 7302 3736 4677 4710 5432 5792 
8213 6450 9970 4053 4139 6892 1230 3426 7522 6881 3521 6990 8329 7127 4764 5776 8783 1703 4382 9766 9043 5496 6882 1318 3136 3883 9546 9652 4281 8534 3253 9986 1436 1845 9825 6792 787 6325 4829 9071 2793 8248 6963 6477 3652 2368 4373 9210 3139 9266 1615 9338 9628 4405 6011 2867 6888 5977 77 5258 5245 9255 4021 3102 7637 8248 1052 
992 9673 5586 4837 3817 7632 7106 7367 3095 1545 770 2302 3168 6263 2582 2232 7286 8312 4079 6547 9659 6220 4492 5146 121 8890 479 7381 1194 9565 3966 6217 1780 1047 8932 1223 2741 3701 584 4330 4596 3979 1728 157 1996 1819 5769 9612 2510 7432 3351 3567 5924 871 2442 8679 1174 9330 1712 9240 4443 6377 2586 3762 6907 2922 6376 
9910 5889 6443 9041 3698 1462 5504 7111 4236 974 9850 579 784 8793 3020 4230 6802 5394 2010 8515 3339 8541 8258 1880 4024 4002 7076 4797 7807 8822 3917 4638 2641 7069 5109 6412 8623 5432 7064 2796 2403 9828 2867 7036 5103 3152 7870 4930 3676 1255 5222 1823 5067 5594 2874 7896 6246 2612 7622 5726 8197 9681 2506 1838 2515 1745 909 
3466 7719 8939 4468 3669 2319 2491 9357 514 4333 4881 3691 9913 7710 8426 1623 1428 4551 4340 9787 8509 7420 3110 4602 6536 4858 4593 9668 523 3492 6288 1269 7720 6620 8371 7514 2741 8005 3504 84 712 1207 7581 6412 5993 7821 361 7419 3385 6757 6934 8380 1635 5727 9455 3262 7801 7106 9174 7972 5665 6594 9401 4857 1094 1646 3633 
7338 5337 7943 3963 6541 9286 1890 1004 428 5361 9082 3635 8304 1562 9872 7120 2998 5544 2514 5414 1787 5038 4041 6757 7352 1784 8959 9578 2785 609 3158 2223 1652 5637 8094 2332 1733 1882 6346 5740 8685 4454 4607 117 5107 9478 8539 9581 7755 3787 478 2890 6850 176 4829 1882 7726 1152 1602 4753 9573 2011 4860 3615 9642 2298 9326 
7050 2861 2623 7665 6393 2795 4436 4789 8796 9164 787 1686 7775 1700 5108 8709 7261 1788 1791 1265 9906 2564 3331 6853 2701 6444 5050 5282 5087 2271 7999 5852 455 9189 785 3653 389 2049 9006 7116 6029 8550 9850 9356 7094 8662 8161 8929 9007 6054 6662 2135 1964 416 1568 754 8026 6318 170 9907 3821 7359 5469 6007 8783 31 7415 
4986 3808 8398 7295 5559 3351 6054 5971 5864 9747 2122 6608 3411 1313 5509 621 3034 3506 7376 1597 8312 9284 309 9761 3978 8428 1226 80 3851 9089 9304 1495 6273 2573 4378 8990 8203 3135 9711 7883 8859 2238 101 3454 1858 3121 4093 9491 9019 848 1602 83 4108 1287 4070 8078 4769 819 6484 5693 3479 8129 1075 983 2663 3405 5486 
8792 4488 5283 2903 2358 1502 7080 5889 8256 2177 9657 7293 2170 7217 3040 2118 2945 7392 7966 6248 7936 3051 2781 869 2166 86 2781 7420 9580 5283 3565 7369 7066 9921 6005 8399 6928 5718 9286 7957 9153 2619 810 7880 3096 5165 8402 5351 3707 1914 3980 2936 5084 4086 7917 7263 3287 3763 6582 7683 6157 9772 9795 5677 9480 3883 8324 
3025 9354 6493 1016 3311 3139 2817 8658 6891 8852 6099 9279 2645 5050 3626 3768 3780 5744 7594 3532 6007 6719 8136 1699 3291 1455 8524 8998 2193 9539 9694 732 4478 5322 8769 9304 4537 4798 2087 9408 5579 5816 8515 127 1489 7663 2395 9261 6562 7451 6359 4449 5780 124 7426 2911 9097 6237 2386 1785 4050 6492 3438 2504 4372 5803 9069 
8540 7959 5729 5342 9698 5481 3213 9248 2090 7515 5116 2328 6825 9787 1282 856 3390 2635 8740 3625 5792 245 6901 3616 2924 2496 499 465 8374 7285 9720 1596 1051 4872 3579 2138 400 3782 4859 3015 9063 4234 1615 7070 1239 9859 7115 9862 2611 8498 5424 1011 3982 7056 6901 6787 3683 9896 7407 4940 7502 8076 5299 9795 3465 1374 220 
9315 4832 6085 5117 920 5242 6684 9990 1023 4402 6230 2730 1521 6001 2208 9826 7647 4074 326 5637 4453 809 5163 8729 7204 9058 8496 506 3735 9765 624 7364 541 2681 1672 7013 9449 9207 9702 7629 3073 6250 9347 9082 7054 5698 8161 6971 5499 4445 3182 7487 3906 2044 2633 9469 5026 1474 5489 7879 6541 8376 610 7324 4747 2595 6107 
4489 154 2488 6527 5614 8639 2504 370 2453 289 5726 9555 5510 1585 9140 7815 1003 7487 8489 6892 5737 4713 7287 8676 4848 7603 9388 7702 8703 8632 7919 3590 7880 8566 4097 751 9619 1026 2944 8586 3978 5214 4588 9186 2282 2036 4296 1579 6971 3227 7364 2273 5289 3618 4060 2323 1141 1795 7907 0 6605 6135 1234 952 2432 8520 8877 
803 9866 689 938 8021 1007 6967 6055 332 6498 4834 1218 6271 6859 3006 514 7569 4034 840 7378 2029 5556 8453 3535 7195 2516 8208 7609 3619 7751 5654 974 7265 4308 6705 5279 1414 1852 6305 6859 7757 954 9858 2302 8752 4685 6929 3632 8986 1208 9973 6302 9718 9817 1698 465 4140 5586 1703 4873 8802 6063 4687 8147 1816 3704 9485 
84 3574 6105 9678 6625 8855 8692 5512 1059 5558 2876 227 5471 9960 334 37 9896 6131 2029 9556 9930 4262 4004 4751 5848 8579 9309 5564 7500 6166 2846 2710 504 3354 4043 2949 1268 8905 7451 7822 411 2544 4971 1056 3994 3881 6401 6866 7059 6012 5703 4689 7031 9503 6873 4838 5456 5954 9050 844 78 3371 8963 2914 5293 5995 5254 
8329 54 4246 260 7425 3238 2530 1235 1164 2675 7072 6708 5476 922 6692 9354 8126 6000 3261 8571 9479 4430 3131 2511 6984 3312 7166 9767 7754 9194 6750 6258 8145 9259 7977 5816 4667 3 6467 1943 4573 6481 1423 7689 9714 8715 8091 5334 9618 9850 9609 4411 1215 385 8119 4550 2177 1178 6272 4705 1437 3763 4784 9929 9759 1989 5147 
9932 3934 9431 6956 8170 7736 5046 6011 8492 507 630 7985 6031 313 2163 1954 6462 8880 8882 9272 704 9986 2022 2415 4039 971 1145 2672 7880 4393 29 3244 7086 8909 3293 2473 1927 588 7531 6156 5282 2880 8928 4159 3866 1230 7566 2002 2095 2313 5687 1533 775 2110 9296 5803 3881 127 317 7071 7235 2114 8277 7827 8873 7969 884 
7976 4582 5529 3245 7812 9780 870 249 8246 3506 9224 5900 8699 9823 126 2983 3989 9713 1502 6724 3187 3452 2993 4469 1328 4750 5454 1224 8757 643 658 3255 1876 97 9546 5009 7473 957 9546 9516 4531 4761 3134 4492 2136 7654 3313 2857 2399 4260 308 4834 8724 8890 4517 8614 6993 1580 7337 6749 837 9573 5411 7615 6439 6579 5190 
234 9458 5002 5742 3650 661 6024 3835 654 1427 8193 3707 8720 9943 208 7087 8061 3692 9816 9892 4130 8209 9396 3191 3162 3536 1291 7798 8863 2688 6016 9019 6536 3039 9976 1876 4486 3495 5018 1067 2977 6828 182 7195 8213 3231 1423 9181 6058 834 9162 7531 6662 614 165 4729 3833 4929 7065 7682 702 9751 8626 681 8637 7912 5713 
8808 7050 2174 3834 2123 8170 5154 9071 7435 3527 6961 3293 6116 4680 7261 3695 3940 8742 1090 8938 2453 6310 3549 534 3724 4735 8943 1676 3822 6460 699 5503 9618 7775 7491 2296 8289 5693 2239 1125 9248 756 2907 4580 7793 8610 306 2156 7912 4007 3944 2973 4169 6527 1922 9404 5449 4921 5037 1024 2975 226 7443 6907 9266 4876 382 
2777 4031 9150 2339 9474 6825 5570 6489 7600 3676 7427 6785 616 4357 8762 4673 9570 922 186 6047 1189 8219 4606 1865 6877 4168 8173 4545 5971 1381 1894 8214 1081 505 7936 2109 3886 951 1168 4501 769 5376 9871 1230 7905 931 5210 9332 2617 6571 5011 7032 1374 925 9875 2213 9216 318 5127 2693 8982 4635 2806 8158 8895 7540 7051 
7111 3822 7855 596 4566 9710 4829 6943 6529 3244 821 3657 6406 1585 3373 2599 3308 1903 7637 9167 7494 9364 83 4678 1136 135 8837 1226 193 8713 423 4403 3007 2969 1928 1402 3349 3614 7278 9224 3194 4671 870 1158 521 7422 4154 3130 3498 4962 5564 1488 3306 9791 4117 2395 7538 1606 1672 6832 6451 7296 6783 7112 8668 5915 6201 
3868 7350 2236 6694 1722 4239 6484 2278 3385 6020 3834 6040 5964 8962 5547 8576 2404 6554 7241 3189 4358 3395 7047 2460 7901 5782 5703 9462 187 8702 276 7552 1326 6728 1955 3376 9634 8848 2322 7817 1076 9357 2675 4050 3769 4061 4738 9951 3865 7653 6579 7306 4268 9315 1787 4408 1189 846 4436 4417 8303 2856 5098 7650 9296 3426 9210 
524 8446 929 3054 3877 6761 9850 7845 4588 6807 2368 4894 5710 1894 2878 870 6128 3662 5531 4525 5122 6247 3232 7284 2978 4612 3352 6639 8183 7140 7783 1264 5234 6832 9142 2375 6634 8198 294 125 1545 9123 5337 3697 7631 9405 6139 3018 3214 6666 6796 2105 8108 4316 2587 904 8676 7648 7422 9865 8177 3462 4174 6706 6500 745 1331 
1276 7881 207 1891 9842 1665 1550 396 9065 8353 7194 5643 3747 4485 9499 4573 2876 2473 9864 9456 4535 9654 3566 5981 6726 5804 8190 9667 6055 4402 421 4503 8621 7363 3058 624 9059 805 1259 3375 5667 3344 771 2468 6523 2122 7880 3765 7658 7160 9437 217 3551 8902 467 6774 3549 6798 119 1350 5944 1010 8221 4231 2867 2004 3054 
1238 6607 4599 2015 457 5913 1955 8260 981 6916 4038 892 4394 3350 777 4882 7841 417 3894 537 2819 1022 9933 4454 759 7008 152 2131 1897 1813 178 7996 3189 8590 7598 8817 5543 3942 8665 7529 5961 7564 1113 1421 7067 8357 366 1564 9878 5482 4565 562 7116 8576 191 8233 4126 3845 4312 3868 8192 7870 1272 2374 9256 5523 2024 
5028 5524 6931 867 4778 934 8602 2282 7372 9068 307 3454 3490 2929 111 8032 7675 2027 9999 7889 3494 9792 9395 879 1861 7756 3004 7219 9223 7686 4786 289 9881 2768 7654 7403 9929 3502 93 1212 4886 4721 3859 689 5971 8066 5 8636 3141 8528 6791 7097 8718 2196 5350 3182 2853 8395 7568 462 7681 2897 9371 1528 6838 1778 2104 
5671 848 9047 8090 1176 1328 451 563 9987 7049 3568 9884 7681 8045 7215 6822 4668 6387 9039 4147 3392 8044 2249 3467 3648 6110 2240 8912 7580 1854 2552 3959 4798 7182 6089 8498 2426 1269 2010 4921 7284 4422 2235 8825 2596 8753 9476 8638 3552 5065 4511 6592 5712 8193 1203 1348 5237 2521 482 4431 5283 8957 4034 6494 222 9865 8832 
9049 4690 7663 1397 8691 241 5828 8468 6117 1644 864 2840 1018 6157 1449 9333 855 5953 7519 9983 8678 8315 6952 5073 7433 6333 432 2472 74 3894 3121 6256 9505 8836 2994 1378 7334 9116 6745 577 5281 1198 3447 6934 6168 377 4169 2929 2633 5747 2941 4551 6556 3731 2690 5573 2270 6992 482 5296 8574 1029 477 9216 626 2112 9254 
58 669 4615 4550 9937 2791 3554 9939 1428 8849 5961 9540 4632 5200 5029 9270 3793 6880 6309 6570 4153 9645 5915 9515 5377 7048 1729 3100 9916 8280 9171 4315 9980 485 1179 7314 9319 1287 179 5225 4729 1971 5973 7144 939 5584 5205 9196 7836 7831 6652 5766 4813 8110 2757 4101 9451 2435 4593 8874 9362 7482 7164 7875 8464 5821 5788 
6939 6122 5332 2789 5433 9068 5868 5594 459 6234 4141 7985 1679 6419 4702 3799 1295 2305 9772 5588 9995 7871 8604 3729 5151 8304 7530 5707 1942 6785 1782 7881 9654 6018 8246 4647 728 3417 2751 3369 9781 304 7156 8632 9361 565 2858 3366 6023 2023 4266 1295 4574 3119 6122 8942 297 2573 3213 5332 6616 2375 5389 3036 9281 6711 8973 
3491 2204 1534 535 6527 6282 1431 8738 8336 8327 6094 470 6877 1277 8131 9381 8086 2378 2417 6114 3556 7358 1976 6314 5831 213 1006 4039 8660 3744 1560 2185 3674 298 3941 2995 9799 4172 1392 2253 8213 2512 1833 3166 1652 371 3331 5881 5428 440 7422 8022 4226 1105 4944 8329 1980 6291 1329 2702 3884 5110 7749 2869 280 3389 1978 
6567 8690 8143 6032 4579 38 2289 5722 1925 1319 5550 3140 8584 7436 187 4342 5116 4838 5773 8302 7311 9535 7268 1298 5134 2682 7938 9994 6836 2900 8352 6404 5512 4501 5682 5182 9910 6616 7081 8718 2309 3893 7209 1301 1121 555 8426 937 6901 2237 4446 114 1533 2253 2225 1110 88 9559 1925 2091 6980 2173 4200 4848 5868 1705 1605 
