91 91 91
4326 6735 7440 1464 346 8336 3639 1166 7197 2816 4612 959 515 5559 7147 1585 7489 6683 3761 8429 4306 1978 973 296 8961 363 3448 8712 1126 4364 2180 2057 2912 5393 33 2524 2524 8058 2387 1527 2319 2539 5440 6193 9792 5289 7334 687 2089 1850 5119 6072 7686 4801 7628 9166 3072 9705 9547 8317 7653 7190 958 9347 3507 7276 1968 7025 1526 9234 2231 4848 1610 1167 4775 272 6010 2642 6383 5788 5856 5915 276 779 6597 972 604 2661 9131 6614 2854 
1415 891 4114 46 2927 9302 1771 1929 6221 4459 931 3901 1872 1545 8128 4401 6459 6184 5688 7836 9948 9873 1219 6209 9842 2055 4457 3787 2656 1123 316 5133 5480 1190 4522 2351 8349 2376 3319 1151 4457 1651 9025 5150 6965 7912 8651 123 1397 2331 140 6490 6594 2157 1002 8001 2646 3889 553 4464 9847 6750 6309 7014 8269 7482 9187 3477 985 4939 7853 4854 9232 9486 1442 1165 7016 3036 7466 3919 616 9247 1920 9898 9510 1174 5543 1510 3082 4243 2305 
3400 9940 7187 7364 7983 1549 5409 9361 6514 6525 4712 3413 4024 3656 9089 4070 2608 4280 6169 660 7162 444 6748 9758 5634 2113 831 9106 1372 3496 4646 9717 2357 6566 474 9021 5299 4615 7494 2333 5195 6864 7108 1181 316 5732 1664 8834 7158 1260 5200 2230 1257 5056 8939 2182 8288 8229 7736 121 4853 8251 1346 3577 1730 7963 7520 5966 5137 215 8953 5254 6464 2473 7922 3686 561 7598 193 8582 4156 8666 351 1504 8583 5343 248 25 4216 2065 8118 
2086 7069 330 7085 2218 4482 1024 7830 3463 7334 4703 3739 3811 4137 3424 9229 4330 7040 3715 3545 5724 2780 544 9828 5836 4638 5117 8268 172 182 3409 5988 6628 6250 4564 549 7358 3584 3621 7872 74 7638 3397 1497 4344 5156 7816 4073 3441 7023 2798 4778 5365 4752 1584 5136 1890 9468 9348 5829 9463 3287 8143 5221 3508 4511 5503 2814 1616 2109 9217 1542 2387 2168 2062 8656 5988 5831 7543 1398 3709 2384 9973 1210 5508 69 6380 8036 9982 8103 3403 
3204 8302 6230 8781 4536 2478 6186 1001 8517 2012 2085 5088 6544 9675 6688 7611 7414 2072 7846 4416 699 641 9411 5846 3975 6452 9612 8003 3526 7442 7496 3384 4757 8691 3027 9803 4546 2536 4791 6211 5179 5751 3779 2541 6119 7352 9363 7610 708 8080 7491 8804 9092 5230 3660 5988 1880 424 661 745 9779 3852 9300 9533 7603 9361 2929 1970 121 4149 3381 2119 5199 2105 8775 1566 3806 4628 1643 3020 8224 7676 9233 4195 3696 4701 4095 8352 1067 1883 1854 
8959 9346 755 2326 8606 7164 4065 4599 4782 1769 2763 3141 9606 2783 1951 8563 4495 4870 4469 7765 5659 8586 6503 439 8545 93 9364 7268 9077 7322 4559 9592 5545 9793 1927 2033 5587 2672 2061 241 6070 4684 7326 7055 7791 1138 6031 401 905 7680 1193 5221 1169 8352 4944 5922 5432 94 6986 1201 1793 5306 9867 847 188 7005 13 2839 852 6354 7261 2252 579 6497 9815 2689 8506 7642 5645 9414 738 1203 2386 6979 8687 2503 2018 1510 2907 6225 2735 
3823 6438 3007 8166 7809 9960 6036 5579 6055 5245 1745 7235 379 1603 763 8220 840 4445 7567 2378 6469 4985 2469 7204 3115 3158 6745 2681 8659 3613 8179 6470 9248 9411 5493 907 7084 4251 6989 1237 7441 1652 7060 9055 7066 8675 1933 2304 899 2706 4562 3320 9861 5103 4332 8867 5802 8387 3981 8566 3436 4745 7466 8936 8364 6619 9587 1865 9517 1074 8127 7848 9326 790 6074 6141 2159 4221 3334 8923 1352 5492 9446 6598 8917 9462 5654 5728 3658 9340 8153 
6151 9753 5562 421 3239 1987 1987 8616 2562 8753 1044 1858 4267 5583 3955 7029 933 472 3215 4900 8696 4291 988 654 7999 8622 9643 2166 4058 425 7421 8768 798 2291 3395 4399 825 7945 4925 9166 7888 4858 5245 146 4195 3502 9641 425 8840 9609 7890 9507 7614 7314 7490 6184 624 3410 437 1845 3201 6513 5177 1341 8121 2168 9544 7380 2024 9684 1957 5955 751 8859 5509 4817 5307 8128 558 3850 8751 161 5303 1821 1761 7338 47 5587 499 5737 753 
7625 9391 5078 2591 1797 1312 1103 8552 3347 4411 5205 8372 8680 2222 7644 5763 3085 6960 5711 4180 5591 6529 9493 3611 8490 8827 1302 127 5643 6248 3875 3046 1776 5262 3516 6485 254 269 6460 806 7822 8923 9948 5671 4332 329 4316 1335 3280 1519 4701 2297 5193 1713 6011 8458 8415 8065 357 3391 2982 3246 7870 4212 8566 59 2338 619 6173 8322 6349 220 7436 7889 2737 9619 5107 4782 9011 7328 4919 3897 163 340 6961 5687 4945 1878 380 3002 4099 
2705 1917 3143 7873 3579 2546 5076 2299 7374 798 2353 6403 3143 4792 3619 1470 5101 4058 9016 1809 6328 1782 9935 9123 4830 9508 74 3364 892 4718 927 818 599 7819 3824 9996 4003 941 3407 9943 3747 3144 2848 6492 8534 4179 9038 1797 2299 1433 3070 7991 6151 6994 8355 446 1992 6302 5760 6407 2632 7755 1452 3195 3945 6751 8646 8778 2417 7859 3684 5182 8786 6450 360 8752 3179 8274 315 344 5003 792 7438 3884 829 4758 4493 8612 3831 5421 2202 
56 7497 5480 9824 1969 253 479 202 2985 5408 6115 8794 5768 2409 4119 4876 4813 2261 3413 8291 5127 1003 1672 9295 9087 1108 3449 4641 2344 5912 8123 9786 4406 590 7015 5846 8918 754 2389 3784 5627 8640 8854 9388 8120 8060 2180 7423 4452 3096 5568 2030 6725 3191 3157 912 9730 4185 1105 8761 7423 1152 4630 1940 4810 6835 2461 6708 8113 81 5188 8408 2365 1907 6869 4693 8779 9139 1199 1491 6149 6806 6380 3740 3020 6862 9804 9128 8260 7392 3614 
2502 9967 5407 7577 5233 6964 7029 1497 2703 9619 2662 566 6022 6592 4876 4588 8079 9407 2335 7716 4397 6904 8405 1433 6099 3176 1538 1855 8905 5101 7376 4273 7973 3815 367 5608 8862 4487 6323 1623 5320 1334 6512 2962 3301 1162 347 1399 3903 2155 3296 5425 7566 9891 484 3362 3276 9442 4369 7911 6727 8426 2963 9222 8713 8442 2508 2098 8627 3261 8973 402 4877 9489 6998 7532 4694 2158 6941 3953 6741 5549 2581 9739 4929 8828 4453 1570 2670 3847 2861 
6558 6316 4042 5617 3099 3598 2830 5966 1161 7524 9523 6780 3825 1366 1647 5444 5601 69 6024 1486 4523 9680 7032 8092 1922 8796 4617 3160 5534 3359 3226 3207 7088 4240 2045 5213 319 8091 8500 7387 8253 5553 9874 6929 131 8526 3984 6854 7344 218 6760 6601 5016 3340 7204 1530 3309 1783 3503 1153 2636 2095 3136 3001 9643 7916 4073 8799 8063 6460 4613 1687 9796 6440 4419 1444 2537 1098 8819 5841 7045 2683 8349 2698 6201 3274 4670 517 9237 9395 1228 
4976 150 4529 9664 1325 9544 640 1260 1674 3065 2268 642 4811 1769 4520 5150 6077 2847 8742 9066 7117 6980 2960 3483 94 3297 2385 9856 7110 4000 6087 5753 3249 432 6066 3180 192 6850 605 910 7674 5325 4316 1057 791 402 7667 9188 6795 9580 59 8331 2904 8280 495 5251 8165 8376 8743 157 8124 3937 6953 4928 3879 2618 3531 7633 8994 8892 7337 9195 3510 2705 5687 763 7207 3113 4671 9500 9966 3223 8625 5917 8238 9976 1636 2999 6544 8460 2819 
518 2281 5020 2089 913 919 6944 9719 2109 1974 2497 5790 6355 5423 3330 3212 9930 4970 3703 5463 6672 6743 5977 9576 244 3297 7767 926 8097 8750 3183 8056 8528 8824 3403 7299 3932 6648 8501 7077 5115 5978 5135 460 6860 1969 8166 2302 7108 6842 9032 6945 8607 3392 3241 72 232 4268 4194 1720 7897 8876 6127 8262 3289 6673 9773 996 1032 4324 7586 4636 3564 7211 801 4517 8626 4994 7119 8487 905 4830 2005 7603 8070 9675 9983 1018 8588 4894 6136 
7975 5798 942 3864 9954 8051 5777 4780 6278 4212 4480 801 2653 8859 9922 7091 7201 923 2177 5447 9157 8326 8247 9169 2273 2824 5409 7385 924 9870 3685 3718 8166 7911 8098 1479 2583 8912 4996 8417 7716 8703 2611 6563 5763 9534 4165 2589 8542 3901 1833 677 4657 6046 3597 1367 785 1556 4493 2828 1872 3974 4443 6040 7290 1075 6319 750 7390 7967 5368 3210 5631 4573 9201 3933 2008 8746 7655 5918 6476 6409 2676 7303 5142 5827 7132 8109 4571 6856 1665 
4943 7408 6828 6755 2434 645 2570 2290 4504 8136 3736 908 2543 4191 8792 3073 2933 5166 9205 7030 1431 3095 8021 3114 3349 3392 9597 7582 5276 9004 8366 7463 9835 5191 840 8514 6496 300 841 5601 1305 6790 2666 1259 6001 4605 8507 1872 4209 8745 4373 8026 1527 8647 4695 6863 4732 3440 8725 3580 5483 9391 6535 5130 2168 8020 2577 1415 7416 8231 1279 3363 2267 5433 3597 2456 2073 4669 6009 6174 5354 2281 3791 3914 546 1554 5839 6561 6137 5480 5498 
8605 1120 1532 4490 3794 2668 226 997 451 2830 2138 3820 2853 4882 7516 1764 1213 1004 4876 7008 3042 7363 565 158 6076 2367 839 3920 6105 2240 3665 4088 9111 8036 471 7754 7132 9550 4813 1954 8018 1298 5729 6857 896 7346 2308 4213 5447 4506 2575 2577 4965 3478 1473 4823 9482 365 3278 70 4535 4433 4103 8427 907 8161 7591 2079 331 4204 2996 7987 1255 3761 2018 6546 9671 9178 9282 1238 3637 6564 7311 4519 6820 1897 6151 5076 3163 9771 6062 
8840 2337 2876 2414 7275 9477 7821 1882 1526 4715 6129 132 9531 2040 5245 1826 7649 1240 6872 5806 8097 2252 1857 3955 2540 9475 4339 2042 8661 3516 7659 1050 7448 6878 5140 5693 7246 7507 493 7432 8108 5818 5370 7363 7531 1672 1191 1197 7437 6893 2400 4070 176 6207 5055 7860 8095 5498 934 6793 3975 9251 5683 5827 3534 9097 8722 9991 7568 2776 5135 1691 4968 8895 1587 3298 4463 55 1236 3513 534 4311 6929 5418 882 7282 131 449 4967 1208 2374 
5435 2681 3680 2342 6381 3697 5865 457 7197 8404 1343 2476 4824 5829 3726 5186 2036 4308 6794 5698 7858 338 6968 4678 8588 4380 6718 2285 9084 5613 6437 4089 4858 456 5755 3566 8817 5456 3509 9943 1827 6409 5797 2575 8749 2699 86 6903 6814 4051 9522 1095 4927 8107 1311 650 6666 962 8490 8119 12 774 6267 5658 6205 3 8878 9620 1092 4542 3890 1758 2524 2137 7459 4805 7100 8703 9123 8531 7734 4006 7402 2164 890 661 61 6429 478 42 7282 
9197 7163 3062 9330 2442 5501 5186 3797 4131 4683 9835 5655 9662 86 9754 7992 8660 8646 4128 3052 9456 5955 710 3757 3532 6445 4977 8687 2400 3961 5599 2943 7794 8604 4782 5423 4973 1354 1656 9184 9799 7447 3226 6411 9540 5855 2755 6751 969 4032 3223 7840 2243 7967 260 5753 4147 7358 4207 4064 8802 5832 7319 3221 6293 5434 2418 9588 5477 7110 9494 2100 312 3785 3466 4332 1798 5074 8836 7978 8440 105 989 7883 2029 3478 7162 1749 3227 3647 870 
1720 365 5198 8049 7614 4930 1419 633 5587 4716 4359 6194 1199 2129 616 8117 6444 9159 1831 1183 8824 7054 5314 6005 9960 7043 8692 924 968 8396 3390 8995 8841 2963 7666 7852 7543 6479 9471 9625 9750 3803 4213 1390 9364 2101 2765 6068 2707 5613 8135 6276 3339 8593 2303 8469 4067 9026 6832 6328 2132 2584 9726 6585 2620 1505 5049 1163 8909 8724 3888 8174 5479 9356 491 3522 3682 4753 6467 2521 4590 5491 7527 3643 5049 3731 6882 6169 3302 5245 9338 
687 4182 3613 9262 6129 1036 6563 1898 2286 85 3020 8741 9366 1326 4387 771 3222 2867 7706 8943 3657 1340 1916 6323 4209 1747 2295 8852 5086 4171 9015 1259 2427 6023 112 622 6060 5968 4525 9182 380 7545 4278 8522 3258 1865 440 4450 3553 7118 4247 5997 9488 5075 7696 4935 9942 7207 7341 4341 8769 1625 3357 3200 7501 8113 9581 2494 5128 1273 4308 3197 5029 5353 5851 7227 5675 9113 690 6144 4987 3017 1948 1104 2312 2338 5790 6800 486 9138 5168 
8253 5810 7624 7044 704 9935 3849 6165 6256 2700 9991 5155 552 3837 8637 7705 2570 4475 1300 9815 743 1607 9699 3518 5075 1361 5627 7002 5441 1145 3933 6071 5551 2147 7090 6234 1927 6098 4449 4115 9082 3539 71 828 9786 23 6842 699 6545 5290 8945 1366 9592 9225 1505 4612 1214 9009 7052 7 8197 1602 5775 5648 3418 2169 2356 3994 7228 3339 7701 2062 8109 8592 1312 7372 1434 48 5881 7394 2925 9817 8995 8413 6253 9074 8355 1169 8334 3539 5166 
7875 3788 3984 850 2069 9723 2216 7831 978 3378 8377 643 8473 8217 3153 3885 7595 9005 7528 620 8825 1238 4995 3273 4401 7034 4591 4715 2482 8042 1832 7243 6457 184 4424 1515 2091 5854 9402 7260 4175 4414 4533 9726 7270 3033 6436 772 2831 8435 5612 3722 6027 4632 4194 5150 3773 4322 5763 4044 6480 6376 3588 3090 6461 2562 3379 4904 5175 6310 9205 2964 5506 95 8182 6752 8228 2558 817 5754 8398 547 7741 645 2223 7917 157 6462 4871 4132 897 
4724 9030 6259 4891 9348 6898 5402 1068 6679 16 8978 2898 5699 6455 9126 6718 74 6554 3305 8666 6370 8313 1631 5049 9853 5630 8476 5560 2031 4512 5204 6948 1200 323 3834 1933 4423 7057 3121 667 7416 7555 7934 1925 6226 5155 3133 6030 4573 2501 8151 1205 2380 7541 8076 5610 0 7120 4192 2899 4713 2043 989 5356 5756 5250 751 9908 4800 656 9571 3074 6761 7766 3150 1232 79 4055 8547 1902 1108 5197 8850 6803 7945 3722 2253 721 9403 9750 6993 
6791 5766 2919 3314 490 437 370 5758 4878 1423 9877 6842 1656 6627 1501 6780 185 2895 2264 7389 4463 7341 903 3787 7077 1096 4275 5492 5187 6507 9055 6420 8269 7285 5102 5981 7295 5620 6988 3951 8189 4748 4982 1598 6408 3788 3564 8740 2457 2648 2714 6476 5083 8987 9407 6033 9623 8150 411 5463 733 924 5427 4662 7672 4404 3408 3429 3868 5203 6624 7719 6345 5931 8850 348 8398 5470 4204 6615 2233 3858 3217 2673 8461 5624 475 1720 1578 6496 1263 
5389 872 4620 7760 5768 8134 7866 1797 4576 4819 1880 7151 1764 1549 5867 6520 421 2070 1543 6485 9507 9668 9584 4631 5582 1147 8777 415 2101 908 4331 7744 8041 8380 4505 3120 1316 5836 3892 9692 5324 888 5948 226 9013 9931 1871 7965 3407 5683 5381 8971 7773 9885 8568 3690 3990 9016 4084 3227 7025 2153 7309 2394 819 4767 6229 3903 3822 1468 4476 3048 6761 9727 6692 8406 788 5345 8765 9695 3146 8478 7249 8975 9131 132 8481 1620 5603 5018 812 
6222 3468 6385 5678 6041 725 6670 8481 6743 346 4624 3250 2047 3626 2927 7699 4198 2551 2835 1861 9596 9722 8693 5713 1811 6230 7825 8716 9495 6680 150 3603 1160 4232 3948 1463 8052 380 3756 2385 2849 913 5507 8611 7652 2177 4424 6696 6005 4463 6105 5246 6579 3761 3597 9623 2996 3576 9811 8194 7887 1101 2721 8438 9995 5565 641 9943 8556 1693 3944 6305 4959 6589 7179 5761 2359 3832 7844 7865 6167 6590 5243 9682 6732 9821 4792 6520 5550 3699 5938 
7218 7411 2142 3259 2550 4356 8765 4026 5616 3841 4941 8755 7624 2577 405 1117 6255 7163 1281 5167 8254 8729 1266 1749 5605 3860 9135 7833 9414 3459 228 8641 7618 8260 4733 1940 4104 5017 255 2254 1064 8037 4431 9273 6578 7159 6815 4435 4963 5899 7646 5752 5089 7034 4931 6878 8616 7666 4296 6171 5572 4567 2645 3258 8396 929 3544 775 945 6152 1144 983 669 5896 7500 5993 7270 2350 3153 1005 7044 1721 2525 7801 27 8421 2423 3018 8523 9432 4427 
4864 2130 9759 4911 8690 7598 2965 6895 8020 2183 5769 3886 638 8758 8050 7944 2841 1404 1036 7060 3625 827 6360 286 8485 1157 8662 9613 5347 6728 5644 2888 4331 8766 6936 6586 5329 610 7610 9712 8653 3770 4468 1056 9177 237 4220 2148 6198 5597 3020 1537 1060 3531 8150 684 985 7529 6270 5678 1477 5041 8639 2628 2599 1275 6477 7067 2644 8667 3958 5612 9548 2222 2489 2561 4989 3325 8357 6390 2425 8472 5225 3183 6724 1985 2045 8729 3923 1332 712 
5965 3180 8382 8605 3546 9186 7614 5461 4758 7504 1330 8266 5 2798 8213 2966 8925 594 6199 9884 7921 4275 702 5802 4131 4986 1759 3990 356 8326 5718 9263 3617 9982 2457 9259 5640 523 2547 4755 7512 9540 4388 8484 2817 9566 4538 8457 8996 7287 5921 1903 3728 350 1766 381 5775 9244 3654 3631 6021 591 5072 6791 219 2995 9214 2973 8025 6176 4645 3828 5241 7861 8197 6041 9806 2847 6253 609 8820 3826 9624 9566 3291 2029 2121 1529 7299 4528 194 
8659 2531 1024 8601 2336 4932 7704 4358 4047 9996 9137 1676 385 9421 5719 1273 6228 446 2655 7132 6853 9133 8281 8292 8812 3915 9868 9985 5805 3792 289 4770 8478 9063 8148 5857 2688 1971 668 9207 4793 5271 3369 7586 3570 629 4352 3151 7623 518 5359 7694 1119 5773 41 371 6738 1923 1825 3764 7924 1001 895 1493 1831 6499 9438 5315 3022 4028 6384 5637 5253 6402 6599 9984 5182 5469 875 5544 5653 5224 9222 1605 5731 4480 6292 4418 6115 5698 4693 
1026 8708 8274 6230 3772 5069 6779 4290 3473 4297 4405 3095 1300 6807 3282 7155 220 7135 294 1237 725 6725 8879 9851 4269 1429 6169 4390 7528 9040 1452 8345 8919 7209 2765 8341 5791 4596 62 5821 3974 1447 5736 9772 513 9029 7720 5972 780 767 891 719 7478 1352 5562 2954 9383 8584 8320 1356 1940 1315 623 9059 2229 15 8185 3776 8967 470 8162 1474 7514 7696 2745 2132 7431 652 8316 7899 2826 8173 7501 726 3601 3340 9494 5916 3682 8463 56 
8153 6243 7919 6170 3156 3018 6955 3390 7494 1200 7743 8706 620 2076 734 6185 8048 3244 507 8690 8520 9792 4045 8687 1610 282 9911 7537 1719 1326 3342 4733 8097 4114 3728 9004 934 8438 2617 5627 543 4251 5643 7951 9782 5977 5948 7136 2133 4854 2725 1003 573 140 4002 1737 668 7804 7806 5753 1711 6051 7202 1132 2420 7480 9461 7571 9787 1654 1112 6931 6105 7832 698 5432 653 8021 3676 6013 673 654 7168 8650 760 536 1342 1188 794 5219 8763 
4423 4529 3648 9407 5396 1394 4614 6311 8051 11 363 7062 3154 5320 7369 179 8340 5571 5924 6698 8061 4899 18 3532 4429 8433 131 1462 5861 6747 9575 7844 8145 8642 8135 2355 3902 1182 4247 8792 9139 2773 6706 5625 2686 372 5767 3293 7025 1150 4445 9836 3601 6611 2139 8540 6887 7118 7382 631 6472 871 5952 8549 7521 764 4294 636 9281 3737 5580 6151 7988 1477 2785 6893 4441 4758 6146 9878 4640 1421 3812 5608 8462 1278 67 5745 5626 5260 1681 
5787 4768 8223 8742 3958 6893 3507 958 7313 138 3491 7414 2663 5087 320 9191 7578 5463 2198 701 2098 9800 3590 8769 3002 1206 9910 689 7687 230 1610 4259 4740 9803 6729 8284 2199 7714 1119 3359 1249 9621 9702 2807 5595 2820 5079 4146 4630 8244 9007 162 9150 2011 6721 6333 1788 9430 6437 6213 4884 4813 8406 2951 4811 5314 4277 4138 2659 9994 3916 3356 5844 7508 413 8976 3708 5208 421 339 8854 5007 5420 6015 8383 4907 5838 3930 579 333 6829 
4553 2362 5192 8805 7849 3616 8676 5264 8584 8678 4706 7239 8009 4455 6088 9504 7444 8202 3930 6575 6813 5076 5464 9123 9370 2820 2444 5669 2969 3696 979 7963 4006 1434 5267 2225 7801 3822 3919 321 1009 8214 9417 4457 5796 2300 2446 1863 6837 8552 2553 9751 8687 9759 5249 3905 753 160 8288 7739 6495 6824 6829 6205 942 3544 7058 6356 8348 7025 2118 8613 971 9876 2866 1322 5127 5425 5941 2822 4771 2703 9799 3617 4323 541 5180 4262 7073 4734 6838 
2475 3355 229 2484 7375 5658 9026 5109 3625 7767 9982 1687 7762 9519 8963 5026 3271 7390 2408 1090 9924 3317 1652 4661 6741 8766 5756 2403 7516 5033 1234 8586 5642 3333 5957 8413 2504 9908 9056 8441 6690 9289 1186 2471 2896 4904 1443 4382 5763 4894 4590 9542 1222 4977 8004 6864 9133 9240 9917 5046 9737 1010 1345 4265 4352 7851 2657 8546 631 4864 3712 3403 9199 7205 2345 5365 7016 5110 5504 4991 9073 795 2994 7300 1267 5602 6362 6302 9774 2867 8217 
8786 6481 6681 4406 7840 5484 3844 262 6259 6265 2401 3037 2619 6426 6170 2389 8807 9233 6945 9092 4647 9591 7785 2092 5457 4769 8767 4661 2039 5999 8714 7625 5547 8755 1551 2799 6889 1304 516 5599 5467 7748 6653 7015 9403 6528 9436 3257 8771 208 7807 9146 7299 1411 7147 1910 5446 6604 1572 7625 4311 9051 567 5136 569 874 6018 451 5914 2794 4175 2077 7298 9399 7736 1606 3330 1270 2089 8120 8582 9661 489 3744 7926 234 7997 9540 9981 9449 5712 
5066 4998 9176 5723 8667 7241 3053 8653 3979 1644 3240 2058 2528 5494 6959 2607 6229 6468 4778 6555 2006 964 3771 2560 2307 5365 7352 1731 104 2846 6849 6127 4649 2595 2426 7235 6101 2712 198 801 6751 5037 127 5549 7601 9793 5044 3322 9380 8962 7733 2471 5046 3006 8412 6430 755 9464 5265 1015 5408 2949 2269 3393 9398 6187 9888 795 3515 8909 3994 6281 4439 2366 1727 2332 8154 661 4873 2907 8864 4317 353 2339 2040 5690 3885 8701 6190 2722 2447 
431 6286 1967 5419 2792 9583 2495 1285 9878 5439 2515 9253 6315 7175 1541 5272 7262 1768 918 2238 5394 5863 9357 3827 9274 5127 2849 8113 5999 4988 9816 1258 4193 5185 8122 462 9723 4052 2724 9370 8075 2789 2453 3185 4015 7180 4643 2032 8597 6434 9019 1188 9204 1866 1523 66 441 5184 4977 6252 98 6720 7065 2097 3971 4753 8197 5839 5221 1476 4390 3534 8314 7105 6671 3701 6786 4766 5227 2382 4135 5667 3 5314 3466 9020 3356 2508 4893 7269 8279 
7638 2311 2333 8142 9313 3547 4393 4133 503 1701 6873 4556 6729 4190 4878 7947 4075 3960 9132 371 783 6079 9533 7152 198 2791 1885 7254 291 1723 5509 685 9256 7726 8048 9555 9567 6361 8531 276 8646 8771 8250 9922 2084 8748 449 2436 7817 5488 320 8581 441 2320 3260 9492 8941 2744 8713 3255 5171 3449 3785 9472 8349 3987 9469 1186 989 4967 1672 3085 4051 5144 2624 5362 44 4221 913 2831 9593 4718 5113 6104 7613 8359 1819 640 5696 6714 6425 
4274 2435 3400 8948 9803 8316 2280 4517 7538 953 4461 3280 7994 4725 8323 5021 3198 9678 4985 8494 1117 8896 1646 3367 9150 5890 3331 3790 281 8180 9439 2056 1183 7795 1373 3027 5658 4823 6911 8110 2190 2547 4465 3489 6036 6072 9968 2368 300 3495 7655 6545 8780 2533 6854 458 9565 9474 1078 2788 8998 9698 3883 6688 4307 5382 7810 139 9877 6073 4658 6501 489 8524 4849 3594 8653 9867 5704 9529 7623 4358 9673 401 1186 406 7949 5648 4650 4025 5582 
4235 4975 8657 3094 8012 7104 1176 1169 1415 1009 4767 5059 7126 8569 8259 4832 3059 1379 860 3358 6470 7045 1263 574 5071 1299 2301 6010 3921 2846 8277 3393 3637 6499 7802 3411 8462 4479 9151 8068 6789 3837 7803 7001 8649 616 7001 2088 1106 3871 5242 8077 7316 6207 783 2174 9626 9378 1357 7057 5059 8441 7787 1678 2771 6920 5783 6115 7342 778 2320 953 9905 9247 1122 9000 2345 9070 8677 1941 8913 8408 5092 1533 6946 3972 9212 8973 2766 9741 1813 
1538 8886 7622 8747 5264 757 77 5473 5755 4557 3333 6215 7605 2695 1648 6037 2047 2889 5484 2599 6805 7039 4918 7357 6702 3816 7871 7365 3310 65 2366 7029 2541 1312 2104 1246 226 5354 8526 4153 1815 4310 5360 9360 5695 6892 4475 3599 3611 6592 6602 6229 8767 6816 9448 2559 8746 4221 8566 8095 4730 4680 8211 2777 1626 464 9825 6122 6433 5245 3497 4515 9720 1640 9800 9721 5831 7896 9357 5458 4325 2165 4225 1237 3927 3987 4118 8927 7131 7669 3042 
4437 270 1270 2045 251 8097 2622 3555 4700 6003 8711 1990 8699 3128 1216 4525 4822 7361 2512 8119 3853 8654 3089 2332 6412 2291 6524 4419 2904 4103 1067 5689 7723 9101 5432 9101 2903 4966 4639 3917 1689 77 1886 334 1527 2425 8343 2809 6759 7339 6569 6947 3507 1901 4022 8602 1035 2224 3980 462 9771 8159 7503 3547 4797 3085 5301 8587 2438 667 5274 6124 2821 1717 6888 9806 2924 9185 1148 4018 1550 7523 7972 2457 1071 2904 9790 9765 8315 9016 4330 
5829 8373 1566 3987 2883 7018 6223 1173 2294 7748 6307 7052 1423 6400 4855 5809 3220 2105 6181 776 6632 5732 1238 3119 5321 8539 2365 5425 8483 7462 2493 8789 2478 5040 3010 4561 3491 2037 5279 5857 1903 9854 6345 1047 122 4777 958 9961 34 8961 9208 458 1073 6357 1867 9772 7566 132 2952 4624 8220 3265 8351 744 3578 5455 7947 622 7626 7863 6808 2200 2439 8473 6269 6450 1346 2897 7438 5682 5268 5899 6278 594 6419 8457 4080 4991 7888 3493 7868 
5627 9569 9334 7547 2525 6351 4604 3808 9609 6684 1314 5788 8419 1628 7824 7947 970 1717 5670 2203 5456 801 3528 4246 7221 9596 3003 396 5174 723 4278 7377 4454 3505 177 7468 5503 6602 2399 8802 750 2368 965 5921 9934 9633 4325 9335 8334 898 9769 5085 3949 6310 3691 1183 3369 500 7770 2779 4892 6175 2110 2674 8643 1771 3712 3503 5794 6272 1362 9546 8710 2714 1309 5604 1968 2068 2057 9995 6031 6229 8662 383 2926 3742 7989 4251 5412 1645 2346 
3174 7679 7212 1201 1559 9590 6346 1136 2798 1511 1630 3729 8521 2349 6819 5659 3119 5648 1225 9250 2089 5 3306 3679 3818 1668 1342 7900 1920 9418 4892 7468 8794 8662 5307 4713 6783 5401 4514 4004 9607 5122 5590 3830 6861 1730 4721 2124 5625 2371 1344 1661 2410 912 1643 9520 5855 5865 8303 7088 6168 9995 241 684 6166 2357 5583 943 9501 2 9995 9514 5284 5130 2298 1931 3887 4342 9624 5278 4794 1359 4137 5616 2595 7918 9067 3317 1959 3337 6298 
813 5001 45 9719 4507 4917 9950 607 9095 6195 9090 8314 2125 1982 3633 5211 2125 6479 9272 1725 5994 3469 6253 890 3651 9798 2818 9396 4039 5352 1226 2220 7401 5696 9495 9718 6998 3174 1261 1071 2866 7927 6058 711 1690 7689 7639 4805 6680 4617 4964 174 4546 9304 3581 5149 6919 2395 7198 3672 5146 5415 7632 4082 2187 3125 6021 6765 2426 38 1082 4843 348 4677 2938 313 3291 2405 7606 6684 3915 4627 3231 8359 7060 5270 9103 1653 1442 5655 3779 
1417 7015 4474 2117 8481 2232 750 7689 4899 8503 2977 4161 2332 2693 259 3636 5388 5404 1623 481 1970 2665 6103 1518 4338 6556 5871 8364 6219 4254 5217 5493 7731 1414 7536 6194 1478 5728 7066 5963 5085 7161 3362 4286 668 8132 7940 3748 1217 8250 9217 5903 9886 2020 9743 2584 7529 8985 4007 1934 5257 8609 4523 8373 9924 8531 3614 551 3230 9 2003 7024 9311 5903 5468 5747 9819 4833 4470 8686 8044 6133 611 4967 9772 6313 4199 5144 2648 9953 8073 
7698 1725 2647 2025 5296 2037 8930 4881 3009 3511 7315 7950 443 5878 7156 1448 6072 3359 9246 4496 4955 5468 909 1402 8957 6295 4911 99 2019 540 1706 418 3937 4662 2233 6502 6909 189 113 1198 7853 9088 254 5919 1822 8320 7380 8553 9125 6780 1320 3466 7569 2446 3462 2549 9089 7519 2522 9070 8734 1925 2320 4415 540 2020 9580 5091 1313 345 3484 4517 2327 3768 4319 7383 4608 4072 4002 7363 6182 7472 9956 5786 7212 9254 8293 2850 9476 2480 3604 
1063 7423 2332 4747 4801 4308 7090 5892 8568 9848 8810 4223 2373 5012 9505 8477 3406 4657 1029 7277 5274 9542 844 7469 2238 1395 6708 364 9751 5082 7494 8520 7649 6613 8566 4010 7881 585 8555 3356 4901 8912 4324 1858 3840 1011 8199 4068 8878 6430 3989 5221 1106 4268 3560 1786 5440 6589 6615 7759 5563 4277 5972 5495 5082 2764 4228 9171 9498 7250 9008 8670 138 5108 4260 8496 8395 6886 8526 9661 6494 3133 5804 2596 4772 1028 8222 9327 5885 9903 9025 
3888 3964 6611 6993 6819 7143 4863 8787 3521 8222 5990 7085 3794 1092 1031 1186 9815 2832 136 7951 3443 3816 9717 4206 7437 313 3542 6969 4095 1337 818 7678 461 6417 8201 3326 9758 8102 3874 2049 6249 2975 8391 3497 6486 3253 8472 3804 4095 3690 7401 1810 1703 7904 2179 457 4910 3652 6406 5972 2445 2505 3891 5281 8141 1812 7743 9041 1735 3773 3680 8462 4265 6984 6110 9855 5080 4646 8999 9500 431 868 4129 6066 3936 8741 8877 1675 7011 4425 6711 
7143 8469 2181 6759 669 5668 1141 266 9619 1936 890 2186 8282 8014 5195 3026 5399 5046 7309 3423 8956 2189 8724 2729 5083 5021 240 9462 7282 3493 5003 9248 2158 9148 6782 6 3320 4236 936 6411 9748 6245 3896 8810 6469 4147 2011 3077 6881 1575 8168 649 2446 7959 8554 6686 8739 766 5538 7645 6887 5508 7618 7863 6415 8231 5980 8282 4423 6669 8774 3138 6169 835 6555 6483 374 589 4589 1922 4421 3197 2293 6351 6638 2982 6479 27 3245 5510 1423 
4151 5518 2603 2537 8309 414 6628 5653 6574 1331 9715 5824 9026 2320 4359 9013 5109 3113 6395 9579 5808 7266 3409 3492 723 7452 808 8386 944 2513 3468 1203 5526 9657 8058 677 7988 7283 627 1015 2822 3573 7134 2406 2215 1647 5624 4614 9266 2610 7602 3206 2848 942 3814 2214 9197 5169 6947 6283 9071 8324 9886 1101 5006 6005 9186 7421 652 6299 4954 9133 5496 7517 9413 3105 4688 5884 9736 2288 9165 9197 3228 1792 5537 1697 5625 876 7071 5899 6877 
2069 3867 2020 2988 4699 1825 6629 9560 1876 1365 1043 4563 7710 8772 9976 9591 7101 136 7022 8586 204 6594 9601 4713 5501 1009 8382 2005 5239 1814 1831 8352 2170 3995 2316 2819 463 8331 3888 6302 2851 7084 7104 4106 2498 8649 3328 9106 695 2574 4723 2996 1445 909 5704 4563 1634 1247 5002 9176 5893 1423 4283 9362 472 9520 408 1658 1031 9359 1660 6256 750 4730 2526 9494 6061 7369 5723 3703 6095 7352 9997 6535 485 22 4575 4019 5953 1515 4524 
2932 3927 4458 8778 7536 707 1756 5851 3570 9365 9442 8038 627 9990 3561 1412 7785 4587 6918 4507 3981 1326 2834 8719 3977 160 4196 4233 2988 6424 9718 7370 3796 2238 1892 6859 8134 5444 4777 9669 4387 5898 6989 7226 3801 9385 718 8203 1391 7031 7522 1244 6426 1743 8500 2122 589 65 3014 2312 3645 1525 5664 3435 3542 4101 4564 9512 9235 2696 9641 7079 6435 1109 6784 7889 3517 121 549 9674 8352 2830 3249 9766 7436 9466 4489 4512 8358 7926 105 
4701 5105 5383 1562 7054 91 5033 2370 6586 3587 8559 2921 7875 1479 912 2926 4527 5215 6193 6992 8785 2114 9857 3643 5818 2489 5736 7607 6500 4054 1792 184 4343 3720 3727 4861 1925 6531 5455 2079 5577 1492 4304 9888 1597 1713 4211 2309 6583 2403 3377 2596 4174 4547 2521 5148 3806 1205 6767 6099 1054 8331 5808 3551 6830 8863 8106 6012 5104 7828 1450 6877 9223 3189 8580 5684 9422 3341 8392 3179 2943 7966 2522 2894 751 3006 2032 3929 3906 3257 1460 
6031 9036 2519 4128 6222 2272 140 5940 2697 1627 2793 2646 8530 6313 7770 4403 2461 19 5888 9404 5077 4246 2897 1475 1409 1811 3005 7797 2011 1208 7291 565 6310 348 1268 2863 6065 2836 8324 6444 9367 9236 8744 9256 3734 6794 8708 2815 1037 3734 916 5648 5217 9112 7416 9666 4783 3164 7189 6025 541 9260 7296 4742 6572 2190 2755 2932 1246 9188 9106 2238 4635 7957 6055 8224 5272 4661 5417 4515 8667 1220 3639 9033 3566 9715 2435 2813 9555 1657 7246 
7563 3577 291 9778 9373 9109 8675 4024 1646 6427 5547 9312 5786 5434 9191 5563 6680 1025 3934 2003 2045 4854 9870 1829 2361 3083 8786 7561 6306 3335 7763 8894 3063 3842 5572 6021 5131 5947 5202 5755 5036 6274 6497 6952 4868 7538 3816 4736 9964 7984 3129 6581 6975 4715 5698 8294 5625 9864 968 2033 3837 6406 4298 8712 578 3734 8289 2928 1061 7842 5004 6837 8096 9393 7355 6924 5293 1363 461 6447 9016 6077 6804 3460 8288 7699 7813 8454 1928 7765 6820 
5310 1036 2339 685 6032 5493 1419 8788 5750 3223 1773 394 4613 8789 2088 2831 5445 2323 5662 8892 9378 8855 5624 652 6485 9825 5616 8300 9631 5913 6098 5926 3302 7748 4519 1394 2958 4679 3287 9133 8424 8860 8925 8993 7916 1821 9244 4041 1410 451 4209 6292 1912 5476 8000 1573 4564 8513 7318 4628 8634 2359 740 8941 8530 8168 7302 6570 3673 6271 4590 9346 60 9999 7927 9239 3200 9587 3308 7587 3515 2122 4098 416 9022 5133 9474 672 2841 7445 9683 
8426 9237 2604 9289 8085 2453 6292 2876 8297 869 937 4915 7170 8708 948 6324 9180 8422 3989 817 8390 7342 9591 6460 3031 1872 7693 1785 3555 2627 8580 867 4568 1472 4090 6001 799 5458 1235 1638 5501 2091 612 1153 2222 7548 6250 564 7314 3675 2333 2638 9080 3369 6002 8017 8882 6852 4827 7679 5230 9935 6156 3499 889 1044 9745 6404 6413 837 6261 2974 7641 1168 7599 491 124 3350 6316 2730 776 1652 1904 4358 7731 5145 4140 2565 2146 8675 2087 
1172 7674 108 2483 3317 5554 3688 3632 8514 9944 6153 9411 6370 5785 6353 7057 2691 1900 1873 2209 8020 5297 3925 1735 7263 6572 1190 3409 2224 6423 150 2804 9281 2756 6164 5375 607 4278 6232 3249 6945 2478 4211 6853 1938 2152 7962 9324 7687 5967 9381 8689 1282 9024 7373 5857 836 220 6299 1946 5224 2715 2608 4287 5593 2061 2693 5663 8945 5599 3496 3519 708 1289 9929 1013 113 3307 3525 1387 4228 9367 4307 2228 2732 6295 2424 4761 7222 5955 4617 
5774 9420 3510 8177 5851 8987 470 8915 8447 5898 657 2200 8151 2081 1168 8527 5429 9621 3513 5347 4721 3219 3651 781 4291 7123 7269 2444 6262 8586 211 1971 7226 5897 1899 1075 5868 6330 141 3951 3716 9139 2146 2644 6545 4066 8469 192 264 780 8904 5602 4694 6635 9484 3843 4555 7594 7564 5577 4853 8791 4209 2723 2950 239 9710 2356 1515 8377 5147 1465 6903 9488 959 4342 3582 8487 6852 1183 9289 5213 1393 4016 6875 9881 9587 238 7719 4750 2262 
5692 7662 278 3269 244 9654 305 4057 9213 965 2580 282 7363 1964 5432 6245 9763 8863 275 659 4649 1344 6993 4077 8418 3126 5131 6095 2771 2882 2445 4747 8913 7411 6713 9211 587 1620 6838 242 6977 8716 529 6231 5798 6480 7780 1338 8975 3312 8381 9075 496 2118 117 5811 9639 1217 8886 7379 9479 515 3895 5146 3221 2027 7711 451 2453 5541 266 3088 3057 8907 8895 3240 6322 1875 497 1594 217 7234 2408 8386 7257 8555 6811 6992 4648 6111 5201 
4171 6198 3087 4734 3089 9757 2385 9284 9583 5856 534 1911 4366 4973 632 8332 2794 8495 2769 3380 288 159 762 7643 590 1182 8651 8889 9921 6113 4466 2533 1064 4217 7956 9726 4988 2333 692 4305 9465 5668 33 3791 3110 5400 6920 5095 8835 8964 9666 4007 1485 2198 5551 4634 1514 6680 7950 9502 6536 270 2412 4807 2593 9825 8016 1047 8974 9654 2419 9167 8838 392 136 5265 1172 777 2088 7709 3058 3497 2953 8677 1871 1210 2355 567 3891 8174 5497 
7391 5408 6722 6261 4069 1838 7393 3039 8423 7753 8718 7723 2726 279 5526 999 2834 4158 7868 4995 6069 2928 9827 2867 4631 1674 4102 8449 6970 7211 90 1103 2362 6298 1099 7015 8863 2751 9586 9828 6457 1814 3055 8593 9996 3441 5658 9982 4610 2948 4269 2047 9245 7223 7251 3395 1209 3669 7461 7060 456 7069 9455 8182 2654 3093 7726 6053 5349 7460 4448 9503 9357 3952 4756 8144 3374 1347 5836 3114 462 7151 8415 2772 6025 2508 3369 5599 742 7508 7368 
3584 7100 8436 7187 9137 2655 729 3179 8878 1046 9286 3806 3572 6061 5205 4214 2647 407 784 797 5940 9053 5308 5652 7169 1525 8473 3544 7506 8104 1771 6863 5909 5812 3194 8460 6463 4347 1594 5000 4191 4980 9918 579 6438 2665 8359 9583 6185 1048 9786 2319 6390 9245 427 6388 9753 2274 5247 8601 6844 6252 4736 2628 3344 9637 4217 9886 7461 730 6243 2342 5067 994 735 4125 7616 8403 8515 4295 9800 6890 9177 4837 6359 2272 4828 9806 5774 2968 9457 
2675 1479 7685 788 3355 8704 5691 7069 7365 7297 3622 9792 9728 5046 4226 8273 7857 4227 8160 6314 7026 4320 7908 4494 3439 9871 7042 5618 3422 3513 2693 7262 8670 7219 5813 7544 6931 6363 3910 2640 413 5210 1264 9972 5305 8001 8539 2348 8648 2038 1938 1762 7310 4060 652 9350 4594 9563 908 1611 8219 7302 4622 1679 3928 2612 1427 5357 4211 6156 6492 4326 5115 8565 7049 5854 5083 9586 2587 5274 8900 8233 3063 83 1124 907 5475 1220 4101 9627 4019 
4631 7764 2085 6042 2378 4936 9763 7351 6276 6984 1298 6711 4068 1748 5894 8726 4507 9626 9285 139 9262 873 4305 2512 1560 7644 4856 8672 6727 9066 8059 6205 8202 8852 3172 3478 4501 3404 9658 8264 4567 3502 60 4444 9392 4495 5541 8890 5158 462 8679 4895 3324 3222 5984 6740 1903 7038 859 9458 4935 1172 7188 5801 2593 506 5690 2192 695 5218 9754 1222 7813 2757 6539 6515 3907 2102 6369 8052 3114 6819 4946 5010 1466 7025 5765 7422 6106 2024 6555 
2451 4451 2455 3934 3059 4989 1702 4225 1992 6475 1006 7796 5612 6258 3929 704 2496 5713 7466 6137 865 4810 9508 8955 5308 5157 503 8338 8700 8644 4091 622 943 3201 8857 3080 5450 9766 9992 5573 4804 2289 6335 2891 3166 9522 7307 4840 4174 1500 4924 5744 7027 8115 2496 6917 835 2670 9124 9603 2945 8663 4024 3025 7909 6332 5284 6471 5782 600 9095 2639 1879 4335 5083 6219 1214 9811 3126 1270 4719 5549 9453 1178 8330 9585 7695 2031 8748 2112 6164 
1289 4901 9911 6336 8255 6630 4474 6625 5092 9068 9947 6985 7397 4019 2738 9024 1761 4482 3774 59 3997 3696 4139 2546 8783 1458 9871 7478 1819 7022 2012 3470 2923 367 7054 8229 6991 9506 2052 8507 3864 5500 2852 3461 7781 8257 5668 6449 1042 259 8670 6909 818 4161 4353 2904 5749 5528 7594 2468 3058 7935 6917 5916 1235 4113 3500 4122 8773 1619 1532 7195 6475 9874 6163 2983 6008 357 7869 1911 6756 2159 580 9871 3565 6250 72 8029 863 5811 1953 
9680 6713 3321 5627 552 6280 7263 542 972 9727 421 4476 3463 8371 1817 5594 3799 6149 1775 4893 7538 7711 9632 1030 5465 8291 3312 883 6975 8055 7589 6828 168 9409 5607 8536 3692 1930 3940 9912 8563 6951 1031 4701 7547 9381 88 3423 9768 2631 1451 7617 8428 2993 5909 8518 2661 6709 3222 3124 1957 8550 4741 9065 6367 3189 101 7301 9277 7216 6687 557 1768 575 3608 3236 5197 6363 3441 7695 419 8850 2130 2812 1222 4291 9796 1857 2243 2000 297 
7623 8973 4226 7442 3838 7921 5830 1130 9305 9338 822 5955 1478 707 4874 3012 7702 7915 8220 8870 3617 1662 1500 8851 7157 8376 2507 6715 4224 9344 1868 9530 4946 864 796 3429 400 5393 8242 1061 4455 3668 4175 8405 6268 6587 1762 5251 8984 6118 2479 8783 6686 3467 6629 2242 9885 4657 2816 1311 4184 6236 9310 468 335 498 2316 8897 4293 7393 3738 1054 4972 9860 850 332 3829 5936 2445 6460 2505 129 4880 284 8976 6409 6908 6797 6716 6190 3172 
7496 6833 8553 6829 5474 9818 5142 7723 486 466 4595 5793 7764 4935 7153 3380 4236 906 157 7701 1408 2223 600 6475 6758 9320 7669 1538 2730 9932 8704 6911 3926 4036 3763 9845 289 505 2764 5263 8770 3930 8219 1159 1884 8646 5659 446 7231 9241 3299 2848 9010 140 9820 3203 4876 8617 4463 6787 4597 4795 2884 9836 2490 6802 9031 3100 7523 8143 5464 6971 2528 7223 6529 6938 1747 227 353 7640 7987 8326 646 7106 1473 7025 4978 5520 4716 319 8309 
5052 8707 6100 254 400 7618 8924 7058 7919 372 7458 9094 5201 7758 2167 9385 6853 9745 7623 4231 7757 4980 6094 3671 2976 6373 1314 5491 2867 1154 7563 4216 3249 3925 5973 5200 5236 5051 9093 2285 6240 4373 3804 8358 1908 8601 3901 7422 6447 2278 1749 617 8766 7002 5047 8685 4638 9344 3033 4616 4165 1695 6373 1259 5641 3027 8442 9542 4367 6816 540 2142 2938 1197 6165 1796 9519 9997 145 2884 3190 5300 1014 4054 9159 5340 3110 1956 457 8714 2721 
6708 140 3330 4812 9356 9114 8493 124 2374 5642 167 7126 3461 3840 4444 6199 6425 7834 1289 982 3923 7749 6786 693 9694 2730 5274 6715 428 8704 2731 1644 4816 5283 5179 2876 8376 986 869 4761 7262 3575 2791 7955 7859 4136 494 3424 791 2606 1173 7518 3382 901 6538 3317 2932 3444 7898 6699 5327 6312 3762 3486 2079 7306 3518 3770 1201 9045 4770 4620 8967 5585 9515 1788 761 260 4195 8462 3872 7542 4015 4877 9352 8425 6180 7684 2305 6695 1919 
729 3762 5018 8478 8492 7555 8248 8468 1236 7530 32 7511 5842 9562 4374 2398 5517 6852 3513 7648 3760 254 9008 854 5805 2984 5076 10 6736 6725 6140 6601 4106 6071 1541 7216 5603 9621 332 6721 5349 8456 2447 1945 7269 733 4179 5904 6682 5654 7897 7920 6626 2586 6787 4608 2215 7888 3300 9892 1403 7885 7140 2559 1435 3725 6135 8464 2773 2135 1945 886 5412 7659 8655 5053 9212 9061 7165 2707 1175 9132 3517 6884 1843 5846 8925 544 1226 6666 5747 
324 794 908 6385 928 9533 9987 8713 1044 9656 7561 4387 9286 6816 2724 6381 6829 9236 71 3507 3695 1857 8013 1978 5870 2182 6474 465 3819 2257 2612 6622 609 7097 3065 3466 1250 4077 262 4690 1732 2632 2837 3913 7623 5173 7348 7658 2461 1650 8997 8235 8520 4898 3769 1157 2966 4124 9742 1396 8004 3390 9617 2917 1449 2328 3216 3903 50 1738 7028 8937 9876 4965 1251 2199 9690 2662 6238 4282 6848 7076 197 3049 2554 1011 9216 4386 2946 1635 6189 
9719 8391 4699 8589 3924 4387 2547 5789 2997 6589 7539 6277 8581 3442 4038 9004 4083 7672 1619 5252 6527 3687 7589 8024 4342 6271 5886 5205 5138 7336 7593 2442 1333 5866 1890 3357 326 4750 6322 1435 5439 1203 7598 5456 9994 3072 8466 2644 2790 599 538 96 6540 7071 1874 9498 972 9883 5905 5840 9292 29 4180 8600 1933 7160 8415 6761 4641 5869 2939 4276 1311 4215 6900 4077 498 6292 8036 2052 7650 5120 1245 6456 38 5959 4642 270 9069 7145 7148 
5962 3041 2606 3472 618 118 4174 4321 910 8502 4034 9476 9554 542 186 8605 2687 5565 3256 9701 9046 5257 9694 453 5203 6809 7266 9404 1333 6642 4963 3287 3875 4345 8054 5458 4459 4053 4315 6718 8312 7874 1497 4289 9353 1752 2061 7888 9305 4720 8577 8038 230 7843 4020 5781 3520 8819 1522 5358 12 1858 2164 5221 9321 4415 1993 2734 516 6 3074 7221 4729 5300 5701 491 9596 6512 5456 5025 2617 6461 20 7548 8670 4884 7320 8911 7248 8516 9777 
3350 2411 6104 5566 1813 4916 8045 9172 5336 883 6836 6858 4842 7379 7985 4752 2145 7881 8703 7565 3360 4823 5203 8570 8665 4417 6052 5657 1856 5976 4391 2246 8250 1101 7575 6717 251 3310 2046 2833 306 6812 5077 1550 8530 6856 7718 8587 9557 231 215 5157 1995 4830 311 226 2604 8605 5615 737 8600 3096 9804 8424 9013 5418 6518 6563 479 7379 4394 6078 2048 5109 3510 152 8937 5370 3963 3037 715 5191 9563 7294 1546 9478 3015 9290 2049 3343 9457 
6114 2517 4176 5153 9110 8866 2566 292 1799 2207 2325 6457 589 8865 3812 844 9459 7738 4695 4223 4145 7146 2073 9011 9783 2955 8729 4407 997 3847 2000 3152 8538 4737 6330 7594 8629 2640 7373 4181 4350 2229 4924 6314 3872 9424 9896 901 9657 9665 2660 6605 9742 2937 4841 3908 1340 9806 1464 9961 3162 5781 4608 4654 2895 7987 9079 4433 1255 3568 124 3215 2419 4473 7538 9258 5642 1385 5757 4785 4301 8145 470 8062 684 8826 7468 9780 3721 3917 683 
1774 7160 7798 1628 1376 7824 4119 9199 430 3583 1758 4887 816 6818 2109 1667 5397 7004 4890 3749 9610 6933 5896 3431 8255 4213 2183 8848 1040 4487 5140 6431 8308 7885 9574 3385 8613 7743 195 5902 7480 1558 2953 8433 926 3037 4444 1314 9754 2695 5818 3585 8720 5652 5851 2584 9049 7368 4490 3204 1665 8450 8469 1521 8514 2252 7749 919 9396 3507 9638 5105 7722 8235 8188 1198 8787 4811 2471 8213 5437 3819 1403 3007 5698 5553 6637 6410 6412 6298 9183 
9503 9686 3952 5703 8235 7221 9534 7924 2423 1789 2620 5302 7366 3724 4197 9529 5001 5542 5218 8657 1471 7195 7963 1224 16 7143 5948 6875 3436 249 5941 9805 8666 7634 56 979 2911 384 8857 6156 3300 9856 4216 7273 9661 6339 8778 8243 9311 5005 1127 7410 6215 6222 8345 6055 931 5301 8622 8130 40 9211 5552 3529 8906 4091 1411 2850 3489 8725 2443 4465 599 9560 1376 5043 8939 5203 117 664 3108 4977 7091 5679 7263 7815 466 1639 5929 1572 69 
7051 9271 6787 8393 3493 167 3436 6501 1680 5331 7261 7838 9996 7599 4344 4281 2742 6694 9559 4902 4604 6475 8703 7214 2201 2914 5180 1133 3920 3230 8542 3903 905 4048 8879 7119 7092 1651 7364 1260 8076 4419 3855 1128 8321 9089 1993 7318 7502 5946 4854 3801 9681 5012 3852 3976 2561 7406 8436 9286 3957 5755 1574 1078 3020 6285 1445 8719 532 2107 8247 6441 8844 2218 951 6434 8951 7300 3058 1279 2522 929 6776 4623 9327 420 5719 2276 5026 758 147 
2814 9601 3345 2867 6507 2298 3624 6122 4922 799 2854 6773 5760 9961 3741 426 7929 2791 8071 4845 2381 4913 4013 4936 960 7378 8654 4144 8361 7548 692 3586 1999 3692 3773 3330 1565 5584 5290 9347 3499 6080 8814 5956 9595 2421 5783 5864 9131 7936 1314 4050 6854 5664 3064 7859 4289 8415 2228 9509 2519 5938 3534 157 7923 5956 793 6380 9712 3335 3022 2640 53 80 3175 9425 4206 8803 7209 4753 208 1369 5680 6379 3517 8672 8563 4507 9719 5760 1398 
7379 3794 9793 4457 2006 7850 8985 550 3686 1278 7898 1246 5573 8608 6101 3173 9481 1619 1616 7298 3354 31 2794 7065 7309 5966 1391 3634 2330 980 247 596 1543 6704 9807 7288 4251 2436 4071 4016 1316 7727 6693 3364 4800 849 551 5701 5451 6080 8690 7556 6605 93 1972 6358 2138 8775 3912 817 7867 490 5678 9066 1411 5896 5267 8953 9337 2022 829 9780 6936 6774 4529 7575 8567 1684 8861 8874 7604 9967 1437 6549 9821 6203 5251 5137 7637 8188 3469 
5619 3575 7338 5434 4519 8041 2652 4386 4857 8647 7844 345 4518 6651 4713 7941 4744 8672 6300 7532 7046 7246 9834 5300 1436 1225 4125 8917 8625 9640 4308 9613 9608 5195 6117 8430 4042 6695 5958 9027 537 5835 1107 2465 5073 6681 5232 2387 8124 3725 124 8838 9090 6147 9370 2607 7854 5843 6715 9220 9368 4658 5462 2746 997 5436 2944 8449 791 1995 288 8075 3977 6588 5418 4081 4309 5503 9410 4 2494 4513 4002 1079 6143 965 2042 5429 1392 2246 4228 
407 7740 4262 3251 2521 7647 1687 7422 9332 7376 6684 8140 8162 7572 9331 6704 8877 9360 8629 2483 1456 1774 7699 3780 7755 3638 4566 2419 7063 3700 5602 4978 787 4619 2237 8525 7092 7259 1987 7100 531 2069 6780 1281 3973 4214 1787 4282 2507 4797 4655 3216 7220 2107 1223 8906 9555 4303 8434 7679 8869 2073 3082 7454 8924 2952 2250 8806 3645 7938 8815 2773 6210 4974 6785 7913 2819 4156 2376 7439 1291 3372 7808 7952 1983 1558 5864 875 9954 5255 6939 
5133 9010 456 9977 7465 4656 268 2785 7553 7247 3879 6274 3785 5361 3189 3932 4181 1055 250 1382 9916 6837 8848 6813 9060 4276 4075 2489 2488 3734 2729 8088 2063 9574 5335 2116 3769 6811 8577 7596 4158 9521 9246 4105 6908 3904 3407 8034 6207 8636 4438 259 2208 3047 5137 7648 3850 9164 4641 2229 787 8553 6260 5510 7881 347 9273 9201 8350 520 4934 7588 972 9325 4093 1073 2663 5136 117 8477 6508 1408 1160 1399 3991 6006 6641 3576 2729 1452 7483 
5941 7929 6119 4728 6182 561 7831 1099 5607 680 2951 4386 1790 2792 6681 1716 2794 2900 2880 2959 4724 8589 1134 4540 3258 3230 1316 5830 4021 4970 5402 9989 8644 655 4380 5023 1160 7318 7723 5318 5845 6337 4912 6996 3358 3094 9577 5581 8836 8091 7863 2143 8297 3080 8576 4842 8361 8896 6767 3068 1872 7205 6796 6830 5310 8858 5663 9520 6278 2407 469 8767 8473 5342 4198 4306 481 5157 4511 5441 2844 7615 5791 7230 1840 3942 3424 1471 7628 2554 4841 
3410 60 8233 3227 4728 2172 7720 4043 2930 2800 2945 7076 8452 9936 1150 8927 6613 4869 8322 7080 7663 9498 228 1040 4857 5281 1228 215 5909 5220 9620 6452 6577 660 8369 2385 8521 9120 4600 8436 2041 5292 2519 6681 4582 1129 7315 8448 513 7763 2162 6717 8980 1595 8029 4582 2125 1965 9293 5431 3370 5784 9711 9835 6177 8171 7008 4770 5256 7825 8274 1866 2410 3820 715 6190 2542 5558 1626 7846 9500 1022 5105 5277 7552 8400 6947 3642 854 8735 6532 
4678 5905 9820 5731 2278 648 3418 4166 5486 9980 2852 3477 1176 9485 8076 8977 7692 6243 6617 5001 413 4321 2781 5440 1799 8110 3394 6707 8440 5253 8319 6249 1997 6870 3671 218 1486 6360 4640 9031 2613 8224 5925 9253 2825 8696 25 7826 9391 3073 8724 9003 7769 2837 8161 660 3820 4277 2542 5790 3804 5621 916 2397 7278 223 4197 8388 9668 5840 3659 7581 4586 3710 7937 9588 7304 4717 2802 6628 4749 7985 5525 7471 6353 5297 8044 1590 4627 2418 3289 
22 8349 183 5805 3840 1263 2830 517 7002 2517 8712 8728 6678 8191 1171 2604 8481 2453 2741 4824 8064 1300 462 6 6527 788 4009 7723 6755 4044 409 8985 8700 3497 8108 4003 4006 6638 9711 2643 2538 5835 4191 8873 4644 2319 7644 2992 3134 1263 7245 6771 5584 3715 6337 3947 2680 5603 3835 2434 4975 5506 5797 8319 3602 6547 9879 50 468 9793 6092 6794 9690 3341 7146 1927 0 5452 1906 6465 1413 7168 4296 3747 5928 8265 6127 8593 7470 4963 7506 
4738 1988 968 1813 8031 5883 4722 9055 2974 6597 6058 1975 5043 501 3079 4121 120 4124 8023 2494 1268 3863 1330 3428 5451 5447 894 7935 7207 8547 9219 5338 4522 9259 8403 7668 7979 1868 4205 2521 8927 7337 5507 5127 8164 4666 8040 7253 4701 2087 9560 9386 7237 9415 2035 5157 5400 8119 6997 2332 4466 5445 3391 1020 6138 6581 6896 5349 5461 8529 8047 3182 7766 3824 2154 3483 6896 384 4396 8713 6431 164 2227 8237 4137 1617 1551 8234 9433 7873 9125 
8390 1780 8994 9348 186 1090 6281 9684 615 3284 6486 5393 4146 803 9726 1915 2412 4245 4543 4411 7896 2719 12 8606 3115 999 8937 1252 3627 2365 3482 6198 1552 8830 1136 676 43 3716 7438 5345 5777 9944 832 5991 4363 604 9395 9476 2987 613 1772 626 2681 4989 2387 7257 3067 6474 3887 6470 8839 1169 9214 5432 3727 6581 2451 9175 9 7115 8743 4189 8974 3858 7168 8730 9002 5868 6726 4345 3924 1316 1516 528 3597 1431 9679 9436 8169 9572 483 
8795 2786 6910 4503 2643 5933 6148 1286 6057 7308 177 4917 4125 3417 1002 8579 8434 3291 8450 420 9468 3600 1057 8628 3007 347 1318 8232 7830 4096 7950 3829 6652 4106 5185 6096 3946 3626 8845 1546 5735 5791 1236 2308 5027 4942 5781 6306 3342 868 6635 1943 3922 413 4118 2872 6998 2534 6713 7356 8235 6301 8464 5241 6333 3475 8445 7051 4472 4034 40 8470 1689 1950 515 7614 8659 4904 3504 7686 1416 3754 2764 3672 5221 8414 5259 5224 6373 3180 833 
6574 1899 2432 7306 3865 7629 8620 2857 2418 970 3312 4414 2993 8213 176 8712 3869 6289 3302 1322 4658 2090 5764 393 4422 9403 7543 5226 3722 715 1265 9260 4925 4319 791 8959 7473 6355 4654 3328 4683 8265 4241 521 928 5514 5299 9137 4144 6836 6012 203 2871 2702 2418 5414 610 4771 8788 8291 6368 1903 2938 500 1910 8835 7230 5549 2025 9800 1862 8204 2082 6439 1687 3290 6962 3314 1170 1412 7975 6028 8791 4804 3217 9568 595 1262 1025 6354 6600 
2565 2086 7411 4021 8078 8212 4414 4576 200 1455 3252 6619 1853 6221 6212 2839 7553 3942 6157 7505 1325 5246 3544 99 1133 1562 1588 5603 8263 7818 6546 4045 9469 6346 4230 4820 7993 8198 2911 2820 3350 7396 7098 6241 3997 6529 3364 9484 5492 5754 1924 2566 6222 1923 6314 9269 7833 2874 9602 8804 465 9974 9148 4176 6802 9395 8845 9006 899 6312 4074 3210 2426 2384 9303 7770 8779 7299 1862 7520 1736 5115 5788 3512 2755 2703 5203 6341 8377 1353 7077 
7985 2309 6800 7608 2950 1059 8399 4063 5178 4947 9909 818 9674 7772 3227 3940 1578 2839 210 9182 8504 1535 6623 8139 2917 2689 4737 1646 2219 4907 1715 4103 1418 5272 2508 2189 5298 6277 8166 3389 7896 5305 9902 4316 1964 9399 3903 9170 7740 2898 3817 1217 4699 3054 6361 5875 9150 3682 2559 7310 4479 990 3562 6131 6000 7647 6899 7841 8846 2231 5604 6330 7362 8338 8843 5531 7864 8704 4130 2393 3687 3450 6926 1639 6948 9039 4124 3924 6431 3288 9441 
2923 2822 2471 564 6959 2597 3437 2128 6994 4728 5281 396 5067 9447 346 8898 2622 5754 4905 4835 5342 459 2806 6146 1045 2060 1752 6135 7351 1089 7908 8163 9159 1537 9183 2893 6184 8268 8716 6830 8634 7538 8220 5146 666 2653 923 1121 47 7174 8176 4395 7573 5026 3137 9365 843 6465 4283 9304 2693 6037 3234 638 450 6190 9611 5224 4628 1129 9625 7210 2944 58 2246 7759 1316 279 3429 6313 6948 6608 1043 5138 678 8503 3184 1370 5264 8169 5092 
8069 702 2577 9394 8085 752 4600 9981 5116 104 7733 7005 5849 6040 1140 2742 7717 810 3888 8804 3222 1295 9987 2067 5064 3556 5815 6763 5185 5255 998 1505 5940 9632 7516 8661 8537 3018 3413 318 9768 2500 6064 9891 985 3999 6124 2212 7503 2616 7187 9762 4607 5342 3575 9668 6283 4541 6046 8900 2138 6008 2600 3967 6681 9144 7523 4031 3239 2293 4791 7834 5996 4892 84 3694 391 2413 7255 9233 1232 708 5945 4970 8164 6553 3541 6435 7966 8612 5768 
8019 4994 7288 4328 5882 5185 7076 6610 6052 8753 3168 3773 5668 3792 8239 8224 5056 5294 9843 4963 9981 7662 2740 2705 7377 711 3514 6487 2940 9658 5647 8172 534 3059 5110 4993 6724 3373 2389 1722 6999 9563 2592 3245 8458 2310 5910 2891 3166 3203 3647 1836 5388 4144 7180 5623 6672 5570 1271 680 5279 7007 693 8808 566 4568 7387 4751 431 1999 8428 4384 8506 6738 189 327 4279 4162 8231 9049 1633 5480 5291 353 2815 2362 3309 1429 586 3416 644 
6835 7723 5267 257 6244 8056 8724 5061 6013 7447 2812 5564 3817 2146 1646 4365 4281 2915 3516 1719 4817 678 6521 5783 1205 9660 7650 9901 854 5920 4794 9389 7538 9319 6277 298 6953 7390 7658 6158 6310 5942 5433 8790 3527 3969 289 9441 329 3407 9060 9364 6589 7471 7498 54 6275 7506 9141 8337 5450 4686 9040 4828 8214 9154 9089 6020 8730 6450 7061 901 2779 5736 4746 1650 741 6024 2853 5933 2050 8789 2192 5846 991 8691 7161 5421 424 1751 7723 
3752 121 8222 8034 3760 5200 4939 4790 4776 2951 8861 3156 95 212 2692 2854 9416 1786 2070 9358 6738 6941 4383 7632 5131 9720 6008 5843 2963 3830 8219 3182 4700 708 4611 4976 9495 9308 6584 1366 5901 2181 8449 4427 9337 9349 6059 7796 7338 7533 3534 4409 4708 1069 2069 9796 4167 1187 6616 6452 5237 7245 9079 2985 1955 4505 9238 9248 1388 4702 9193 9799 740 9082 4403 363 6876 9859 5961 1500 5636 9409 2149 126 7777 9612 6383 9062 4820 8718 7659 
3648 795 8359 531 1966 5755 9079 9983 718 8422 6034 1058 3911 4149 2571 4430 8536 4788 4070 6086 7030 8383 9260 842 371 2252 1032 6655 6708 9550 1265 6487 4108 183 681 7968 7854 7848 5507 4382 134 1669 9223 9770 9481 7292 256 7434 4001 1211 715 4830 8466 537 603 6530 6131 1443 2815 1548 3943 4823 1987 8961 116 4790 5421 9609 7209 3538 8262 1307 3101 1793 9252 1690 2716 2888 6713 4851 8412 8839 2912 636 968 7313 6898 2972 7176 2908 4858 
3453 4368 8088 8408 9535 7059 1903 582 6225 6902 1703 7688 8598 3145 5121 2529 567 14 6788 756 3881 195 8068 1742 8678 9859 3641 6265 6172 2334 9024 9715 6264 8698 8225 7915 2049 5582 5488 4405 7554 4928 3769 9036 6856 5974 4202 3756 3255 522 7502 6358 4192 9488 8752 5012 825 3852 8881 9047 3899 960 176 4292 925 7547 2412 3465 7817 9991 8136 9688 9885 1388 5414 9873 7694 1124 1896 2110 3473 8180 4911 2863 4651 405 4702 2604 6822 4320 1966 
9555 4381 2643 1513 7122 1651 4382 9256 92 6414 1866 9422 6322 3462 628 5968 3201 8483 4962 8226 5305 9791 9440 4705 7084 3502 8526 678 275 8303 7518 1072 3366 4731 8207 6567 6238 5912 4451 3004 2378 1849 4311 2778 1081 352 8257 3996 4373 2290 1604 9103 8048 787 6037 1454 9709 9281 8376 7578 7066 4628 9767 5068 2362 3007 6420 7963 8676 5505 1052 3587 3297 4709 1991 7288 2939 6533 8781 9602 2843 5996 1113 5178 9276 4335 6666 8868 8913 2724 3409 
1846 5200 1704 3343 4428 4945 5133 9300 9074 525 1339 8071 5918 6316 9944 482 8267 2481 2425 5028 5062 9286 8235 8509 664 9353 2206 1920 7305 2286 1762 9607 6679 7561 3709 3702 6242 3327 2327 652 3924 398 4627 5188 5149 3012 8273 5741 193 8303 3176 8360 6781 4076 6082 2857 2222 5613 8713 9479 2937 9210 8260 1586 6834 8576 4306 6593 3732 8622 4191 9016 5212 6079 6369 7393 4970 8349 3847 7892 4912 9446 7213 4064 2299 915 3437 2683 7928 8031 5154 
3584 8375 70 1838 7875 1838 3119 2144 5108 8267 6812 719 8299 9628 6641 9222 1487 7236 2552 882 6367 6557 532 3691 8177 3641 5062 4150 1195 3796 1751 3837 7022 8503 2476 5318 4552 7345 3281 5048 6690 9833 2263 3164 2536 654 8232 5976 4997 473 3439 3544 210 1266 2285 4187 4789 2767 6707 4488 4054 186 6110 8954 2296 5738 3071 3026 3148 7847 4067 8102 404 1009 7764 3306 7859 809 7437 8895 8920 2829 7464 1472 4075 1977 418 1152 9144 6298 9623 
514 6301 5871 5013 8518 533 1141 7331 2351 7884 8960 3776 5562 5110 8600 6303 6870 8425 4540 7289 8390 3083 1292 5894 1427 802 3046 1220 2374 2628 3567 2824 5115 9066 1333 2349 7853 2720 7292 5734 6589 6230 5536 8592 2350 4682 7918 4992 9740 2792 5978 2354 2242 1768 1301 1560 6809 9708 5691 4326 9269 4713 1864 9223 6614 1832 9569 5445 5012 7656 4289 5244 8154 6852 5966 1503 1249 6856 9770 4971 7562 6273 3315 4811 3087 2913 1306 1042 3432 6925 6909 
5013 2138 9407 4408 8820 4934 7675 3199 6762 3570 3134 547 5436 8554 5129 9935 299 1478 3130 6852 7554 8185 3318 4427 9060 6893 2209 3590 8552 1810 9069 8798 7718 4011 3672 9116 1368 1765 8419 9063 2855 9071 6089 2547 9173 3271 2536 630 326 2690 1875 9701 6819 8602 7058 7909 8642 3314 383 3375 8176 1163 5483 5953 9664 3538 702 7843 1720 7871 288 6006 6987 6306 9992 2720 9593 9829 80 2632 6858 7525 1078 5784 4925 8116 9374 7664 7037 8373 1268 
9741 9499 8645 796 4234 1418 366 1246 5540 230 3496 9016 2378 3254 8976 728 3886 9272 4134 6723 7009 1885 2286 8511 7805 9265 3486 7334 2360 498 6706 1521 8742 7367 7448 8343 2279 1397 2729 2206 146 5185 5643 4797 5766 2329 7568 2178 1840 225 5302 6819 7024 2438 4727 137 5890 8533 7222 2187 393 4101 451 7552 5693 5490 8402 8070 1955 3005 4683 3908 875 3041 324 5025 9935 576 7120 7568 1924 2696 1690 5534 797 2689 6885 6811 4226 9540 696 
6630 9618 3488 9556 7338 9906 2881 4069 1650 7461 1202 2764 9626 9536 6774 4980 4944 3637 7994 5572 262 7500 7165 3667 4242 5442 506 3598 3297 8488 6768 684 3863 2323 5440 8810 3183 3501 7329 7548 2289 4387 9740 8651 6688 644 3910 9966 6638 3462 915 1548 6134 4475 5615 7517 4181 1532 3110 9260 4696 9156 5955 3443 9059 8710 4435 7525 2755 1275 2680 3889 542 7192 688 3797 5223 3352 3323 422 7223 7583 8887 5487 7806 624 414 2752 471 6915 6789 
7648 2615 6011 1352 9153 2508 1138 6569 5984 2329 6116 8711 1359 5266 329 6967 404 8421 708 6673 9741 47 4714 3983 4801 3231 5360 4266 9758 1870 7679 5123 5492 6459 9533 2707 4722 5871 8177 2891 7628 6520 6627 6125 324 4103 4136 7282 2177 6928 8263 3979 3361 1494 1946 7251 8784 5384 8750 1091 589 7600 445 5588 6570 4105 7791 9844 5910 4967 2766 9121 9117 2066 3730 7057 8778 1040 5119 4593 9061 1681 5075 5516 7960 4782 2399 9463 6060 1761 1333 
5401 4245 7853 177 9052 7557 7841 6763 7089 5280 1564 3369 6884 4952 7974 3034 5850 9988 9549 9030 7109 9834 6749 9045 7292 4040 6026 176 9953 574 4287 3296 1714 5668 3608 6155 4145 466 9387 8479 3119 1433 2885 6868 5968 4657 9345 8262 7532 8810 7122 5405 5692 5881 1920 5813 8614 3303 5187 3268 4226 689 3267 2632 3254 9008 4296 6348 3889 8132 3629 1552 9907 761 3086 8792 1698 3494 1760 1866 7349 9265 6701 4204 3642 3650 9367 4894 5721 5817 440 
829 9687 1523 5711 5485 1008 222 9303 3217 881 9002 6824 5679 400 5568 950 6004 4079 812 9934 4371 2432 758 7147 1711 7085 7083 2104 9668 1593 4736 2670 1828 6831 2058 5713 1731 7675 6220 4709 2657 5918 3006 2236 4766 5496 2180 7212 1737 4389 1303 3564 14 2797 3068 7149 6403 8318 4972 1687 7395 3444 9284 372 3149 2602 842 2471 9576 4404 1387 180 7282 2956 731 165 3773 4698 6689 1561 6871 2631 6389 4552 3108 9092 2684 9649 900 165 5527 
8412 8434 6165 5762 2915 6176 4340 7539 4312 9681 6338 1404 397 2526 8707 3645 5404 9803 4240 8270 7954 3004 6571 7437 7671 8078 4219 4432 8126 8340 6868 240 1919 4938 1317 8327 9762 9256 1655 2085 2299 6398 9263 6602 6566 2487 8732 6748 7160 6516 6593 0 2831 8577 6443 5552 5652 989 8880 6031 347 4803 7787 5301 3951 9283 4099 5305 4518 3827 4993 8455 8133 3096 5227 9434 3195 2745 3902 7178 945 8630 6890 825 9432 5478 3959 9859 9300 9791 7362 
7643 4906 7741 6008 2701 8905 9092 539 2413 2536 3641 9545 6617 6970 260 5915 1626 7483 1751 270 2755 7537 3337 7213 4698 5419 3960 6590 2198 6213 3508 1956 4024 6810 5872 3354 5775 6767 2902 5536 6642 1485 9623 957 7183 4336 9327 3299 8604 506 347 4315 4226 9855 3058 4463 1878 5920 1431 7569 1626 6681 2709 6363 2207 2172 6778 8829 5705 5151 4927 4061 8664 106 389 4369 8950 423 2177 8029 7404 6786 9163 9033 4835 4082 9697 4288 7844 5164 9872 
9523 3308 7447 3366 7127 6273 3917 8044 10 4798 8037 5065 269 5584 2166 6328 2081 8606 6744 3660 6780 3421 9795 4352 7929 2470 2104 4787 4475 9148 335 7826 6037 9749 7584 2471 493 4594 9540 9883 7697 4055 2064 1892 1616 3884 5398 758 4795 6441 2007 8229 9879 4056 3885 8699 9904 6163 8391 540 8442 4726 9709 3223 4841 6811 1488 9725 560 3116 8060 6645 5117 3051 3630 2246 5452 9273 5450 6012 2911 4909 1183 2888 5301 9882 4697 5290 2655 2649 9000 
5225 2754 5386 9082 515 3133 4255 9820 917 5814 1834 9065 9984 6292 2810 9470 77 3205 1927 4362 2999 3248 5885 7225 4817 931 8913 9615 3500 6458 9823 1687 3830 5482 6053 668 4941 6156 8953 7672 3965 522 2214 7487 8958 4604 1367 5860 3950 2276 9178 9723 4988 7519 4958 944 7477 1447 1139 5048 7104 6999 5293 9877 2431 6749 2664 7214 5059 5492 2090 3423 9505 3252 3658 2680 7372 7378 1292 2674 7704 8351 1721 803 5713 2537 501 8705 2584 7609 4921 
3115 1665 882 223 8975 4663 2533 1692 5342 2240 1164 9955 9028 4764 6870 6924 2338 7718 7221 2166 3268 4493 6672 2790 2058 8999 5362 5937 3376 1768 8480 431 7386 2285 647 5350 9116 791 3920 8585 2844 8787 483 3682 2062 2268 681 8717 6336 3230 8052 7737 5240 2448 1735 3345 2722 5439 1182 4253 9393 2961 1413 7566 6876 684 2381 9321 348 12 7791 4926 6814 3447 2438 2153 6124 8974 9041 9329 3281 9426 6223 9594 3046 255 5769 4053 4403 8314 7177 
9469 7801 7515 5988 2972 1069 8696 441 7379 1049 6 9652 1750 4995 6875 4360 7373 7667 5895 6691 7157 5650 7306 875 1755 756 4795 3518 2774 9703 6095 7369 7802 483 1733 3187 553 6098 5264 7743 2563 6820 8847 9745 4018 6709 1211 4793 3169 5511 6871 1196 7262 3851 6904 4814 2393 4919 3053 5091 1308 4736 1990 9277 2102 4853 6935 781 4764 4407 7273 2106 6326 2159 7125 9356 4953 5045 7947 5267 5247 6363 6137 1385 748 6198 260 7815 5413 3755 6477 
7779 6823 717 7478 2110 2669 7777 6813 4541 4493 3019 7061 5794 1560 2027 3495 1016 2608 6578 594 9309 4055 184 687 5040 3704 5264 1909 4935 9395 7192 6678 9894 1239 2463 515 5544 5431 6847 8467 8318 4964 7967 2779 6235 8530 3495 2865 6830 1080 4093 4700 8010 2564 8859 8673 2505 1306 9505 6167 781 3701 7878 2096 4358 2433 5422 9707 8199 9212 1180 190 50 5142 4445 5284 3369 3721 9489 2314 270 3347 1659 8613 4663 7169 5361 8838 6424 3987 3022 
9406 7482 4827 788 1276 3151 677 4772 4175 1570 1899 2154 8464 6395 6948 5511 4459 285 1371 6832 8903 3208 4704 2036 3895 8999 3515 9247 7233 4889 352 73 8099 8718 6585 8603 6784 1078 1668 7194 7663 2848 995 4226 1247 6689 863 3814 6333 2219 1945 8280 8379 7902 9404 9240 117 9461 1782 2951 3585 2815 8845 5957 1888 1554 8087 7754 9120 5246 6223 545 1865 6224 6591 832 8737 2146 9787 3704 5439 7985 6298 1039 1869 3802 3422 5021 8696 7334 441 
3316 2687 3213 6924 780 1119 3031 6939 3181 4364 8183 6074 8582 2261 6955 2372 5533 48 2132 9751 3234 8943 7349 3524 6792 419 6684 1035 1457 3450 9080 6675 971 9947 7651 3755 7849 6137 5044 8783 8077 8406 3185 8403 8443 8548 7879 7514 2896 7069 4908 2442 480 8251 7957 679 4222 4906 2066 7930 1758 6685 5585 9636 1912 7495 2507 112 6960 826 5899 6988 7127 3311 8195 4566 2573 5051 2464 4144 6781 871 559 2879 4682 9712 4898 8380 3153 2053 2987 
8683 669 8464 398 2159 6613 8166 382 6673 8628 2740 5940 5272 9388 9656 8958 5880 9535 7270 9674 5745 1535 264 5833 7302 1982 2702 1098 9891 5643 9870 9602 7316 7558 173 3432 3024 8279 7053 232 955 499 6921 1303 8048 7238 7552 6697 6845 7443 1824 8077 4845 399 9270 3157 3774 9189 6986 3527 1661 4498 8312 6092 6901 2705 5406 1041 8854 3339 7310 8026 4562 2457 3004 5435 6103 5999 4181 936 6249 198 9597 6934 175 85 2013 5080 1229 8039 5305 
1546 2343 1465 9577 1653 2890 760 9574 7445 8551 8788 5978 2662 9409 7808 6237 8771 5848 8617 3592 8647 4272 9773 9298 550 7636 1516 5616 1605 6291 839 5838 6040 5804 5664 2765 8674 6093 5370 3739 5736 2434 8193 7686 8225 1657 1696 5151 902 2087 6876 564 3022 8373 9278 926 942 1485 7055 3682 1917 6275 7197 9417 4509 7899 4329 4556 768 9537 4413 4133 1804 5589 6468 9948 2901 2472 3692 4392 5777 5245 3409 2788 6767 5282 992 2446 4313 4921 9130 
9835 5083 9002 2517 5710 5367 203 3194 9332 841 2447 6227 2946 5213 9947 2212 412 2635 5475 5133 8661 7544 4010 4810 9588 9634 952 957 3696 9739 1325 9615 4911 6765 6534 6207 7298 2949 3832 7541 3870 4956 6478 8221 1287 5032 3951 1953 4107 9411 5141 6419 7474 3487 5275 9871 5225 2745 2661 4702 2555 6843 2849 9176 6080 5483 5781 6408 1846 3747 7343 6054 3160 3184 1904 4408 8291 3504 8263 2794 436 5468 8991 5514 9169 8643 8702 2667 2317 9178 2225 
9554 4998 9052 1336 9466 2264 4143 8634 3085 3435 2697 5463 5064 7974 6317 6295 7496 4665 658 1987 5784 3499 104 5942 1842 264 9275 5355 1412 6614 9814 934 7245 7582 8449 4310 6898 3011 9106 6575 5933 6316 6328 2555 9490 3556 9631 9985 4018 1334 8503 5011 1230 3633 9622 5841 1930 9354 3488 8169 3598 2124 6767 1452 7346 40 237 5760 3661 3292 6271 5587 9667 589 4291 2751 8669 1248 1768 6042 1425 7707 490 680 5957 7814 8391 5140 5838 8314 2270 
9864 4161 69 8851 658 7260 2607 9252 5611 1275 5354 5540 1898 2101 9110 2329 6915 6672 3728 3835 259 7656 9263 576 3134 6367 5278 3373 8442 8918 7172 1183 7309 6884 952 2634 3782 8185 9009 2035 9640 4681 9659 2595 6493 4473 4508 8586 5822 641 3361 6579 7445 9294 7894 5096 4121 5782 6825 8303 8476 3874 2021 3662 7696 6981 4149 619 7808 5363 3250 1501 344 2144 1699 8592 6340 4611 6686 597 7679 8080 2108 7354 1872 8386 993 734 1983 9551 253 
7403 5538 7130 5697 4418 1719 9469 4372 5406 1665 5535 8397 9032 5714 6122 1013 4749 2762 2577 8981 4614 6506 5979 5617 1482 9153 1550 6447 870 5142 1588 501 6535 8951 3123 2386 5689 5500 4123 6386 1486 6092 166 3025 298 8160 5468 906 1017 179 6038 8223 1885 5959 4846 2865 3615 4157 1648 2820 4129 7336 6828 5179 6590 1850 912 6013 6977 804 366 992 3595 3366 9239 4251 5312 5198 2771 4668 7108 6457 7505 9087 8402 849 3320 3447 4705 8186 9890 
4494 2789 955 8216 8974 8751 1625 7084 7761 6493 6501 1524 9333 5322 4147 7121 1163 7684 1862 5447 6018 9064 4080 7460 3014 8171 8732 5268 6050 1594 5532 4430 6046 3645 6022 5185 6944 3646 9841 6983 9893 8795 1018 8029 2649 326 4171 4114 2073 4071 9710 2658 8682 7732 5029 7820 9616 7714 2412 3961 6344 5500 8802 6281 4736 556 9521 8601 6751 9447 8153 6493 2930 9627 8553 5601 5113 4350 2323 5843 6633 4178 4196 7356 1197 1346 7652 2688 986 603 2344 
8207 7109 2620 2334 8587 7642 5972 5233 4342 3652 2691 8750 6219 6894 8571 3776 9170 9865 9676 9230 7694 3308 7563 9986 4289 9694 9605 2702 8618 7345 2314 9189 2559 2587 2797 8148 6491 3684 977 5675 5073 8792 8914 4214 3600 4598 5314 3466 2572 5027 4372 9797 8185 9423 9349 2162 1905 9517 3276 8480 2691 3995 4650 4283 232 8545 9885 5606 9707 4998 642 9432 6889 2690 5799 6885 5688 7260 5851 6339 1820 8892 2864 1828 7718 9309 7076 6242 6377 2266 8558 
3216 3856 1248 9207 8521 2884 5901 1072 3517 7775 6908 2274 7509 252 6093 7364 5625 9175 3951 5372 7272 6402 4033 4800 3207 6606 9852 2789 2889 1457 6844 5097 4202 124 723 829 6585 4719 8064 2635 1071 1903 4807 2066 7467 1975 1217 6427 5047 4913 7066 2275 4064 8947 6333 344 6002 4232 5114 3098 5547 9814 1180 909 2773 582 4636 8177 8774 5364 85 6204 8977 8721 1194 9804 6630 9236 1447 1289 6798 1574 2050 7308 8709 1093 7159 6405 835 8920 9673 
8753 3553 6544 5907 6930 8313 8871 7409 8835 7208 6000 4527 3799 3410 8212 4810 7204 9402 4826 8058 7432 3235 2020 6975 4243 1815 1977 811 5303 1435 349 5352 3878 5037 8842 5352 8218 5125 385 9921 8013 4424 6620 5577 4196 4794 6742 5917 8160 163 8078 8843 3286 6671 5887 1891 7096 1263 9870 5458 1889 7854 5170 1299 5072 1436 1026 5730 3056 5808 4116 5299 3042 1832 2242 4924 7192 6327 7178 3382 7237 1866 2441 3822 2709 1494 966 1731 3800 5334 4618 
3440 3033 830 3664 8061 8646 7823 2287 9383 8931 9907 8891 3448 8998 1748 7662 4474 3289 6158 2264 2599 2129 7144 8187 420 2775 7756 2230 5655 2976 8775 6300 3970 6317 4898 2870 4991 8066 6254 493 8800 3361 2817 2083 6957 2149 1256 7300 4127 8409 5168 7317 1529 2611 8390 7233 5014 3196 5770 2616 4380 1710 3947 7188 9908 4447 2331 6739 135 3315 5264 1322 6422 5613 1335 4432 8867 98 2878 8570 8400 6262 225 7520 6006 2391 953 3783 2439 3956 5044 
8190 8631 6059 4686 1610 2969 1919 8859 4801 9514 8518 1401 8714 3046 9609 3605 6449 2759 8295 6967 4792 9170 7685 8305 7441 2436 9110 3418 1755 7809 7108 8438 1010 7107 6675 8301 5962 8221 8761 4117 5487 6293 7802 9160 6157 4185 9397 3911 2918 6716 2565 2040 3751 2729 9466 2598 2388 2623 8440 8885 2190 6652 1277 4783 9609 1655 9117 901 7819 6762 1093 406 7905 4775 5762 6333 6175 992 7818 9587 3165 5443 2631 6462 2126 1011 2365 9444 9856 1781 3395 
5296 870 3067 6851 2242 2980 3046 1742 2622 7683 7646 5183 9868 1633 6205 9643 7118 7370 4902 817 8378 1761 9781 4478 5156 4043 2205 3157 6376 1594 5913 3218 118 6201 8814 2915 2383 8314 435 8537 9884 8332 13 9581 4917 7343 8582 7010 3544 8995 530 8264 4839 167 6584 9550 423 7720 6458 7393 3234 9355 1762 490 5934 5321 287 6574 9884 4163 3061 4960 5104 1291 7775 4157 2434 4856 2567 4809 720 53 1370 6362 7805 9838 2474 377 812 9918 4894 
311 3918 4424 5464 8344 4505 722 9930 4331 4278 8164 6557 1903 1121 3250 2049 7659 778 4830 7777 4381 7130 9799 8592 5527 5860 3308 6680 7545 5941 2250 6730 1278 31 8558 1367 1428 5461 3130 5639 5046 8930 2312 2168 7777 6294 246 2181 5767 7662 2073 4156 3195 2048 1955 6213 7587 7908 5313 6804 8154 6950 7866 2652 1115 6278 8269 4365 4164 2181 8971 480 1124 2217 5987 5832 7642 8241 4899 8536 5603 7550 75 9800 7196 7238 1166 3724 7196 7728 9822 
7217 7940 6128 7369 6814 7414 9948 2068 4490 1634 1260 1989 9656 6062 1109 7241 9358 2917 913 1804 4080 5985 8704 9608 7116 6234 698 1075 8330 5914 413 5519 3241 8861 9781 8317 9037 9354 1450 7352 9478 848 2653 5679 1329 4986 8913 7689 2369 6093 6755 4726 3807 977 2170 2204 3106 9811 9351 6431 6780 6844 4671 7626 1452 8168 5529 5431 1341 1339 6324 6519 2000 3804 7988 906 616 2160 3286 6452 5439 4779 1918 7142 442 8681 2370 7470 6827 9033 8538 
2442 843 5268 190 8327 5807 147 1055 9216 6263 3950 1037 5956 6889 4930 2081 387 4040 7273 5690 6124 7770 9224 8114 6886 5890 55 1030 6041 5885 7935 3787 1782 5420 137 9353 149 659 2678 5706 4592 3659 4048 3839 2941 2850 5378 1411 7371 6025 9492 9089 3446 8912 9155 2427 5439 590 679 7385 6722 7726 4341 4261 5014 6521 4003 8205 1968 418 9086 265 1844 2519 9682 2253 3097 7559 1064 3610 2300 5544 2376 9027 5536 1482 4963 7206 1987 3324 4963 
7750 9878 3429 90 3497 5238 3625 8565 8790 1153 5069 7597 537 5970 3028 9822 676 5389 1794 7434 7474 9084 6307 2892 8076 4170 8215 8518 1026 9649 1498 6464 5396 5084 2983 1280 1856 3845 6369 7767 139 4105 9661 3034 7375 3134 3502 3676 8838 1321 6935 7084 2228 7854 5515 1838 8336 7440 1244 3660 9802 8850 9038 9680 5926 8085 510 3823 1715 7496 9492 3231 9983 7430 7443 1017 7126 6960 6986 4900 9538 3058 8638 9797 1799 7235 9382 9524 7278 3133 7268 
3863 3784 7898 9815 6731 5977 4088 1151 6220 2522 1185 1144 5874 431 9979 4402 9153 3850 7672 9359 3953 2436 6357 2712 663 2127 8595 2182 7039 6958 7098 8348 8803 3095 2047 9350 8365 3969 1285 1967 7135 6532 8312 8700 4102 8722 1301 9142 7584 7749 306 2991 2364 4228 976 4023 9859 4697 3404 6288 1547 1618 546 97 1872 8558 3005 2751 6005 8873 8840 6386 981 9949 7896 1466 3531 1177 9928 301 675 8336 4091 9152 8561 9792 5485 3057 6369 4375 3160 
3609 7734 2117 5048 1979 3332 1808 3728 1849 7682 3393 9241 6623 7481 7791 1419 1740 1318 3328 7434 9533 4526 8277 7114 8788 2887 5402 805 6568 3704 9339 9334 1110 5993 2319 8043 8440 2007 9323 2581 5395 5783 9839 5584 9591 3824 8682 9872 4532 651 9107 7116 4653 6207 6043 1077 9372 7128 3313 5843 5534 1985 4368 3983 4729 7666 5624 8750 1007 4038 8745 2152 214 9757 3948 246 9820 3759 7121 7908 740 3043 3950 7423 6257 9231 1641 1650 244 9554 1423 
7236 3569 2905 2228 3829 260 1133 6145 1327 4735 87 7610 4474 9132 854 6829 7583 233 330 7766 1502 9091 6676 2179 1011 1216 2644 4246 3585 7877 1195 3694 8688 9673 89 548 5708 4309 6178 4446 791 9506 4355 3946 6963 2075 7918 1114 6182 2522 2583 1608 9547 8287 1251 5651 5610 7711 4358 9727 1246 1262 8720 434 3674 723 4698 8844 2469 7586 2152 3022 6632 8540 5291 1493 7220 8916 1563 8150 7803 20 4025 9471 6074 7084 5350 3707 6010 43 4397 
1979 7065 5360 3078 8593 1700 7623 9253 6187 5706 9441 4571 9854 1902 9020 5673 4009 3982 1093 3542 4034 9351 1453 5028 1738 4158 7349 4747 7533 6376 2896 1277 5582 26 9159 3481 4520 5990 8592 278 825 4189 4177 1734 4487 3132 5515 6235 1446 7133 5822 2590 6431 1562 3239 5178 3204 5320 9517 601 7458 488 7337 3085 8088 8434 8855 5699 1527 3720 5527 3447 7716 8962 6118 4792 913 2056 8015 9674 1459 3301 7830 9923 8773 5997 7052 9520 6260 2064 9909 
283 8521 9483 3411 9384 3464 3033 3877 7432 1633 7918 9736 9328 6048 2291 6498 722 8811 9408 1615 6087 2751 9359 5512 5237 2563 4570 1349 9027 4817 6087 2216 4011 3955 563 5576 7033 5633 2177 7138 7725 8491 9642 8067 5556 6323 6953 3373 9588 590 7468 6700 8571 9337 248 6638 261 6906 4151 1395 7153 6123 8319 2407 4564 7016 5035 5691 7952 2444 6612 721 7533 5864 2768 3255 9930 7061 3775 91 8231 1454 2390 870 1708 9527 1924 5783 954 535 457 
6686 266 312 9202 9862 7256 3134 344 2360 700 6730 2188 2043 757 1750 6702 7410 8121 4752 4191 1904 511 8188 658 9753 1497 8758 3467 6830 3593 5531 7562 4357 7927 6026 6081 9032 352 7287 756 6220 1793 7923 6425 4824 5670 7510 8784 3978 1067 2294 9682 1890 6905 2755 3917 7082 6443 7485 6755 9670 8690 642 5637 1059 3696 1100 3507 5213 9740 7493 8955 9950 5545 4473 4927 3633 3877 1251 3446 461 2297 7365 1651 1879 428 9385 7638 800 1750 9671 
6074 8331 8941 6494 4299 2514 7723 630 9707 3376 1267 4014 8104 7109 5268 8712 5079 921 77 6594 1491 8143 4679 2383 1553 8945 6961 8235 552 4505 8810 7795 6260 9136 5251 1867 2988 6295 4317 3719 9137 4355 8159 9199 7377 7490 4101 9529 6862 18 3967 3878 7330 1157 3015 9360 4677 8117 3911 2501 8306 6988 4867 7250 9098 2141 6475 8692 9280 6622 1588 6561 2459 1412 8552 7222 222 4017 1165 310 7768 553 361 863 2799 378 1326 1889 3505 233 4984 
750 1702 6035 3370 2959 4868 286 5050 2162 3197 3881 596 4748 3784 5733 31 1364 4609 1945 4075 3692 9401 901 8184 3583 5216 6978 3071 2485 880 5161 7749 5116 7907 2257 8784 1718 9897 2872 3837 3323 1272 1652 4409 3172 6160 352 9964 6289 7443 4111 6876 9911 1250 4117 8612 8317 2631 7385 116 4657 2572 1976 9475 5903 8842 2897 6683 6138 6652 9227 2066 2019 5393 8342 3590 1276 2959 2235 8757 2721 3690 6240 891 3902 1146 7608 7801 6518 8984 766 
2406 6379 2842 5612 8676 8777 9916 5516 7087 7718 8195 730 1364 9919 3750 4163 4198 6526 7164 9477 313 4352 7425 2747 9794 3052 9598 3837 4719 1088 4830 7461 5800 6345 6954 8159 4774 4665 9745 6093 71 9354 652 5392 2117 6024 5786 8967 7596 4349 9487 3942 640 1677 2540 3777 5236 7185 5924 8418 7673 486 6010 8530 5038 9121 6979 8997 3303 2133 2877 7582 7669 7584 6125 3251 9722 6448 8715 8615 5202 1312 9362 1825 5729 9976 2353 1046 8889 8526 959 
8292 8510 5225 905 1896 3099 1718 3897 9274 3285 3708 2252 6309 9716 402 4901 6386 7604 309 3038 3490 1018 7347 808 4282 5904 2972 5433 5038 993 1731 5308 4836 1551 4700 9167 412 1778 7427 3638 1281 9221 6197 7366 5334 3961 5944 5058 4535 5190 2571 922 1290 3483 5075 9481 45 4973 6543 1050 4784 4137 1129 8686 5548 3909 8153 4560 8823 2543 1737 4870 5624 2860 8867 9769 8996 4275 5721 3665 6600 4216 4794 5424 14 3479 4342 8749 4433 7023 5684 
2014 3136 5164 5299 3456 6527 2267 7872 5837 1507 2826 170 9292 2355 862 7204 9512 2402 3699 7416 5628 7432 4360 5056 1404 5447 1419 673 256 5650 8262 3380 5834 4264 9333 5275 7469 4982 4449 1633 8526 7035 4241 2713 8705 4542 9393 6267 5502 8779 432 8763 5490 8026 2219 9364 9038 3330 1384 5076 4854 9219 4238 5448 59 6072 5666 6762 4961 7159 6399 9388 3427 2816 2989 5033 7402 2187 3525 8039 8156 452 3421 8285 2645 4553 1203 2467 5783 6084 3841 
1923 1174 2492 8318 4628 6967 3307 3678 8246 9189 5365 572 9850 2831 8268 7233 8652 5963 1849 4822 5625 5955 6346 9573 9712 7235 1934 7140 4591 6847 5498 7915 2974 1068 5381 1899 9941 473 4957 1975 2958 3101 5149 620 8698 7746 8803 3952 95 845 5745 2292 9098 5764 5036 8558 9673 4599 3263 3271 55 7835 1205 1031 1765 9717 9617 2204 1912 514 8945 5516 5106 5823 7286 2741 6344 7490 803 5426 2762 4300 1502 9500 5248 135 857 2066 4836 2503 5839 
3804 7983 4053 3094 3987 5530 3164 2327 6516 7144 3450 6393 2395 6118 4561 3145 7001 1792 8936 8614 8097 2549 8071 4496 7527 4386 3425 7396 3270 6228 5666 8884 1667 3714 1242 1343 1001 5075 7970 672 6190 2888 5798 7414 9970 6707 1137 5676 8528 8397 2051 8471 5186 5810 8532 1505 9721 4672 5501 1659 1711 2043 9934 207 8984 2062 6160 5888 3765 8929 451 4225 5403 2950 4965 9469 8333 3559 3786 1841 7728 4373 8810 8502 5378 9313 4742 6924 3911 376 8909 
5431 467 1075 9088 2177 2984 7069 7782 6439 4071 5314 8737 7651 7396 5359 5271 846 6671 1625 2496 3475 6063 2157 7861 9633 2415 962 9007 7319 4277 1822 2086 4053 3397 2448 9116 7349 4291 8384 1997 8853 1871 2509 8910 4924 477 2015 5872 8860 2408 6656 8864 292 4402 8874 8127 830 9720 5310 6501 9345 3652 4393 3642 8499 2037 3656 1873 6997 4415 5195 8204 6459 1291 5974 6018 3611 6816 1231 850 9114 9907 4808 1057 6407 5377 8056 6832 1313 4370 9287 
8490 5729 8665 3898 3219 7317 8024 9046 9944 2761 1404 8371 1781 3002 231 7875 6807 7437 2674 8588 8606 8615 4793 7813 3266 2419 9940 2093 5988 3665 6962 6971 3799 8390 7278 331 1144 2004 3874 9595 7218 7907 4898 8376 7776 947 9330 7713 3766 8143 2944 9608 8773 8481 2337 6635 4590 2505 6829 6230 1405 8265 2795 274 413 3471 2399 2390 1861 9905 6626 9369 6102 3419 8772 6586 6645 4456 5340 9684 4442 9697 8009 6729 9055 3196 9351 9560 3980 2124 7314 
5019 9680 6351 2671 5838 4000 9012 5486 6425 8509 5081 5741 4355 60 2357 4496 3965 8400 7613 6501 529 2645 8868 6286 3408 1432 1929 4082 8852 3892 5388 5537 8206 1970 5428 2734 22 3589 5679 4779 2896 787 4307 6742 4139 221 1472 3701 4041 9026 551 6473 7395 5688 2168 6185 6359 1110 9099 1862 9476 8939 5342 9833 8263 3758 4685 3263 4779 7120 4456 5696 7129 5782 1303 765 8834 4648 9640 3025 9550 3792 3822 2532 5667 8876 3538 6762 7596 13 7160 
2654 7769 5315 207 2986 3855 2639 3499 4604 790 3786 8155 7850 5112 5421 8062 6638 2479 9408 1128 5908 6169 7935 8895 1492 1965 7924 4306 9679 6811 3364 6615 2579 8712 7225 5734 573 3798 8107 1484 4487 8893 9250 2097 3177 4654 6030 9435 1828 5716 9508 5753 6305 6013 2733 4187 8198 5061 9676 4872 6880 4718 7764 5173 2754 1195 3791 8084 6903 9715 4397 617 7251 695 9210 6170 7204 6713 1770 8818 5199 3935 3649 2097 4423 8178 5210 606 2409 3723 8235 
8175 1539 1000 1638 7646 7899 7697 7606 3302 2713 2051 4362 8089 6446 7121 19 7189 506 4213 5825 5181 4106 7180 7387 4572 241 381 1439 6274 769 7766 2132 2457 9515 2957 9595 2298 9373 6218 2828 8481 4972 9855 2787 9475 2425 8216 4722 3523 2460 7364 5557 4043 1777 8205 740 6539 8287 6225 9921 394 8153 3669 4454 2522 8522 7556 4766 8333 133 6272 1081 3376 8381 1157 5205 1399 4061 9366 9934 2732 5271 6215 6140 6618 6140 9627 7349 379 7295 9866 
39 2170 8687 4874 2259 5106 8631 3977 5729 7898 5439 4713 3639 5971 3921 4477 2632 7671 3291 876 8074 8945 5267 3147 9553 3340 8162 8493 8892 8576 4209 1993 554 7440 2777 5749 5495 1287 2739 1966 9614 7336 3705 5578 6148 6825 1747 7158 2623 1711 4663 4239 5642 5068 8036 8433 7599 9432 6647 8232 1193 5916 3862 114 220 8041 9931 1314 8473 7308 9450 2337 6241 520 6099 6171 4927 3661 3513 9290 225 8556 5820 2628 2257 7787 1911 6296 6442 230 7966 
6878 3756 1606 9723 6948 2056 6015 4549 9584 3489 8572 8021 9816 1370 3331 9319 5119 5184 2403 3301 9731 9948 2820 334 2568 8030 9553 6860 8518 2956 2457 1806 4461 5754 3802 6404 1220 9948 2903 1214 1739 596 9357 571 3621 5528 7976 261 6894 1242 5245 1822 7034 1493 1016 6057 192 2900 4249 2893 3550 3357 7523 5242 9827 6072 9092 1456 2569 4349 9995 2393 5072 6047 2108 466 9710 1064 7185 3750 2228 1586 7809 2716 3757 9610 1284 6719 8882 5933 1370 
2887 6447 9663 8492 9619 2066 7568 5485 5996 1398 2329 6788 5452 7420 465 2271 6692 9806 4737 3601 2541 5762 3155 3320 8531 8728 3813 4484 1067 9069 6502 7290 1101 4577 5547 4294 1104 1174 191 6842 7281 4841 3198 246 2210 3164 5790 3023 256 4168 5590 3612 1407 2718 8927 4832 7207 7273 819 3706 8389 5610 3550 7229 1210 790 3300 5919 836 5366 4339 5350 4130 3743 7074 281 595 1283 9993 3317 4915 4263 6333 4752 5104 1297 3085 1822 3794 9364 7314 
2371 7531 5820 7599 8084 2000 29 1391 11 1116 2277 8582 3839 1723 1399 902 3788 8568 3459 2556 9138 2482 2483 2263 4153 6863 7264 7027 3887 7298 1430 9677 7593 3933 5302 8735 7853 9938 5508 174 2961 4050 5663 5176 4312 6619 1732 8039 7685 4878 4108 6147 4873 5540 3708 5550 8470 5609 8187 4894 61 4016 8586 9840 8230 5621 7681 3440 4758 1361 1725 8305 3874 9415 3591 6843 3728 1002 4681 718 2554 6280 4728 1279 7228 8472 4140 9472 2262 8676 8408 
6309 7478 2166 6686 2516 2424 1787 3647 2783 6541 4540 4440 7712 3124 6461 1542 3427 5400 3441 9936 4678 8260 5509 5927 4738 775 3535 190 3449 4879 69 4119 3118 613 5438 1732 9608 8666 2976 2444 3596 6407 9040 7038 3201 5670 9529 672 6373 2834 7041 2762 1558 321 6275 5797 2667 4277 5987 9519 5463 7070 6319 8158 9023 8827 3319 3952 3700 491 6330 7919 2025 1857 6622 3339 8151 7293 6696 8366 3704 1010 977 8819 3826 1448 2098 2448 2606 6228 9583 
177 2336 3326 2420 9281 3039 5690 5618 2952 8867 6528 8429 5253 7874 1552 3625 2265 6602 2512 3664 2084 7467 2477 6264 9289 6657 2331 8393 8830 6764 5080 7250 2581 7367 758 6747 755 9537 8130 5075 9608 9708 5333 8357 7826 3743 6819 340 3000 2973 2120 3363 7364 5104 8994 8856 4764 6803 615 7743 7442 8695 6896 5365 1771 1238 9400 9555 1795 3963 5491 1504 3215 7498 1163 1408 1166 4456 6595 6794 1190 8662 7345 491 9030 9586 4781 8112 9635 5182 2559 
4123 7376 8188 1952 4069 199 4461 4457 5623 2658 7134 4786 8367 211 3821 8659 1448 8727 5846 1882 7308 1613 5869 1389 7534 9565 1694 8823 951 3873 8610 5607 1384 3112 3417 1095 8769 2373 1753 3799 1196 5925 3804 553 1314 2435 4832 8771 6745 2362 9877 9301 8568 3073 2538 2091 3035 5621 4592 7175 2909 6897 9084 3860 518 2420 1421 784 5565 667 9959 6309 3039 2182 3263 7675 99 7454 2170 7571 6818 6690 4771 1470 1375 7292 3747 4588 9957 5037 6629 
3532 948 2645 302 4980 6713 6814 9416 9567 7559 567 4468 3563 196 1462 5787 4181 9344 7524 750 3393 2993 3718 423 4981 9709 6722 2034 1043 9174 2473 9848 3626 6061 2814 843 9734 7985 3226 6808 9929 8793 3944 2268 9232 46 73 4242 942 9043 9010 1380 4848 4130 7468 8334 6294 6554 5802 7623 8708 814 1798 8123 3286 2032 5865 1876 1738 3012 7287 7915 9594 7546 7009 161 6897 8042 7456 829 3843 7970 874 3908 7331 9799 3272 50 3421 9805 5257 
4644 680 8873 4985 8196 7385 2440 7488 5510 6284 8668 6587 5013 2805 1967 6607 8850 1553 5115 880 8583 5691 7855 3744 8495 6464 2431 8611 9644 6235 520 571 3289 4927 9726 9057 1262 8614 8677 81 4504 9619 3342 1211 8303 8844 4943 3447 1347 1941 2779 100 8232 6938 2245 4126 8070 153 4433 8464 5046 9101 4276 9048 3707 3732 9078 4036 2508 977 585 7098 8327 6702 3060 5241 5222 8191 282 4487 5032 6298 4104 9166 2169 2044 6889 3025 2537 3129 3563 
3223 1768 1652 47 5058 3080 4342 1715 6359 2102 9616 7629 7317 4754 9140 4587 6031 719 7367 6971 408 6769 6546 9155 2116 7853 3079 2137 5919 6825 6854 867 7807 2106 6553 6145 3021 4236 5945 4120 8844 3699 2676 8231 8341 838 8232 8398 974 7 177 9531 2440 2683 4043 1734 4579 8660 2450 5668 6359 3742 8090 7579 4359 9109 8451 7819 9901 9145 4885 30 7717 2333 3185 6510 4228 3169 5548 5187 5611 3638 5609 8376 9784 7886 9726 6134 8714 1184 8895 
7081 5264 8893 2597 1802 9648 797 2009 2411 8698 8114 8296 8254 7198 3872 3974 2319 1271 44 2355 5719 4969 5712 6165 9315 9396 4536 5137 1560 6915 5842 4737 5616 4309 515 1549 5882 4921 6255 5094 3595 2125 7459 8621 8894 9904 5131 1134 4610 3633 2943 8845 5905 3796 1189 7344 3909 3586 1713 8361 279 8316 332 5195 8855 1979 1681 5933 9950 6722 2284 5045 6304 1172 3650 6496 2509 1532 6196 3714 9554 9276 3200 1718 4463 5138 3764 7901 5233 445 1260 
9025 7629 1202 4237 3950 4024 1959 2903 597 1863 795 5243 4183 5110 121 2663 3261 8369 4050 807 5388 373 7883 9218 3383 9123 4962 4909 6597 1903 4203 7967 2105 4799 4551 6439 6164 3910 3468 8574 7102 8550 7292 8372 6676 7874 1542 833 7925 5171 685 6939 1516 8763 3011 4303 2822 1927 6354 3194 819 8904 9412 5407 6132 5986 1936 2398 4178 6690 2065 6232 2734 8740 1321 9939 926 4883 1765 6029 868 3874 3540 6537 9504 7358 8864 9024 68 5232 3127 
511 8888 352 8529 9104 4949 2193 5070 323 2190 9015 8894 299 7840 6221 8668 9218 9376 4211 4817 1202 436 1253 1417 697 1099 7017 6359 5351 6873 9683 8736 2527 547 9800 7663 1317 2721 8440 2748 5276 1859 8583 4695 4233 6755 9301 5997 3308 2925 3712 4221 4803 8105 8082 3255 8796 4433 8038 6712 1120 7279 5000 1401 8266 54 158 7187 1480 4834 7638 6722 3559 5765 251 4054 2795 2682 5818 3587 629 3111 1189 6161 6593 2535 6471 7774 63 8147 956 
4264 5951 4439 2329 3464 9080 506 123 1609 2989 8415 2433 595 9901 5839 2353 4765 9364 5466 8434 8227 2632 9036 4349 1735 6049 4327 3652 3303 1921 7990 9699 7166 3585 9020 3895 1327 8755 647 7525 9987 8705 1005 5027 7348 1200 8700 5141 6831 9911 5906 9488 1087 9128 358 8464 414 6527 1115 1586 636 3646 9450 6979 2252 5390 7617 4790 6213 2394 8961 162 2977 4724 3434 5294 5477 9968 4657 8814 3529 5722 9992 3531 5773 9328 6639 1656 6441 1007 5750 
6099 7095 2417 2823 601 4922 9235 249 5805 7451 266 4856 4557 3258 1841 9862 3857 3780 7560 271 9664 9862 5010 1508 2837 9299 8612 3147 2585 5756 8660 6463 1147 7633 2740 7544 3189 2887 8509 3366 8848 2305 9464 3860 6898 726 5002 2133 586 2581 4068 6222 5251 7862 281 2593 6970 7414 1556 1846 3183 5260 9142 5909 1277 4759 2712 1049 6340 2557 6487 2685 7699 6339 9172 1452 2529 5829 9965 805 4010 596 2176 6753 4489 3611 5756 1203 8037 9404 1405 
8526 4712 1807 5059 5886 4732 8550 92 3300 4772 1769 8770 5649 4631 67 2267 5677 1375 4864 850 3925 1575 9404 9439 2726 3413 4836 912 1228 8092 5950 4470 440 8957 9549 7079 5115 972 3597 2051 9426 1087 4678 5078 6782 255 3155 6467 3089 4635 3313 9362 6519 5601 9831 423 3671 1321 2502 286 2431 8933 402 1613 8940 3082 2862 7338 4385 1695 5354 5550 8189 596 6383 4193 9054 9685 5452 3876 4822 666 4281 664 7013 1237 4865 4520 9350 4641 9279 
7790 2327 4310 3834 524 7235 7493 3523 7093 5575 8415 7530 9204 5102 3166 8690 3403 4406 5880 8309 5467 7002 9286 9511 5833 9822 9197 6965 9329 4120 5007 3119 344 1415 7923 6945 7428 8633 3791 4972 1866 9013 2694 2697 6090 3869 3590 1006 9413 6505 5867 1584 6091 3962 6151 2034 3576 61 1959 2250 7581 1579 3549 1456 8793 8929 5168 2355 7183 6750 5299 897 2125 873 4635 9960 9970 6930 9380 3030 2400 7165 4736 9301 8859 3829 5922 8854 7122 9021 4829 
4346 429 8571 1739 4172 4921 8285 649 2315 2606 7168 2592 959 3625 1488 8719 6086 575 9384 629 4004 8696 8152 3756 3396 8519 3736 7725 7483 2415 9462 5662 1667 3348 6478 7652 2751 4374 5580 4758 9452 6605 3173 4632 9463 3429 2655 3391 129 8435 2833 2304 4422 5882 8696 7927 3621 3166 6910 8793 3250 4717 8709 8312 4746 1692 5309 3530 1110 5443 1885 5909 387 2928 5656 1423 2166 1580 668 5915 8638 9803 8666 7201 8651 1597 383 7470 4354 4849 6414 
