47 47 47
3879 3929 2830 4065 6446 8104 7845 1269 3736 1305 861 7900 563 3455 5118 751 1495 8282 6046 1533 8044 3790 9790 7238 9971 7912 8501 5206 7515 1793 8128 9087 9330 6153 3900 961 4990 9664 2079 3798 8525 7526 2778 8752 3799 7803 4022 
13 9218 8543 6707 3928 2952 4104 8419 1697 6190 9493 7095 3783 3070 2828 7139 3877 2714 6256 9330 9627 2206 7596 3874 6065 6871 7433 1685 8415 3530 9121 9314 5785 6496 9749 6843 8771 6276 8331 587 5150 3119 2117 464 6203 3433 6906 
3465 8626 1442 7024 7394 6583 5132 8430 5463 3659 8600 8171 770 8575 1645 2014 4549 329 7290 5608 8631 948 7229 3607 4580 7850 5827 8077 7023 5831 4407 6331 5682 9413 4926 2790 1906 1693 3433 5548 7784 5392 4651 8040 9075 3913 7089 
2329 6063 6871 4694 7703 9733 7117 8338 3166 8015 6114 4911 1943 8508 9509 8172 9229 8338 7824 4199 5865 4991 2032 3697 448 3695 484 9717 4819 9465 6003 6587 4784 7494 7639 580 473 6616 7341 8097 7230 1303 2837 3753 8573 3175 4679 
4998 2555 5463 752 5163 1779 477 691 9165 283 9077 9090 1735 9653 2148 7674 1017 563 3965 5626 2134 1714 1390 4865 8729 7237 2693 918 8594 3270 1990 5091 9253 8151 6811 6469 6038 2889 3365 3803 9070 4926 9603 1304 8383 2334 3449 
2922 9761 9189 5247 285 8626 5983 255 232 5495 2783 1788 1531 7691 1717 3943 8919 7684 9339 9660 6515 3377 5678 5210 8263 6312 1354 9124 983 6417 2792 2374 8066 1421 539 3910 7290 9230 3992 7782 5660 7264 5009 1937 194 1649 4157 
4457 3077 7585 8203 3998 7116 819 1946 3890 4792 6815 107 7418 9423 1057 3792 3129 6091 4124 4307 96 7463 1361 4357 977 2284 7647 4975 2596 7617 2519 6066 8373 8096 6628 738 4345 3258 1129 5501 9622 47 7179 9920 7945 2326 313 
7151 4558 7120 2522 4708 4320 8 8685 7386 2465 8084 3776 8767 5689 5034 8535 7667 9659 8506 6721 1341 1006 5690 1002 4321 202 6332 6670 4887 140 2959 7390 7764 7549 2467 4810 5611 4805 8686 9594 6738 4529 8344 2946 5666 9244 9564 
7439 2929 9971 6639 6652 3975 5969 6185 2643 3455 1830 9076 7365 2628 348 6714 555 1401 8958 2199 2133 78 9387 3100 5783 4468 1386 3987 7680 204 9100 5844 2135 877 7504 9066 8091 653 8675 2329 9641 297 2444 9369 7629 7160 5704 
3661 5798 5152 3976 4698 8303 9687 7972 7972 8819 62 9781 2026 3621 5222 2352 4244 3592 6354 7910 8334 3809 4883 1420 2818 7591 1219 8183 1251 5014 548 9940 5745 2312 2742 9303 5949 5934 8388 3836 5160 5566 8355 8943 8795 7270 7815 
1951 3268 6843 9832 7048 9041 111 4283 9518 1761 1263 5026 4532 324 102 9277 1338 5899 2843 2147 575 7583 8113 9728 8291 6855 3144 9716 997 8528 6076 3745 6997 1281 4675 8603 4834 7393 9810 6718 1105 9149 8584 4446 1364 8657 8407 
879 3907 8282 3723 4337 9031 9523 2406 1044 2827 5864 3005 4046 7602 723 7848 5378 5795 2248 6144 1337 8255 4070 2129 5663 3824 7656 3730 2999 2344 9401 4282 2634 1456 6612 8024 1523 6867 8671 6923 9947 0 2672 6408 7464 1841 4879 
2267 7572 3600 9771 4683 3677 5212 3555 515 4283 5812 4410 6278 6864 5539 9286 1514 8834 530 4743 1649 108 4761 3254 8412 7435 7286 8790 2263 1496 1841 2861 3484 3527 9306 4248 3765 1423 3089 6384 3726 5256 1167 7993 7743 8242 3260 
4476 7249 962 3150 8118 9670 1145 4997 4129 1954 3139 1695 7564 3541 3108 8042 7155 6035 672 859 1235 736 7027 8676 9931 9103 6273 6677 6050 8464 4218 1767 9232 8247 3991 2370 8751 7600 3534 8849 16 7916 7959 90 385 4415 1014 
7099 3307 5920 6949 7659 933 9185 5338 7666 3250 9700 9404 4992 5523 8513 3297 502 8251 3886 5593 8057 7963 7869 6625 2396 9592 7709 9874 1704 1297 7253 8889 640 9566 5359 1442 271 6275 8026 7698 7524 1031 8406 1150 4419 1430 5665 
2843 2686 1795 5998 8927 5249 1240 3750 2921 246 1720 861 2297 5926 8209 6621 9640 4138 7587 8019 1251 4259 9542 7352 5653 5631 8540 358 3848 6727 1406 6227 8578 2851 3045 7562 1303 5101 8489 2276 5860 4248 4527 3192 5082 370 5547 
5112 537 7906 9788 8615 2644 328 2591 1037 9110 8233 4918 3810 2912 6977 4158 2992 9953 8774 5701 1152 9283 5005 895 819 7228 6755 3248 2264 7884 7814 5271 4678 2374 982 2421 6176 15 1422 1987 7043 7414 9237 8635 3403 7559 5234 
1306 4818 5171 9059 9951 5335 8791 3960 4098 407 7670 1450 3226 8223 7536 9994 1028 9172 5094 4667 5627 1447 4268 9081 6619 4155 6336 5887 2012 1944 9710 2807 8937 963 185 9396 6499 4436 6848 9495 4598 8940 1183 6705 714 2714 6040 
4687 2119 9697 6472 892 543 59 7118 6148 4594 5903 2988 8310 462 7572 9896 3231 4849 8800 6034 1600 1503 3906 6291 5385 212 1644 5883 8598 1565 8973 4488 5692 1475 314 1348 4283 8081 2866 4431 9231 4081 2529 5270 7354 7559 9208 
4011 173 861 587 5006 5670 2632 6428 6268 7707 1294 3755 7715 5493 7335 9882 1223 5245 7887 4702 7504 4845 6180 8739 257 1215 2874 3904 9187 8680 5728 2833 117 2584 3672 4213 4868 9347 2326 2931 2219 6194 4517 3705 440 8608 3815 
8541 9314 961 2347 1148 2142 2684 957 4741 9606 2282 5875 6419 3934 5421 2321 5667 2145 9730 2159 855 5161 6492 7540 6496 5995 8334 475 6231 7675 2923 6478 2543 2460 7294 107 3051 7824 6875 4335 4657 7885 3233 2814 5431 8964 5606 
2878 5575 2210 2480 3834 8235 426 5605 1170 4821 121 9505 2311 7667 6810 7314 9834 8648 9084 7264 1946 431 2634 4600 969 6757 610 8781 8166 7330 8028 8434 6577 6310 8290 4831 657 2594 7660 7783 9617 6145 616 2364 9196 6255 8449 
5592 1933 740 7746 8470 5042 1194 4259 3324 9144 8341 6102 7291 1545 7783 1556 618 4527 1585 2037 7910 368 9154 9568 7256 7219 3730 8059 3847 9875 4817 3530 6704 156 1080 4582 3951 1610 8210 6549 5913 3387 4531 9899 2745 6731 4760 
4280 7406 9003 474 1507 7350 8877 746 2668 7741 1450 108 9818 7376 8511 4719 7614 23 4981 6405 3628 7576 616 4634 4351 7948 5914 8491 1836 6858 2515 2572 7628 5282 7485 4334 7441 5456 724 6401 6792 812 3088 8387 6080 9138 2105 
2004 1714 4506 2641 3217 9295 4011 4270 6606 9749 2642 9279 6696 9625 9324 1936 9384 1555 4065 1737 8951 4145 4962 6588 3320 2827 5324 3971 732 3889 9624 9241 5152 6276 6803 4803 3711 1291 3741 4749 9717 8281 8909 264 4487 4564 7591 
8238 8770 1042 6620 6566 9970 3859 7340 5089 2655 3226 1588 1595 8689 669 3810 1095 8299 3018 9039 8599 1425 5790 3626 5479 4435 7147 4699 8594 2353 9033 1302 1116 207 9272 4889 2254 8189 1206 5244 3952 2732 2075 7117 8058 5766 4102 
9073 5593 4123 9745 7616 4625 524 5589 9698 7891 971 1652 7191 761 8452 9122 9713 9445 4949 1632 9010 8253 4448 8690 6743 2049 9983 2913 5008 6716 4827 158 6152 7356 5457 7440 8294 9106 1275 5344 9797 318 6039 2383 9613 6165 5465 
9616 763 1004 120 6252 8482 766 2268 5467 1646 6474 6968 7987 2216 2700 8667 2148 9491 2881 2291 2431 6983 7265 3023 9675 1661 2233 837 8769 4094 5166 3202 2736 1600 584 4826 6952 1673 6254 633 430 7151 3088 1057 2773 7987 3083 
8283 1038 7028 856 3559 8476 3717 3980 863 2899 4883 2694 2462 5251 3932 9363 6830 7534 8978 5948 677 9881 5509 4023 4713 209 1671 9246 1776 8068 5696 6806 6148 830 6726 744 2274 7981 7469 6137 3555 6505 1076 941 8890 2217 5995 
3565 6047 2801 554 4900 5633 627 6696 4816 7242 3992 3086 3879 9950 5248 2088 3865 2506 6496 9395 4256 2711 2302 564 6049 1135 3925 2587 6698 8170 9971 9034 3276 1249 255 1064 2896 7953 3587 8565 7535 9133 7470 3026 3664 5918 4529 
6606 4332 6942 2762 7082 3102 3456 5385 8591 4826 1900 2428 2777 3887 7819 9506 5556 1787 759 9661 5987 4419 9655 3679 3248 1489 9953 9123 1617 1875 8944 2546 9375 1533 1371 4228 1822 4833 8535 6120 1855 3083 2654 2338 253 313 1742 
2030 8304 5259 3802 4965 1478 9500 4490 7187 3543 6514 255 4435 4059 9381 4716 220 4400 5736 1084 8669 9380 5412 757 8525 9293 3202 463 6576 6460 950 1129 2656 1501 8042 8843 1436 8553 5593 1061 8638 4759 1402 6560 6404 4645 380 
7283 3722 4661 5212 5168 9418 4029 3562 13 5064 7339 9083 5867 172 792 4923 4584 4284 7420 8021 9679 9611 7744 1443 1616 7156 8971 6530 1305 9451 5354 7588 3106 9655 734 1995 8813 2756 6381 4627 3956 3441 9278 8543 7957 5814 465 
559 8790 1595 1323 1751 9171 8823 9576 901 2003 5430 452 9241 2322 732 2724 8970 6057 1398 4427 9802 6812 9378 4085 5506 2715 4611 2579 9752 8534 7376 2946 22 9044 6576 5083 7844 955 9184 3142 3533 7900 3339 6944 3080 5039 347 
8420 9462 378 6049 8828 3458 4882 9863 5986 9148 3180 561 9909 9022 973 6275 4287 6712 117 4781 3525 1534 1364 5451 894 3910 342 731 6744 440 7800 7506 892 1503 1055 552 72 8879 4926 5201 5240 5452 6125 9268 7844 8384 6929 
2054 9657 7830 2395 2524 725 7747 907 7482 878 1349 8390 965 8004 6834 6560 3533 2076 4587 4171 9625 7482 1219 6399 7636 7575 1107 3023 7251 2531 9212 2181 1674 3594 2854 1449 2983 3032 4027 5567 6633 4335 6013 4824 4773 9754 835 
1957 1711 8181 4114 278 3366 8944 7771 8209 9159 6466 4089 9600 9692 3853 2450 596 4750 8513 6344 2531 3690 4095 2411 9510 8042 4095 5280 9326 1418 9636 737 366 9224 1947 9523 2135 1313 6838 5738 8728 213 263 372 8838 76 7855 
6964 9599 2771 9480 1462 7157 3634 8509 7258 245 6344 9929 3557 5052 5024 1018 5211 2982 1394 1342 614 1887 1708 7351 9429 1961 8842 7344 2276 1221 7907 7205 4830 8045 431 260 9049 9874 7200 7425 4203 3694 1095 2906 1029 8893 896 
3243 9825 9754 27 5134 7134 6155 2991 4410 8636 5043 3729 8417 8325 2240 8946 2839 184 5667 6596 700 4701 2120 7756 6159 3887 2635 464 1633 8758 8517 2903 2407 4980 9059 8168 1768 136 2611 5418 8021 1370 6622 5608 7635 9302 4787 
5695 1446 2074 8067 8416 2716 3770 9601 167 3894 1041 3090 6600 2879 1762 9140 8534 7407 9267 5676 7352 3786 8612 7762 2211 4657 8105 2686 3337 5007 8621 3210 15 4159 3163 8498 7528 160 6789 7228 6439 4153 4551 7177 6164 445 9829 
879 4111 4558 962 4698 4745 9025 5750 2006 9475 5174 8252 5485 8637 3810 1539 1353 659 9591 8913 6243 7764 4948 5020 1871 9618 9416 3028 7450 1796 3112 9023 9047 9438 4395 8252 3829 1566 6103 2870 3099 8661 7371 4055 9578 7535 1130 
1332 7531 3990 8564 6978 9874 8909 7398 8771 2646 6299 1897 4879 161 6114 9558 3561 9100 6636 7175 756 684 6287 9843 4997 3535 4199 3788 7814 3982 7547 5937 3807 2874 7514 7905 5508 9457 8614 9221 7972 4609 4746 9089 6571 8499 3672 
3883 9362 9144 973 879 4917 6191 9163 2384 3545 6836 7765 1231 8512 9559 4559 4878 4134 1968 3005 2028 3162 5791 5276 8602 2533 9812 1518 9520 355 2255 1031 8565 4747 4677 5212 1340 8195 6010 2686 1999 1212 9617 2890 3306 9756 348 
6406 6155 4644 8809 6164 3181 7769 3543 5636 3753 2905 6226 6930 376 5442 6054 3128 5239 342 1073 7979 9945 1646 7396 6962 4549 2017 2124 5398 6775 1984 2850 2633 1624 8919 5769 6637 6979 7256 2599 9191 424 884 2174 7721 8590 8071 
0 9831 3793 1234 2294 3675 1506 5919 7264 7250 4254 5044 7095 4800 917 244 8579 4827 2650 4757 1664 6649 6167 6313 3335 2747 7384 3466 2139 7965 4103 8991 4018 2576 4213 2773 1975 3208 8808 7719 5033 28 3560 5934 9925 92 2271 
8429 3062 3697 9332 5840 1923 2268 5194 9657 6526 8107 2634 7106 3679 7331 3148 4025 792 8715 543 1428 3371 2281 2366 1078 4693 2623 7072 5703 4420 3004 465 2596 454 106 7690 4013 5829 572 8585 2231 5001 5484 2548 9146 7717 4997 
303 5974 6306 1181 3093 5954 9506 1569 1581 4349 9587 7203 5980 5670 3108 6750 7534 5251 6826 981 9284 3528 4627 2510 9513 6070 9504 7490 70 5926 7396 9759 3306 5779 2352 4728 5658 7689 1381 4581 918 5163 8956 4871 1294 6725 9065 
5454 9271 8935 4438 3511 13 4888 8941 9633 1490 7452 14 1107 1929 9624 8824 3738 2296 2624 5829 9528 8732 71 3484 8293 2490 8778 426 6487 3692 9054 8252 453 9355 7532 5063 8551 5438 9040 1661 6879 283 185 1336 2283 4335 6120 
5404 5945 2864 3920 2052 7165 3317 5274 7532 5747 8053 8157 9059 6376 6138 3521 8028 1628 5594 1988 4575 7015 2428 3201 1226 2692 9727 9712 9106 3067 8173 8083 3118 4733 2079 139 6276 7556 4395 4592 8528 8056 6269 706 3874 6552 3369 
1322 6113 3818 4631 3816 6081 3183 8389 8980 2156 3575 9724 2005 4720 7371 27 589 6455 9335 1004 7007 9591 1872 7683 7599 4276 8121 6712 156 593 540 5197 9330 2849 2930 542 3 5126 4596 7379 417 4382 9207 2237 8982 869 5949 
8063 2081 1480 5118 2704 2561 515 3420 5953 5758 7027 7717 5687 372 9822 7969 5542 3665 2228 3126 5770 8139 6214 920 4851 5104 1578 7036 9783 1775 6723 4502 5941 2340 3368 7027 9102 7222 1711 9576 730 424 809 7252 6710 8541 7772 
8453 2145 51 6036 3214 4623 3469 3223 381 1193 1182 7946 9209 551 8195 8089 8239 7013 9862 2807 8617 1382 7394 1612 5057 3433 7406 8560 106 9970 898 1666 6748 3310 5363 5770 7802 3903 1813 5890 1752 7580 7531 1644 6480 5526 587 
7543 2247 3144 7463 4874 1407 7044 7730 6908 3945 9300 7453 4437 6456 619 7091 7883 5349 1672 994 298 4176 7716 3084 4634 4318 9570 3309 4334 4733 4846 9875 2355 8160 4523 8825 345 7141 5022 5266 1278 8620 5450 6327 5125 3250 2932 
5357 2590 6205 3084 6018 7544 3905 7681 306 5448 1448 3331 4371 5792 9940 9220 814 7653 3143 4197 1420 9412 9031 8625 7403 6287 850 9720 1868 3853 9224 4182 4425 3751 2632 271 2376 5648 6310 6325 4903 9697 4236 6619 1727 6991 6895 
1847 7568 9789 9498 3113 6652 367 7019 1841 4858 3847 3877 143 6857 7153 2246 4646 6265 7133 630 4076 2323 8557 6600 6468 302 9317 4364 5173 9689 251 5424 9462 5035 9033 5547 7929 7004 3806 655 1442 7937 6421 1721 1415 312 1940 
3377 8555 9023 3122 7411 3838 9708 7740 9648 559 7802 5888 2218 977 5536 6000 6437 1258 2033 3229 6617 7910 2903 9261 5564 4391 8563 3682 6633 8019 1710 6742 6873 299 6806 4235 2127 5556 5267 3861 7033 4722 464 8768 1222 8934 1861 
2898 6234 7608 7415 181 4630 4668 3111 4999 8120 5184 1601 1936 2311 6146 2521 3799 2955 1567 4350 7048 9216 8990 3394 8929 1375 9792 1181 3837 1778 634 7152 9611 6531 3164 8322 4357 6710 961 8872 7884 5872 3749 1488 257 3966 3594 
7274 2085 2435 2285 4511 5865 3316 1913 8150 169 8733 2596 7651 7283 2291 9005 9522 7668 1046 8550 5863 341 5549 2793 9335 3008 2051 8453 2171 7943 3397 2767 6506 6141 458 4287 7042 184 5688 3440 7271 1223 7463 4070 8019 5366 1428 
4283 7924 9221 1908 4884 1950 6938 1983 985 4405 1180 7737 4585 4189 3912 5737 9039 3784 881 5933 8451 8153 435 307 6498 9200 8189 6142 6989 2256 7197 6527 3838 3582 4546 2343 2601 3896 3258 4767 6510 2745 7811 9676 3013 962 2412 
2550 9170 8214 6420 1596 6843 9123 8363 3388 3915 589 3885 185 4619 6957 5098 9443 7030 6537 3333 1066 2332 4761 3649 7110 4505 9977 9315 1530 4534 7035 8480 3025 6619 3511 7987 8190 7012 6919 2782 6587 1566 6342 9067 2966 1166 8864 
3626 4630 9743 4957 9514 9612 604 9545 9102 7065 3871 3785 5172 9509 5795 1702 6177 9458 1900 8424 9075 9949 4870 5090 6151 9638 8495 6291 1780 619 2222 2631 6891 7327 2439 4751 137 5751 8066 9928 7809 4524 9744 2710 4273 9350 7469 
3809 3938 6005 2066 9529 237 2858 5338 9936 8735 6717 1240 5384 3595 4703 1905 3099 3088 6369 8359 1642 6884 6482 7939 1816 5320 8259 8033 72 7179 6252 3153 3808 1477 4231 1464 2893 3144 7787 5070 3945 684 8921 5816 6386 7843 6654 
8750 6506 2474 7857 9768 3470 9156 8552 971 1364 7863 5175 5640 5365 2459 8389 3109 5535 3798 1703 2086 7032 9909 7101 9428 2728 830 3822 7178 7732 6436 5056 1445 7877 6089 2394 5447 7735 8676 3148 2278 8937 9264 2255 8892 4881 1092 
5071 4990 9493 8558 4617 1039 8876 1941 6475 6783 9269 5462 5766 9078 1571 1496 6554 5066 7243 8812 9886 5703 1326 3472 5458 5172 2528 5933 8269 6698 2028 1495 2876 9689 3404 4448 782 15 9709 7151 8297 2667 633 3167 2886 5828 3749 
1187 24 1499 1398 1320 5117 4140 8984 3958 6694 1446 274 9117 4608 8918 8047 6075 2503 3259 5543 3598 9568 4341 7477 6565 3277 1563 1308 8719 735 4269 1750 8984 6553 7917 6016 6345 6313 9315 7844 8356 2584 7466 158 9734 1729 7697 
5317 9626 3897 1836 873 5856 3882 7617 2198 4861 9674 5285 8437 6058 8204 8181 4989 6928 7869 3408 7463 3972 680 8568 124 4899 5629 1836 9481 1764 4423 194 1788 5502 343 3037 9731 3799 7721 1104 5233 62 4280 9593 6064 9808 6572 
7980 720 1157 2087 2812 8069 4023 6095 3944 4036 9670 7848 3946 7216 1334 8678 1271 4197 8768 8023 8869 5393 3582 7510 3126 1433 4188 9018 9375 5387 9094 4088 1513 7236 3394 5088 3313 7138 4294 6100 5907 6824 5494 5082 2117 3755 4563 
8825 442 8278 9804 9939 63 7791 5102 1565 2897 462 4873 6902 9143 5343 7636 1877 3709 9959 6581 1314 2170 8653 7491 9890 198 5992 3789 2729 8616 5402 3573 7198 238 9899 6250 8720 6082 8170 9798 6259 4892 2034 3002 3149 4171 7499 
2632 1569 3112 829 6658 8280 8531 2204 6577 2623 3236 1638 377 4148 4327 3106 8430 2497 3438 8961 6306 6330 985 32 1781 8062 8271 9953 833 5704 3826 2067 5755 5816 15 3690 5085 1785 9030 8596 3702 6799 7014 1694 1743 5752 9845 
7790 9491 3475 6913 2357 8726 2064 3090 4147 181 2798 3394 6516 9517 5930 5478 1475 4940 3268 2459 8175 3857 5058 2162 438 9955 9538 6150 3198 6372 8076 7776 399 5715 242 9363 3825 3111 2141 4351 3409 1459 40 9771 354 774 5325 
6215 9372 4147 862 891 3138 4316 3908 4607 2331 6446 3440 9632 6417 8592 9101 1438 6947 924 3221 4519 511 8027 4856 3052 1355 6874 5046 6876 408 2463 5730 7025 8013 1949 9169 6814 7246 3112 502 4886 8452 429 4367 3290 3446 2382 
1589 5851 8183 8457 7353 9841 3308 3058 2732 2375 8677 1857 3919 1854 4708 7371 5785 590 1942 7815 663 3200 1963 9122 6918 1499 2691 4689 2201 4806 1966 3872 2435 1239 5220 2898 6579 6042 5110 9771 1205 7523 819 7249 1894 4379 3072 
2052 4831 6448 2549 2876 7355 7597 1919 5199 1624 6396 6830 9239 3775 6418 5211 1651 4038 6512 551 1577 867 7939 6464 7703 990 9984 9553 4002 8464 214 2660 2338 7209 4474 8166 867 9390 8950 3873 3916 5735 7882 8689 792 8663 8440 
3046 1261 3376 6019 5217 3113 570 3817 8994 9721 361 8746 9064 7997 2068 8940 3781 9870 10 4245 1136 9613 7527 5975 7041 6353 8527 2272 3333 3462 7136 8017 8185 2468 3550 3905 4472 6440 1960 356 3999 4229 4730 5485 4852 5003 5912 
8629 8947 3876 3898 4219 492 917 7729 6512 6293 525 7109 2644 2182 6433 8697 5569 8909 8601 5902 1404 8594 2330 6580 9756 528 3714 9912 9163 3750 1903 2019 4424 4621 5776 9392 8737 1806 5900 954 8369 1634 5215 4798 1419 7659 8365 
1544 2636 8607 9866 6331 5563 8727 8999 2116 8316 6177 2862 1075 1374 3363 3806 4260 4587 9030 7890 8332 2922 4343 9741 8783 3851 8999 8505 8818 5693 6339 3608 7188 8649 3204 505 7050 1007 3376 696 5492 3371 5954 6962 8005 9980 4552 
5798 3224 4564 2051 4518 9143 1194 1857 4143 7397 33 9927 8914 4860 2449 3298 4607 7172 9625 7194 6782 3194 5051 7702 4579 4048 3425 7717 8027 6598 341 4685 7263 999 4383 7334 5499 8203 8572 1674 4083 3662 3703 185 8287 9625 3224 
133 9948 8992 2079 840 4827 6604 2242 6356 844 9101 5084 8509 5604 9060 1420 4616 2726 5120 1690 8333 1611 3402 2962 9681 1592 4320 4541 2573 4708 9239 1295 557 2978 1325 7035 2273 3280 3331 1140 4135 1910 6569 8131 2318 4191 2806 
5981 3200 4333 9330 9600 748 6120 5008 8608 9819 4182 892 2856 6018 4673 8203 5169 5056 2568 8342 6639 6240 294 7522 1745 3896 2473 2136 1612 6723 1923 8756 6948 2699 2592 6846 9046 5449 7237 3634 6065 2212 7448 4471 9140 2764 4114 
8437 1472 3538 743 9725 6769 4734 3048 5021 1491 1910 6860 5902 2122 9327 4426 4393 4646 9122 2559 9061 1840 9863 4286 5947 6768 269 3463 9921 9769 3381 5904 543 2983 1343 7002 1778 3225 7760 787 393 4258 5124 3931 5764 6408 8492 
8665 3247 5080 7136 142 3901 1332 954 8866 5485 4148 9219 2334 8042 5637 8484 2288 4237 842 4216 2871 7993 7331 6666 4029 97 8498 1408 2494 5093 3823 1979 4818 500 9846 6574 4078 6503 4771 4086 3819 7533 5058 3441 4925 7897 5793 
3833 9721 1822 2266 6618 4265 4545 2842 3301 8603 358 1217 6011 0 3377 3983 7618 3345 1260 1486 2585 7163 3772 4253 5870 7661 6887 1166 9467 1982 7969 9791 8474 6275 5593 72 9731 2622 5019 4958 5982 5236 1155 815 2355 5643 7361 
8597 2016 9560 7029 587 8804 9795 2705 6587 7546 4754 5296 8082 2806 7861 1767 9942 9855 2162 8532 492 8165 2713 3574 1717 1235 9519 6523 8524 992 8308 2586 9418 7909 3425 8018 7894 7982 5186 3032 4744 9548 4026 4675 1679 1256 6204 
7610 3516 9332 7536 8920 726 5344 3882 7019 642 1528 9071 8304 3109 4490 1955 9846 4544 1838 3040 288 690 9358 7978 3911 3517 4510 3673 2254 5092 6146 1147 5855 4435 7770 1461 6831 4762 1147 2129 7303 1418 3242 5559 8530 8095 2880 
6562 7917 1947 3168 7607 1357 7224 948 2036 8707 6852 8370 4865 339 2806 5840 6117 8803 172 9994 4025 7419 2180 6907 8452 5510 129 531 9576 8622 294 7172 1167 2522 136 7806 6259 5467 2565 2421 3235 5914 3744 4137 7774 7880 605 
4833 8986 3855 4361 3097 619 9566 9895 4816 7184 2714 9095 3569 5246 9253 6474 5149 899 7772 9251 7420 6316 505 41 4492 9712 6434 2593 5757 163 5765 4771 3356 4190 370 9265 4363 5345 1054 5442 1191 1758 3167 7286 2124 549 4158 
4385 9073 2673 9504 9605 2296 4624 2016 7952 7617 9330 2529 3167 1919 4712 6154 10 8126 6270 7173 5384 9720 6821 6570 7241 9029 2039 5021 2484 7603 6559 634 5943 7718 7023 8014 9459 979 5463 253 4878 442 7842 9922 9999 8215 9447 
444 7612 3183 4754 4324 5552 3338 2655 2075 5221 509 141 2867 4999 6424 1868 9483 5135 5653 1944 8595 1137 635 750 7347 9469 5730 7920 5487 3192 7384 8780 9782 8571 3753 7083 5755 6439 7638 1468 7328 2717 559 1740 4044 4281 2490 
8416 3110 6778 2164 1752 5196 1642 8278 5303 4362 8092 8056 7104 1477 1402 235 9558 4368 5674 5421 1870 8812 4003 4929 3018 3540 8919 9932 1594 2839 5354 4103 4761 8225 7757 6979 272 7575 4104 7623 7984 4771 2037 6244 1182 8691 9458 
5916 6941 7964 3182 9792 7059 9334 9688 9328 7153 2779 7571 7082 8607 2823 3643 9218 2788 7072 2396 9350 1127 4876 8942 9469 9468 7777 2738 6898 374 9581 6996 5881 7176 7287 9201 9710 1044 8284 394 7384 5425 2528 5299 6541 9173 5966 
9474 6256 201 1596 8363 6478 4990 8934 7889 5931 4170 4763 641 6253 5626 6020 7930 2433 2749 228 2372 541 1938 2052 7320 6481 1617 2965 5556 9083 8293 5554 385 4286 356 9984 4717 9252 3003 1819 1210 3089 7644 5036 7042 4327 6305 
3001 2734 6604 309 6463 5498 2522 6790 1301 2820 4933 906 4338 8988 6745 1454 7155 8417 9247 163 2632 9575 826 9967 794 8633 3167 2025 664 3015 7440 1989 4842 694 5184 8957 6391 3510 1916 9456 2538 7349 5009 7211 1645 1713 8050 
5365 4465 4794 2515 6314 8851 1975 3481 9587 7979 663 9064 588 5130 9479 7454 4812 1973 3019 3633 7981 6805 6268 6358 6032 2324 3231 8914 2553 9858 5201 2332 8633 4516 9506 4463 1075 2764 141 2850 1903 2672 9693 6319 6300 9491 3788 
4580 2272 5482 3384 8123 6168 2698 8246 4795 1978 6884 7156 3056 8488 3019 2527 3597 3587 2577 3495 68 4208 5727 7025 432 4226 4668 3650 2938 3971 3349 8376 725 5305 3228 2616 1160 458 8148 9628 741 2348 1024 8123 4023 8961 390 
