96 96 96
2628 4690 8180 1693 9492 7358 2862 6650 5129 8770 2960 3551 5374 4963 63 6351 7912 3654 1642 8464 6859 5588 1251 3857 447 1960 66 4867 6753 2994 8147 5129 1465 2883 9110 6876 2689 1539 5566 4818 8277 1039 1696 2603 2162 6388 6308 6988 1287 1949 229 8486 6216 3749 9003 4025 8880 6580 2472 9933 6811 7591 3451 9899 2113 7940 8550 9280 7749 4426 3461 2956 4756 1043 9025 8171 2841 7770 8370 7447 5766 8114 9594 7232 9423 6131 7181 1148 8043 6439 7145 2812 3669 8093 6731 4677 
929 1583 2672 9420 9587 9816 4561 7220 6036 5078 9465 2526 9675 6569 7805 9498 6611 6727 2460 9881 4111 6144 844 3280 6751 854 9402 9405 6797 911 6473 803 4653 1083 5828 4908 9021 7018 6684 3642 7347 3479 8571 1708 3656 5999 5119 4655 5716 425 5395 1190 4505 4364 2216 3621 2624 7943 2567 1834 80 2258 845 9517 3031 5579 3867 702 8608 9626 4211 7298 4511 132 774 2744 4754 1955 4053 1436 6782 7903 1200 6646 3880 8723 858 4164 3056 5621 4983 5588 1909 5397 7353 6097 
7923 198 8120 7233 4581 1243 3120 8877 2682 490 6730 6138 5048 4111 6896 4949 6081 8105 9676 7371 5275 1510 1838 7667 2457 1011 430 2036 3440 2536 5240 2951 930 2636 1852 8429 8956 1343 3023 8025 7080 9039 2719 2627 8548 8856 8054 2058 7657 7453 3031 7711 1626 3464 2172 4666 9275 7186 1062 948 6622 6375 9627 4656 1303 5352 4629 2242 1095 2369 1500 9993 8580 6361 9519 9482 8259 9034 5569 1806 1315 1411 7347 886 8195 754 203 8732 4460 4979 2586 9920 3303 5253 1600 6560 
9585 8691 4225 4458 1235 1729 3782 8571 3736 2925 1807 5191 4473 5490 1602 3406 7978 7348 156 5714 3556 3176 290 6274 2774 4434 6902 7783 6524 6079 4785 4825 6803 2476 4343 6583 2062 2757 9966 5010 8978 8487 7936 7228 8344 2487 5768 8070 3897 6285 829 467 6639 6667 4961 5254 6489 4694 5599 3865 3227 4462 2374 1162 5500 3972 6327 6365 5659 1362 3673 1094 6182 6512 2146 2940 7801 4972 3405 2035 6952 482 4338 4249 2766 3339 9729 4498 9682 4151 1127 9364 1213 6 2383 7303 
2512 7006 741 3148 9236 9350 5907 8152 2302 125 9795 9853 9171 5162 9666 4256 1868 1344 8915 1642 1796 5707 1090 2222 1389 301 1554 6481 6352 7391 473 7020 6111 710 6609 9338 1718 6134 7295 8401 3596 5579 8573 8922 262 818 2240 352 575 6497 8949 3526 6095 2586 3464 4055 4477 7431 8171 6583 8974 240 4417 1013 9441 2005 6760 3979 8601 3438 9249 4443 7051 5945 7478 164 2089 7141 7690 8988 2472 5187 1798 4611 2916 4682 138 613 3864 9521 4888 9792 1457 4616 8557 3791 
1616 9802 9245 5942 8035 1195 2454 3660 5099 1144 831 3877 4542 4973 1618 4967 2175 5047 8978 9061 3143 3223 7381 9908 6481 7824 916 129 7679 5989 5717 9066 3662 8536 7224 1696 398 2966 3551 4968 6444 9789 2760 3710 9186 5602 4478 2559 67 7924 5868 6893 748 4447 6451 4260 6553 5196 6625 2654 8323 8488 6127 8688 2685 8497 9490 5045 481 9354 1412 4374 8059 1796 4106 40 2170 7925 8891 5822 4530 8020 1840 1300 8656 7834 3334 8090 19 2418 7336 9089 8853 9931 7935 5052 
8883 4532 2397 1773 1552 8699 9483 453 8324 3509 2152 2700 9189 2066 2869 8942 804 9015 9478 1945 8175 6689 4269 6656 6051 9934 8127 13 2425 5061 3440 8244 2392 9259 2676 1993 8776 1388 8064 946 2104 3554 7113 3019 8832 8227 7957 88 5589 3482 6483 7146 4041 697 218 3282 299 4778 6523 8620 687 3014 6092 8984 6986 6189 5973 6735 444 4244 6452 5880 4152 6700 6818 7761 1339 4923 9336 725 1070 34 7007 895 1417 7390 5149 776 5557 9226 2328 9292 7233 8109 942 9452 
933 352 3672 8701 4135 5128 8235 3631 7794 1068 7337 3350 952 4457 6065 1550 2255 6722 8792 1471 388 3875 2199 8828 3750 5557 3715 5709 8809 960 6814 3967 6252 4804 5636 1479 5011 747 5463 7726 9701 8750 1147 9296 1359 3397 9182 9 6990 3261 1172 4802 6977 7331 4251 8356 9975 2504 6758 6021 5623 7870 8981 1932 3293 386 8641 3522 4321 7311 6838 4774 1860 9921 199 3906 4403 6684 7998 2770 5038 1144 6662 7987 117 4233 5567 1303 5239 2386 7052 272 8423 305 3330 280 
9434 9683 5379 4955 8457 5802 4955 4986 9620 5231 5422 8649 4241 4433 4670 6482 5385 7618 6111 5820 3633 6298 9285 9765 5521 9102 8562 2272 5727 9619 7027 4485 8706 8918 9769 4611 8322 2962 8004 6763 2985 788 8938 192 3150 7136 2311 801 5938 5042 721 5052 9936 575 9458 7390 7503 227 7978 5722 4448 7673 3144 9064 5776 1967 9997 9177 1701 1988 652 3579 3506 5010 9184 8578 5082 7880 2699 5271 7569 6645 2107 8513 5177 1559 1688 9908 5764 5967 3915 7935 2015 196 6120 814 
5407 8568 8869 9712 2265 1778 2611 9494 969 7737 2083 9989 3869 8994 3548 7635 9810 234 1724 5163 9169 557 7656 9048 1109 6852 749 2160 4984 763 4312 4709 4821 2684 7526 1855 119 8556 4602 3963 4593 330 643 9381 2549 7501 7137 9290 9124 8224 8148 2621 8407 6027 8051 2413 9178 7726 7758 6594 6259 7118 16 6970 5297 8883 9661 6645 2312 6561 7816 1105 467 7673 9715 8051 7989 599 8540 9300 5147 5412 8827 1304 4126 7154 30 6240 8585 168 3321 9220 4835 8646 4101 532 
7784 4369 3252 9562 4364 850 3558 2001 9217 5296 8920 9564 825 5626 305 2930 5495 6054 6870 820 1312 408 9540 7925 6131 653 6517 9716 614 1182 9208 4829 4349 482 2606 7994 820 6292 6855 8917 7589 7520 4200 9009 8072 7854 2132 569 2153 5100 9084 7727 1729 5899 1792 9189 4321 3539 4489 4829 9826 1823 9936 9420 3119 8154 9740 203 3416 6465 9215 9154 5816 2380 2998 6469 8514 2235 7143 4995 6365 1599 929 523 6475 1858 3368 8685 4183 4457 5529 5255 9080 3364 7444 5055 
4995 1568 2242 3884 9712 517 2312 4688 9883 6585 5057 3941 5857 2992 829 9538 7587 6140 6980 8218 695 325 2549 5702 9646 4609 5888 1885 5253 7223 280 4019 5892 2674 4326 5511 3831 7218 2527 7461 1464 9457 4962 6726 4727 9775 6945 6890 2737 2447 7913 667 5243 7550 2106 131 9719 263 6413 157 5102 118 7527 3531 4667 7216 3305 269 9896 3915 670 5179 9057 5101 8118 4888 4255 2385 6068 522 575 5765 3711 1388 2589 8711 4485 3346 7101 943 4840 3399 1479 2181 7293 5436 
6690 4482 499 5058 4074 9588 4446 3053 243 2900 2849 4167 2418 163 2674 6449 4556 3877 7836 6337 1932 3036 4889 3587 9874 2871 9813 4120 7281 9951 5627 162 4219 5543 8815 9459 7521 8428 807 6609 6567 5414 437 5182 992 3589 9118 1770 5611 4452 7594 1126 2659 3554 5755 4518 2446 7921 3871 9827 7620 4691 602 7803 2571 842 8305 5262 3622 5109 775 4350 2756 6734 9087 8844 5893 7786 2497 7594 299 7497 7686 1192 335 1478 2909 2094 4783 233 9345 502 6615 4288 7257 4161 
4615 4522 9806 6294 4292 633 3043 2728 9882 6979 8628 5719 8771 3585 2704 7468 9206 2709 1190 2857 6784 9517 3954 8773 3461 2465 2352 7603 1461 9373 978 9640 5150 1200 410 1500 8666 5338 5433 4801 8958 8031 5066 3232 5538 5055 6712 1728 931 3560 8066 4680 8098 8829 996 7574 8351 8336 9087 9690 8279 7233 4502 3616 1016 8175 3846 9396 6467 1416 7654 6089 3031 5104 2550 2847 1815 5983 5161 9736 9188 3409 5821 5882 2967 4060 9058 3677 2167 7283 9543 2298 107 3295 3973 996 
3802 5122 4027 5487 2768 8103 5700 1628 1943 5731 5458 4498 8987 6385 1152 3648 4033 1198 2918 943 2405 7763 4158 2270 6481 2892 3886 6511 8498 4974 4534 6301 4718 784 3749 994 2230 3107 7221 3009 7359 9214 6864 4559 6203 6842 5553 81 9010 621 5203 2695 2802 5590 3887 9830 8717 2355 39 1100 7443 4845 1700 5995 6840 6635 1512 2964 871 3508 1066 4412 2122 9822 4278 8168 5285 7672 3756 7941 7074 164 7919 8531 821 7152 5751 8059 9990 9480 1131 9661 6440 4778 7203 9779 
3543 3128 7376 1916 261 9361 9054 3155 2906 4350 9278 2374 3409 6313 3428 7646 1519 1001 7489 5884 6477 3997 5727 7142 2376 8459 5491 3660 3128 4330 5082 7224 1422 248 1859 9819 9142 8106 4134 6836 2567 5979 9107 8770 2157 4791 8007 694 6660 8206 9766 6151 4012 1642 2266 4914 7959 6911 4844 5850 7824 8222 3806 8928 796 1132 4614 2719 8396 1956 5558 2647 7865 8964 6227 7016 5123 8533 2264 250 2994 6994 20 8685 8131 1375 9092 7806 2368 822 3229 5782 2762 9922 6860 5767 
1045 575 4703 748 6679 7801 7686 2128 8297 2831 4912 6779 2348 3142 5972 3787 2390 1344 8581 8322 6528 3928 4385 6099 4537 1981 9320 1024 7087 4209 5077 9086 7403 6561 8163 6739 8131 3528 3513 4954 4947 28 4671 5013 7580 6814 1674 7104 6553 9981 8277 3144 9006 6569 7205 2752 3255 8137 6803 6496 3475 5219 1151 1075 3487 7545 6636 382 4141 4345 8465 500 578 1446 8780 9011 3745 9931 4782 7604 8334 134 2939 1385 755 2123 1153 3857 595 6891 9873 2621 7654 4345 3118 6732 
6075 4564 3544 1276 3835 7708 839 429 1388 6596 6608 8210 8680 5729 6581 6417 9404 6776 2176 7048 6740 4753 3588 1157 2902 8746 7774 6604 2403 730 6266 2819 5713 300 3542 138 5416 4283 9800 3473 6607 825 3543 4962 1951 1490 8172 8975 7969 8084 6877 2318 9141 3547 6579 9238 2833 7737 4361 5879 6598 2041 4734 5780 127 2040 7650 7561 2923 9961 2364 140 907 6481 4814 8631 3090 3917 2184 2366 9620 5036 113 9187 3751 9908 5422 8047 3314 3734 8438 930 9231 2426 268 7706 
8225 2410 8669 9888 3863 5189 2895 8861 3538 8584 6808 1368 9929 9331 7403 6947 2228 1209 1925 2858 3315 287 2438 3252 6707 5338 2130 7012 6748 9627 4842 1431 8946 1364 6788 7808 7189 1704 5553 3610 4729 6784 6383 3434 9172 5483 2214 6188 4656 5308 1706 8331 9589 7400 9950 4009 1322 6166 4596 1100 2306 6676 9537 4538 5786 2636 2254 5819 2555 1216 6259 6868 114 1132 9673 8769 7130 3604 5822 6988 8546 4666 2215 9644 8009 8392 2783 6668 8764 5504 8088 3585 1624 6233 6813 8855 
8995 3425 1377 4885 6056 5378 4414 4846 9883 8660 8933 9012 9578 79 1508 2345 2815 7776 4761 643 9087 860 2071 5259 9731 793 6017 4766 331 8439 9837 3596 1520 2802 2776 1025 9636 9616 1080 7033 4721 8292 3239 4984 7048 5114 3936 7928 3678 9968 4958 5548 5488 4782 5909 1438 7976 9609 264 8225 8121 2358 672 2980 3698 8886 2567 2669 4680 1971 2035 6883 9660 1304 2329 658 8457 6133 5785 8613 4728 5252 8256 6756 2428 6678 1785 907 3063 7853 3075 460 2329 5543 7104 5819 
2538 9696 3278 5275 8168 9866 3082 9700 1612 655 4384 895 4371 3458 6257 7083 7024 9264 4116 9357 1966 4946 5870 8139 8570 2976 1138 8660 6022 617 679 8561 1481 4304 1914 3552 7106 856 9802 7661 2678 7108 3600 7850 4695 6078 6958 1877 5934 4009 8998 6798 6407 6948 9389 88 3431 7831 6360 382 7118 9314 3095 9178 7281 9928 5150 9516 1266 2736 2802 5306 7994 7143 5276 3449 2632 4695 312 9590 1774 245 9949 3222 495 7032 7951 3464 6797 7763 9872 389 4047 6982 5357 526 
9201 9749 903 2722 4757 1465 4954 6566 5468 9059 7661 7763 4183 6414 3895 5625 9018 1220 7200 5134 7956 4646 3522 4660 6240 3600 1793 5143 4959 4435 8828 6481 5453 345 4856 3937 744 4554 8566 822 1041 9500 1492 3250 1950 9521 1854 5353 348 4146 3976 8895 2619 8816 2260 5801 7924 2436 4913 8222 4615 8308 6808 5773 8883 4032 983 6633 6373 6039 1502 2544 25 9868 2947 979 7649 2868 5733 7334 4074 7472 8288 9157 1665 4232 4671 4854 8049 5155 3971 7550 8896 7808 9735 3278 
329 8556 9590 7115 2166 5183 8900 1146 7763 6717 8430 831 571 8511 9200 3776 4416 2010 672 4362 8000 9342 9581 7531 2839 5844 5892 4973 1107 8587 453 6215 2764 1640 1933 680 5272 716 8717 5415 483 1945 7892 2604 2741 1733 7618 2108 8356 7470 9313 2876 2096 7132 7493 1610 2767 3505 1656 9078 8556 782 4869 2549 8111 8251 7757 6080 6926 5827 9749 7123 3683 1780 2212 4843 1518 4073 4335 1445 501 7895 9327 6981 4681 2138 7014 5003 3632 5939 6378 2558 7957 7804 9280 2763 
5950 8983 1875 1252 3262 2872 5699 6622 7600 117 8274 1727 1761 694 6124 6438 4602 1653 5135 8786 6626 4197 7498 8994 956 8536 2151 9836 6311 7905 9242 3076 1571 5789 7527 4158 4682 2520 7578 3351 3340 4942 9731 4568 160 9945 3667 4474 5733 656 5440 9614 4134 4867 3215 6490 6392 7938 7067 3489 472 2870 6284 8816 841 3236 569 4127 9513 6799 4471 4002 6834 8215 2809 6060 2089 6853 1529 9167 8794 7780 6762 2157 6670 1946 1992 1505 1546 6027 2237 5480 3824 4690 7008 3868 
9968 4998 2106 3466 7890 4347 4921 4376 6027 9855 8481 1644 3875 5740 1285 4601 9575 1073 2488 6257 1006 9066 6894 9232 1358 2094 2537 5474 8766 5303 2097 7484 7661 2159 8802 3271 5584 236 1544 7226 2974 6347 5242 5433 857 6702 7991 9071 5808 1763 6977 777 1527 5660 5358 7122 7688 7339 9596 7071 7187 260 2206 575 8463 3687 4629 3993 6732 979 1131 2275 840 5504 16 3640 5868 3012 4884 1434 9876 554 6473 2905 535 7251 6920 8236 9822 5339 6869 6766 4131 4107 5556 6289 
6403 5239 5546 7954 5062 5098 3695 5939 2042 6402 4484 7426 1741 3200 8995 743 4612 7621 7216 6161 2313 9463 8563 2713 6079 9617 5313 2517 8662 6044 4280 2275 4587 3675 6207 5945 7620 2275 2059 6326 5339 9365 1461 3241 8279 7755 4621 7649 9963 4224 3224 851 3171 2563 9036 3339 7194 7029 4653 6671 1002 477 5421 9723 1258 468 1619 5885 5203 7672 8553 5688 655 7044 1445 7864 7674 635 5207 441 9088 7489 7726 2119 5703 5928 2377 2729 8724 278 666 8339 5211 1027 6147 8119 
5598 7572 1225 9558 6584 8738 5238 8457 5501 6480 5475 1866 4378 9606 6089 3239 7800 9915 559 4847 3967 5594 7789 7322 6571 3431 6655 3725 7843 1338 6378 5289 324 1086 8545 9141 296 5507 924 7476 1323 3319 2209 7353 6234 2815 8857 4487 5872 2183 1021 5606 1019 9143 2976 9404 6614 3269 5644 9125 3645 3005 3789 8424 2976 7204 2714 5653 921 8772 9783 6506 8905 5032 2359 7971 1195 9276 2415 9749 5985 7489 5409 8346 6730 9800 7149 4755 2295 4574 3576 1109 7320 9604 7518 5891 
8206 675 8940 4856 4434 713 139 6752 2987 9633 5556 2882 909 2110 7080 9883 8800 692 7471 4981 5363 2699 2942 2810 8553 3202 309 8222 260 5057 8072 6732 9462 95 9474 5825 9391 1546 8264 4635 9696 2430 4331 5925 1501 7204 5914 4304 8554 9113 1569 7822 4096 7741 8758 37 7639 2890 6250 1820 8009 5714 9637 7554 2786 8509 1738 2788 9106 5270 7383 3198 8027 4166 7525 7035 8394 4364 3297 6994 1500 4686 9081 9016 5840 5317 3028 9257 4879 8517 1072 9990 5010 7464 1551 2946 
2815 7700 7519 964 8642 2359 9191 4703 703 5887 8445 7034 3500 4321 3305 5308 3493 7622 5610 8025 7201 7221 4893 588 1993 298 5691 4023 8921 7149 1752 2201 8219 132 3699 2606 2599 5164 9378 9372 2057 9281 2746 8115 7571 5245 3666 9294 854 2922 4870 5232 1543 2172 329 2686 2670 3509 6618 5900 3397 3862 1399 1479 7620 966 2327 5370 4592 8790 5663 2309 105 5512 3904 7379 6044 7291 5175 1207 2119 4333 1332 2900 2579 5546 5409 3555 282 5867 262 7030 6896 6602 480 1986 
7814 1411 401 8821 3351 1626 5844 7757 1492 882 2441 963 8359 9184 9491 6728 9162 9611 4719 9547 9055 7139 6797 9457 435 6443 5983 5000 7067 1912 5405 2720 7035 9359 6590 3353 7809 9855 3650 2833 1585 6956 3906 2436 7466 2076 3350 1633 3045 1561 1833 4210 6614 6503 1915 5541 4760 8727 3052 5249 457 705 1969 6308 4475 3862 170 4880 4377 2183 2440 9781 8191 1383 7161 1040 8585 2894 3760 7348 5856 6013 2176 1928 6463 394 9103 2055 9380 2522 8510 3437 2575 9771 4727 1364 
9865 6734 9919 9744 1571 2721 3215 2852 3807 4044 2368 9774 3457 282 758 1729 9259 5865 3643 4 1638 1275 9003 9592 4572 8258 2695 9723 359 3422 2355 9155 3483 1516 510 819 9978 410 5642 2713 2381 4577 2135 6872 9174 817 9462 662 7747 8247 2041 1357 553 128 2115 2506 8996 1904 4784 956 9154 7717 7791 5178 9869 2772 9980 3375 6925 2910 9173 4755 4976 6529 4344 409 3432 246 4804 5016 3160 992 4309 1212 8057 3904 488 7015 2875 9625 1225 8775 2843 1379 9578 2465 
846 4535 6932 2680 1051 8841 8185 877 1706 3829 7226 4386 9393 9220 6428 8648 6844 3438 3579 7874 6310 5890 508 4190 1918 121 6973 8157 8061 6502 8930 7267 8884 952 4923 225 8990 4011 6700 5607 7492 1220 7273 4500 5155 9357 244 8663 5112 9008 2421 9472 4314 3632 8781 5927 9323 5190 2115 2139 7994 438 570 5895 8675 8043 4045 8830 6189 2059 6356 6998 4368 740 3662 1288 7131 662 7907 9787 5514 6817 8116 160 3529 7660 3353 9043 8198 443 6369 6759 2912 5500 9767 2025 
3770 9886 1566 5837 5744 3848 3122 7199 4938 4389 6239 4395 7614 2347 3835 7666 9918 2923 6778 7086 420 1090 485 5000 8269 3685 752 4264 1932 2884 5825 8702 5043 8531 2285 4556 2591 4073 2839 657 6450 755 9851 4802 8401 7115 6564 2189 4385 6702 9760 2248 7230 5758 7921 3844 5183 5556 1312 3142 2969 7922 5643 6107 1169 2969 7689 1970 3446 6211 4802 7214 1437 827 8016 361 948 479 9389 5810 2801 9133 9878 1198 2122 8935 2779 2374 7188 8966 2785 6777 954 7021 1216 6620 
9556 9159 627 5047 302 4008 9345 2481 5 9917 3967 545 9477 5891 1293 9939 294 4516 4784 4094 3640 1728 6956 2546 2060 3608 9781 3254 119 2165 4315 1027 7571 4222 1571 4409 4421 7465 3683 8733 3553 5243 5666 982 6568 2699 9127 21 7116 7945 3242 9522 993 2228 1960 5745 7755 4358 2281 187 654 7228 6049 882 6790 2219 8334 157 8011 9075 5619 9829 2367 2275 4176 609 4635 3481 3194 9682 4552 6893 7055 9706 140 7549 7285 463 5959 7280 3909 2384 5015 646 8806 4674 
3437 5270 1966 3817 5170 1203 3435 8523 3234 45 6923 3727 3416 4749 4379 3889 3542 8348 4367 2434 7206 2046 9080 4354 9951 7647 7687 9958 9688 7918 9350 6340 3291 9187 8377 1496 8855 7786 618 7518 7526 3508 9443 1158 2669 3101 3089 1978 3696 7915 7418 342 6638 8976 3705 2718 6074 3668 8523 1718 6675 5882 8394 6565 998 8426 1771 3010 2761 9100 3161 4059 7625 2260 6781 9945 3265 1827 8670 6852 3419 558 5626 3808 8119 6977 1673 8154 9806 4835 4587 9339 7066 8892 5615 5916 
1155 6933 8364 7811 5617 5632 4999 2891 2583 2686 7115 3912 1678 9168 2699 8569 8357 1841 1827 4665 2751 1131 136 5633 2241 2203 9773 8307 5209 3095 4213 7807 8753 5733 8924 376 6180 1292 1951 152 5073 2731 9371 122 6483 9321 4546 7528 9952 8470 5316 3798 7435 6867 8818 5487 7310 6658 5609 4295 7563 4621 9630 1363 3028 5083 8307 738 4652 2300 8122 4899 3768 823 9128 6699 4840 328 448 6920 7893 278 8830 7641 87 1188 519 3026 3149 2291 3127 291 5902 2981 6115 8196 
5640 6708 3587 2797 6115 3 9271 5381 6847 6171 8404 8982 3087 427 9587 1523 535 277 4853 7917 2917 7984 2884 8789 2123 1195 8478 9264 3876 6956 664 9826 7584 3123 2014 9992 3244 6878 1138 4649 1043 3993 9621 5082 5996 8076 1200 7413 1825 301 3027 1353 4108 7434 827 9390 6600 7675 8562 4750 6730 2925 3368 9205 5378 964 765 194 9549 2090 4549 2276 6545 684 4134 4544 9257 1727 8716 1107 6248 4808 2584 7381 6673 344 8456 5569 2759 5891 1847 6393 8778 2867 2360 6818 
9885 4864 9788 1476 3794 2478 5984 7148 2018 4851 1165 3556 2021 7685 894 735 6844 3192 2187 6214 6481 1882 8101 1463 2244 462 1507 2776 4135 5878 7461 557 153 8701 9854 7428 9663 2890 8235 1015 3408 6267 1740 8378 2575 2280 4156 5893 928 8660 1548 4393 4615 4925 944 6193 4632 6973 9849 7942 5721 6360 1780 6886 227 5582 5350 4521 214 1514 848 2745 6464 8081 8350 6258 8158 6464 48 2825 5644 1509 2301 4713 9753 7117 1911 6938 9914 7824 9955 9614 3906 9805 4679 7794 
1082 8256 5381 1432 971 2890 3661 8892 4684 8983 2122 2582 3860 7393 5287 8973 9139 5490 921 8865 6258 7765 7022 7953 7847 9916 1641 9482 6544 1627 2944 9701 1601 9740 4101 9556 78 4450 7275 6436 5534 143 6107 6133 252 4865 9770 2146 1143 9600 1606 1231 1707 2453 1206 3115 9379 7077 6904 7508 292 4441 5181 7247 6976 8897 7570 3042 7803 6319 3309 4064 2892 909 9052 2393 3505 6575 7693 6768 3370 4943 4144 5217 2643 8691 9641 1301 7480 1103 4732 7202 188 1633 1039 7079 
2164 2338 4027 7723 3394 6919 8768 8204 6244 2757 1572 7988 4184 195 4710 2878 9070 1189 7871 3100 3862 2409 7264 2668 3573 6839 8397 8117 3020 569 4950 4189 3942 1957 4746 1625 4987 1499 9836 2016 3481 8260 6713 4282 5628 7397 4602 3437 7741 3545 5722 2333 704 7910 4728 2721 4222 8273 672 1404 2745 6119 3842 7570 7879 367 6679 8250 1092 7799 158 4585 2079 663 4953 4385 9702 6850 7328 6141 5267 5273 8450 413 2149 7768 1940 9758 5885 7191 4248 7974 9492 6973 1883 2060 
9782 5011 6109 9189 4011 4810 7250 6527 3933 9163 5516 8031 7809 5523 7743 8024 9712 1559 6408 8734 6823 2663 8424 182 9143 8231 8321 2119 7061 1061 8696 8309 8924 5527 1073 5865 9030 8936 9180 8190 2636 471 3828 1024 6802 2444 5698 7032 1744 552 4097 6258 9670 5538 1355 2600 5179 1064 6646 9344 3225 9906 2285 5632 5464 1780 7762 3062 344 3403 1000 5858 8096 4914 9569 9495 764 9422 5566 6489 9372 5480 4671 2948 3147 4486 2743 7964 6798 2976 9300 8543 1267 4584 6377 6050 
5445 7598 531 3579 5720 9021 6806 6322 4351 2426 5757 6352 8334 3264 6377 4440 9362 7523 3823 2153 8392 7363 7234 8225 6286 7350 55 4247 7293 5165 7968 7526 718 5915 5529 6761 206 3333 9851 2510 5091 2863 6173 4526 4829 6719 4337 8935 7243 4249 6611 3262 3930 9805 893 974 3788 7525 3159 7075 3230 9611 3671 4518 6444 1204 6172 1643 8706 3722 7270 4917 5104 9200 7703 9529 4522 3792 9801 7162 9256 3823 7213 5152 1301 1700 1553 1747 2721 2077 9095 7748 594 4291 3621 6708 
8920 6323 2877 2748 6734 8383 8021 442 3755 5340 6890 2700 8874 3681 360 4700 2218 5309 5672 6770 164 300 5245 1450 1303 2897 422 3242 711 9242 1844 9844 7232 2418 6368 4739 1886 9796 503 2286 6132 2782 4504 1480 5180 8993 3869 7131 4193 9364 5594 9539 8663 5613 5031 3402 1305 2543 7572 2180 750 5256 6211 514 1848 4420 2644 8339 9263 6913 1480 6338 4270 9428 9701 9644 9946 6099 3194 7320 1711 5180 1368 7031 3051 5073 8044 4362 964 5382 1877 1754 7384 665 6596 6641 
5526 7442 7166 3683 4933 6127 2191 9431 2280 6665 3894 7825 9652 2219 9392 3601 5862 7723 8110 4068 6237 9971 1003 9956 3431 9966 3110 630 1511 1001 6034 1719 7298 3805 385 1444 5002 6487 2342 78 3214 8851 7239 7431 5115 1368 9743 6584 1312 5936 116 1701 4413 1224 6676 9682 4030 9778 1425 7765 211 2370 1064 1306 6028 3979 4279 4702 946 8703 5989 4146 189 9188 2213 7452 5752 7830 4960 4542 2361 4350 8824 1635 5981 1766 7562 9409 3125 5727 2127 9175 5866 6464 2842 1730 
2379 4721 2519 5019 2201 9404 933 9333 3768 4334 493 4285 6169 6055 146 3698 7580 1479 2939 9143 6795 189 1654 6459 1247 3876 9572 8365 9884 2826 761 3548 8326 1374 5321 6929 9963 1690 8771 7250 7809 9387 9138 235 6047 8260 1552 8023 8575 9327 2699 6914 3606 6449 9907 8260 2086 5428 564 2323 504 7065 4879 5389 2877 4474 6765 1960 5146 5123 4738 7862 8888 1072 8518 6175 6828 8233 3063 9387 8364 5538 6728 3564 4283 2130 5018 5742 552 8538 6723 9273 2940 9649 7847 6160 
2503 1867 7074 8686 3427 7617 7818 5160 3653 4211 2705 5896 6348 750 7442 8183 9772 5746 9478 4393 8215 1399 6700 3349 7370 6069 579 692 2717 6464 9939 9458 2068 3832 9362 9482 9503 9291 8110 7544 2039 9206 3527 2565 7796 667 7409 6373 9930 5599 8612 1806 1557 2222 5600 1855 21 7900 9481 677 2702 2557 6977 793 1571 2225 2435 2282 6216 1139 7856 4013 7931 3687 6411 4889 800 6198 4269 7274 337 2455 7434 685 264 6563 117 9733 3008 179 3606 7531 4627 8883 8213 2418 
5109 6115 2557 4383 8941 7848 4256 8382 8885 7396 847 8775 9716 3983 2541 8746 7034 2423 4878 3080 4066 3041 5149 1712 8795 2513 3641 2768 4222 5641 5347 510 3241 2308 9944 2380 5053 8258 5994 3893 4419 8964 357 5205 5489 52 5450 7668 9982 2616 3499 1142 7299 2102 9555 5602 2884 2820 2688 9565 8382 6238 5132 8091 9667 9969 3719 3671 5306 685 6085 3652 5391 3002 5132 4076 1583 2123 7661 1893 8143 3525 7207 8813 722 3689 8779 9392 7820 1284 6651 7249 4267 3692 6392 5645 
9 2937 3261 8456 2412 300 1672 7496 7219 7327 1495 8341 9149 2087 2620 2779 5903 8511 4853 9868 7549 7813 2044 7002 4701 3283 3715 5072 2137 9725 4270 7767 7535 1018 3899 8837 2707 1370 7242 4955 5510 5111 1472 6216 904 5259 1120 2909 4410 3380 1627 8582 4077 3643 6521 7108 3399 2670 6864 5666 7887 1678 7928 7305 206 8414 4517 6862 5152 7888 5091 7674 6779 8926 4138 3037 5230 9798 6521 1951 4806 7543 2356 8453 9246 6837 3171 2978 3650 7479 9455 1248 4213 8335 4677 5889 
8067 8497 1520 1167 7292 72 3558 626 5183 4846 6023 8631 9811 4967 8787 4672 212 1623 6915 1635 3250 7275 3888 8351 6745 7095 122 522 8863 7349 4925 112 9522 8562 3892 9129 8398 6732 209 6319 7250 9635 1670 9022 1008 6162 6928 1860 8329 2206 2977 2901 8898 6868 8953 8969 5844 5431 8675 222 5349 659 7976 720 8829 8952 6981 4191 8921 9170 5697 1547 2188 4772 5262 1349 4976 2679 7054 4464 8443 62 4267 9236 2451 5282 3159 1336 5744 3860 9913 6697 6504 8581 2150 3355 
8024 1164 7793 2525 8480 9325 8955 5291 6256 19 1021 7967 2879 192 2983 2857 2180 3812 3196 9656 4603 9462 1387 9095 6609 9590 1424 215 1843 5743 4949 4749 2605 8270 6391 1894 6842 9023 4768 7495 290 5735 5383 1851 9948 9792 7158 5348 4573 7012 933 8728 1597 4735 154 2127 9773 1617 3065 8303 7495 4424 8552 2932 2930 4137 8249 3244 5883 2326 7803 1389 278 1957 3846 2259 7055 8020 2620 8174 8921 8105 2681 9156 1145 3452 7887 7730 2438 5021 4079 28 3689 6740 6532 9193 
8902 3314 6457 6753 8500 932 4363 4541 103 4076 5305 9169 9064 7382 4797 9358 374 2159 6699 3823 5301 6184 2642 5692 8637 5628 2408 2845 3523 6484 5867 1559 8761 2313 2552 6899 7438 9961 1040 2189 6302 6570 3364 776 370 2 6054 4876 8386 4605 4033 3577 5269 2044 1407 7484 169 1155 5935 9865 4366 7059 170 9098 9184 4236 3250 9306 7257 5617 3772 6029 3398 2271 8679 2268 6775 3234 854 6798 5491 4187 229 554 7334 3692 5816 2280 4994 4593 8452 452 4383 8171 7265 8839 
9031 1402 8469 2734 9465 9206 3552 1966 8674 7331 1326 4942 459 1078 176 7169 2851 4781 7584 891 1874 9901 900 94 3014 5863 8016 1771 1884 6343 5807 2488 2605 453 381 6346 3903 9862 3930 9230 5071 1751 6422 5783 4057 5134 8180 703 5775 5078 586 1943 5954 4911 1540 6090 1470 8272 4303 5841 4502 3233 484 7072 417 6745 7886 1596 6286 5436 8996 2297 8440 1142 722 5882 6293 6703 1014 105 5159 5397 2362 9245 6315 9090 3215 4097 797 112 6553 6069 7850 7433 8565 4401 
8395 9925 8208 4828 1206 3038 128 9231 8702 998 5037 4644 5894 7850 7295 9411 2514 3699 3318 2217 2863 689 2185 8974 2827 5601 7307 8946 9661 881 4877 9370 9830 6936 8888 2258 9697 2270 453 2992 2669 1494 7702 4829 9884 664 3615 5667 4140 2231 8826 7054 6661 4467 1551 3256 7810 7436 97 8070 6803 9471 2010 7445 5262 7924 3186 2766 4451 8909 8453 3224 6658 7765 1388 1243 1378 6697 3324 3521 3246 1552 2394 9414 3140 3022 5100 4942 2434 9239 7838 733 8228 3679 2540 8257 
2393 5461 8555 7149 231 6903 2024 2908 4190 2584 1518 2676 5000 1575 8836 2161 6893 6365 9489 447 5375 6608 5305 9424 6680 283 8428 9693 3248 5269 4230 4388 9422 4412 8641 2972 4253 2613 6136 596 7680 4862 4275 6562 1870 2185 1052 5493 7503 8971 1497 1774 7381 1547 1719 8983 3016 2756 779 6924 9245 6277 1274 6931 840 5939 5602 365 6038 5821 2156 944 1680 7906 8521 5209 2150 8633 6627 6226 7386 6906 7324 5821 4968 2811 5119 231 9904 3228 1724 919 98 6320 5561 7634 
3807 8940 1420 1691 5301 7587 8897 6691 5593 4655 9802 6497 845 2084 753 4166 6319 8512 1244 7451 9942 465 8751 8407 8219 590 9153 4720 6077 4467 9506 525 7167 1485 5861 6327 9718 9646 7995 5452 2794 9406 7283 6432 4927 4812 7627 1668 8201 6399 8617 4353 916 749 6878 4372 7368 5788 6891 4086 3429 1677 7493 1203 3449 4752 9892 6831 3442 2620 2406 5396 9759 8068 1515 9253 4667 7323 8958 3301 3446 8414 5074 2525 9066 261 605 6821 7868 9500 3818 6947 3327 1826 4629 9296 
8565 6398 4895 1750 8189 8693 8367 1794 8594 6750 6154 2659 708 4197 3067 9929 173 5474 1837 3296 6262 6529 2779 3176 8153 6257 5887 4608 5358 4632 7789 5319 5275 4516 3176 6569 8 1380 5386 4640 679 2683 2398 8383 8007 1080 378 63 1588 7880 3538 3672 1264 4557 9225 8123 8005 2035 5698 1681 8241 666 219 97 296 9676 9467 738 9688 8150 4018 5590 3851 1818 676 8022 8762 9059 7384 2356 3093 7577 3856 3911 4371 6753 5564 6965 6771 7513 3689 4696 39 9972 8915 7085 
6450 3428 5683 6982 7072 4 4702 1272 9399 3177 2079 3708 8221 6954 4681 82 7891 6859 9941 3088 4533 280 2662 1321 2067 4700 2059 8763 7593 4341 9430 7631 5510 5290 5728 6433 3972 2196 6552 9385 4816 7385 9999 2495 395 4313 4527 7165 2645 839 7695 6201 3643 6301 7655 2876 6741 7207 8062 750 9447 622 4934 2865 6489 8154 5239 9883 8556 661 2 9279 6148 1119 9472 953 3888 996 4517 5654 8949 2887 1047 740 8420 5529 9921 3179 999 5944 8329 131 5054 407 830 960 
6143 7807 7079 938 6801 7499 5540 2583 1636 5449 8823 2306 4959 4634 9313 41 3067 8304 8213 3733 8245 2288 6064 755 3748 6699 9962 9400 370 9984 8148 4628 318 4689 3739 9318 8565 3389 6358 4658 4894 1639 2979 881 67 754 5127 3652 6926 4529 1632 4439 7611 7391 7732 8675 4254 9148 8401 6838 3228 3975 4966 5445 477 8030 3676 5625 3836 5297 6777 7027 5608 9867 2228 5337 8205 5765 5849 9896 2312 5073 348 600 2542 6483 8635 3700 1554 3407 6364 984 887 6429 3020 3472 
8963 2052 9878 6403 8192 1033 2174 3683 9811 7988 7796 3955 2069 4083 7211 3764 8419 1733 2681 7345 9205 1256 8071 2139 6466 8335 5471 7416 1513 4972 9815 3557 7837 6313 992 3883 9379 9568 7418 6403 9295 1317 7581 6772 7205 6803 1693 2360 2180 844 9160 110 2447 2734 6868 5378 8763 1541 9154 7424 3768 5155 7673 8828 6368 6944 9011 9757 2425 401 8846 1542 6463 5630 5357 1979 7939 6138 889 797 8286 4784 6760 4939 8535 6676 4100 8727 2578 8594 9606 2941 5115 1425 7455 107 
8662 5066 1731 8593 2595 9474 3243 3120 3986 2277 8457 481 9098 2667 4023 8237 5923 2417 1089 5970 2365 3335 8696 4385 4892 4553 9932 5861 5738 4900 8129 2703 9662 8359 1875 3176 1640 3526 7549 4943 1484 5729 9346 3548 8911 320 9980 6081 3572 4360 8770 8430 7044 8427 7793 1067 3585 8174 2518 4560 7095 3406 2096 174 8656 2091 3805 1313 3981 9946 9214 5098 5116 5156 9745 2471 1029 6180 8872 521 9044 3328 1540 9397 9360 6948 7054 8244 3782 5523 1145 1774 9291 1625 2839 4629 
6036 8963 6972 2789 7830 8811 289 4802 5232 2113 7278 9858 7376 7912 3096 674 5949 6110 5758 5783 7460 9499 4634 9098 6527 9362 1986 6274 3213 8564 4145 7097 300 8825 3218 3324 67 5783 6480 6287 5293 685 6121 1901 6199 9554 1353 3876 276 3749 9686 9066 1603 456 7934 7819 8467 5890 876 2439 192 4291 8822 2013 2360 7014 8280 4206 8725 1572 9640 5531 536 7750 8914 242 6138 6782 3633 5481 7429 8812 251 7963 4745 1482 586 325 5637 6939 3408 9046 6839 6323 8321 5345 
4023 8301 8316 805 4254 2751 37 4248 3706 5830 4707 2664 3481 9017 8314 9849 8149 1502 8013 7185 6817 8030 8880 4063 6867 5653 38 7575 7463 1995 9914 4334 5853 7198 5178 1895 6284 7674 5223 5630 2346 2576 8761 1199 253 5797 5327 3913 8776 1526 2509 8990 7727 6513 9608 9067 4547 6867 3584 4110 7489 1110 635 8694 4577 1325 5686 1422 3642 914 8442 2297 2569 4155 3509 6863 5120 9528 3806 9874 7139 5032 2334 8056 9742 4750 7281 754 5449 7725 7561 2594 456 7169 6179 8271 
3156 3584 4795 4769 2969 4220 1579 8176 1867 6158 5559 6831 732 467 1534 7010 2451 3722 8184 6535 8017 1447 3945 7742 4353 4402 718 569 6023 5486 1653 8771 505 8434 899 3984 44 1498 1718 7250 9032 310 7280 3954 172 5968 4292 1314 4451 1376 7327 1330 462 5082 2669 8518 3532 8678 5732 5653 3073 5066 2112 7563 8852 9537 3565 4433 5589 3804 8121 3241 7674 2032 3351 5446 6548 6912 7642 5706 7925 9259 4253 8636 6050 1219 8739 9119 5205 1754 9882 8445 6513 2386 3699 5109 
4795 2291 6527 7971 7447 3494 1399 6121 2385 4036 1281 6617 6478 8024 5863 6826 5545 6360 3432 7571 4148 249 3853 681 7601 9160 5672 6577 3047 6198 7411 5527 1990 4993 6987 9566 9594 2146 8052 3749 5811 4683 423 4087 7559 8903 1221 3399 8523 8765 9430 2353 5331 9457 5553 834 7559 6129 5099 3368 6390 9811 9843 8538 2163 6512 299 7642 7178 5184 9124 6989 7301 1909 984 1633 4858 4367 6115 5670 5787 2087 647 6493 9360 6936 1839 9517 9151 8902 6450 8738 4321 1305 8444 7132 
8747 7610 535 5305 5460 9589 5486 7315 4935 5534 925 9781 9885 2441 5320 9106 4167 5819 6004 5378 1833 6666 1383 1215 4606 1769 8244 9658 7387 4980 7684 4534 8741 1586 4146 182 5717 3389 1221 4418 3502 764 3143 4451 380 2696 5308 923 9481 1905 8320 1489 3727 5105 5637 340 8153 8861 9801 7218 6040 4198 1258 6280 6895 8064 3090 997 4927 1259 4645 7463 6893 6062 5075 637 5537 3465 5568 2926 8461 1309 6054 846 4302 1831 2387 6022 5772 7433 8328 6980 6562 620 7862 3227 
4975 3449 7155 9836 1298 6943 9432 3758 8176 104 815 5970 336 6766 4917 9276 7066 9547 9078 6040 319 1828 5671 4887 565 5440 9855 1527 4850 1735 9058 97 5108 5458 1446 3291 4012 3636 9077 721 9405 9188 7800 8364 8093 2254 3344 727 7000 591 8872 7221 1674 6236 389 7075 2064 8672 8936 453 7767 336 9713 3118 4931 3045 3360 5277 8762 9150 374 2679 8937 9350 4231 1118 1043 3892 1732 5431 9970 8286 351 6829 2070 3829 6427 4301 6632 8858 6496 7320 2504 8032 6727 7126 
9656 162 4654 5377 9971 3215 334 625 7632 1268 9124 2276 7681 7954 6626 4699 6260 7242 9264 1088 5119 4550 8769 3328 8716 2863 462 1203 1481 4953 7082 6078 3283 8776 7374 1090 8433 6858 7308 3201 2551 3458 5105 8855 3616 7117 8268 9110 5609 1589 7269 9524 33 1335 960 6832 8505 80 4499 4372 408 1708 6186 8409 1341 7737 4241 2141 7131 2622 6787 9957 841 7671 7814 7411 352 9373 2966 646 1187 2450 4262 8494 2760 9676 4339 3589 112 2586 1726 3700 4554 5902 4400 4337 
9144 8580 3361 7354 3123 2924 4623 1587 1537 7625 5746 2373 8183 6198 3631 4235 305 8815 6917 8504 1606 9650 7616 4844 4653 9041 8225 3226 3043 685 6589 790 7897 3810 10 2883 6763 16 1081 9708 8662 852 6809 7187 5276 3384 5429 6164 7607 9704 2643 4882 38 7137 8143 1248 6493 3663 4566 6862 1580 9624 1867 3210 3428 2691 426 2373 3789 5944 9368 3679 9313 8609 9049 8094 2956 7352 391 8995 3427 6749 7093 7903 5231 9701 78 7771 9088 5546 5771 7886 6411 5768 5097 1451 
3269 5297 4771 4121 3063 8577 7212 4126 2902 2583 4707 8936 9219 7501 159 3623 5478 7483 8577 8449 2287 4029 9786 7779 825 1814 1197 7999 4761 5629 330 974 1586 9939 3952 7193 6899 7842 9827 6542 7637 1905 5238 271 4179 7454 5548 7792 2211 2352 391 1045 4073 1463 3937 9896 3758 5815 2968 5126 6653 4445 1776 6104 7593 8762 5703 4074 7141 3777 9190 9561 2997 9193 8138 9983 3265 3048 7997 7455 3129 4787 7069 2428 5337 2219 1345 3423 5714 4870 4999 1056 3746 9884 4522 9977 
4374 8405 4344 5537 7448 6750 8230 4878 9123 3943 4510 3772 5778 2149 4686 3671 1678 6881 2161 5370 8443 8252 7137 3536 2175 2796 8646 2747 5684 5888 274 8955 7696 3237 740 2306 831 260 8854 2460 2169 4168 9682 9371 9975 43 5997 3328 946 6351 205 2140 3473 5746 2528 6090 9077 5133 5259 1122 771 8093 4371 2736 3995 4536 4793 4587 1413 9151 3740 2066 6285 4360 6337 7305 8743 529 4369 9461 9056 8960 7433 3577 221 6966 9348 1164 8564 2331 5252 9914 3265 7295 6920 8719 
5887 1666 6595 9950 7263 9261 1574 5342 7806 6937 7518 6291 5333 6038 386 4355 7264 2787 2683 1995 2136 4136 967 1569 3983 2102 55 5440 7253 1064 4130 3624 6720 9097 276 7733 1320 236 4221 5067 9840 302 7921 9109 2699 5199 1308 7796 4869 1015 3336 6454 1220 9276 173 3170 7907 3714 6798 3497 7376 4422 5461 1410 736 9655 5658 7315 8702 6653 4248 4924 266 2763 1914 4751 6571 4041 8535 9757 6497 3762 9322 518 9882 8458 3005 4408 1385 3584 6538 1429 7146 6358 4322 3346 
8899 5564 1813 9044 991 8352 6493 4173 4342 9726 7097 6577 1712 8208 8011 7876 8278 7036 5427 6534 996 9436 8517 1592 9061 4772 7260 6488 9129 6060 5201 314 5107 288 5496 7725 370 2337 6984 3821 2132 6135 3731 9395 1489 9512 7827 3451 9645 2806 8396 301 2087 5395 5505 7498 7606 9421 7031 4870 5294 1913 9949 994 7141 856 3956 2546 2995 8518 7594 159 6800 9423 8509 1405 7430 1876 6901 6219 7319 8414 8921 3278 3241 4232 7990 1938 6548 2892 3035 2015 8065 7218 8324 2083 
2748 7395 6276 7799 2106 3393 3834 1775 6516 7659 4092 4215 3436 2081 3534 3707 7152 8610 3471 2496 28 9782 5089 1727 9479 3309 5637 5969 7549 8396 2066 1429 6495 5782 7476 8695 3718 8681 3478 8288 6096 7291 1255 3542 6461 1815 1073 2588 580 6542 5779 1110 9348 9573 1315 9299 9917 2759 5899 6777 7050 5571 3585 3672 574 3792 6264 1091 4897 7454 3253 564 8686 8866 4789 5217 9682 7447 1563 3049 7151 3793 4418 8483 9254 7027 8868 7345 1262 5650 5770 857 2419 3857 4448 500 
2350 8141 2052 5401 160 7139 4491 2556 6845 2568 3020 4910 7229 9731 7422 3644 3650 9618 467 1243 7168 9771 9168 7782 9339 9789 2098 9213 4197 623 1932 6489 5323 9795 6512 5142 3792 8587 392 3126 8135 4280 1833 8515 1706 1433 4269 4655 1007 7591 5355 1534 6143 3735 8279 1166 34 7765 8916 6944 7029 4791 9506 5582 2169 9595 8358 5479 864 2117 4494 6735 4536 6688 6116 7207 4909 8392 8047 618 4292 2540 7168 1105 2348 7039 7450 6749 8596 2676 5034 934 2105 8351 3218 6253 
4062 8706 6766 1404 9406 4200 586 4715 5128 1963 1244 326 8201 7284 496 3508 3580 5951 1284 2989 6392 3298 4873 4298 8876 2733 6954 5958 240 8998 4961 7766 2256 7872 8925 3658 939 6816 3928 9350 5939 3148 2396 1166 5048 3389 9377 5291 3566 996 6760 8985 1730 488 5235 7751 5188 2200 7958 1615 5469 4052 1979 4507 843 9459 4967 183 4175 3470 6052 5862 4188 8805 6856 4790 5905 2041 5980 4360 5763 7903 9480 6634 8164 2031 3392 1424 7660 5236 944 4053 9872 678 6427 9755 
3267 5934 6762 3167 2639 2245 8090 6094 4124 3134 3266 4528 8250 1712 9617 4685 512 6367 9393 6842 5667 7115 9520 5605 2248 9785 1119 7273 2176 6335 4436 7303 4530 5241 5165 2584 5975 3551 5898 9758 3544 5423 5067 7016 2158 5559 9433 4694 1695 2781 3032 8865 4646 8929 883 3674 7781 6449 1090 9805 9098 8877 7502 1900 5192 6837 1384 886 9300 5071 7108 8952 1786 1977 778 9910 2410 1466 7069 501 4835 4654 175 6025 8028 259 4746 8811 1245 6941 5522 8270 6915 2128 5972 5886 
8238 8300 5150 5008 5169 2828 1467 7227 9569 1634 6153 8517 886 7886 4163 9447 6966 2886 69 4872 6958 2278 6261 2404 6053 6970 7777 8939 1515 8182 8099 3870 997 6221 6123 2968 8024 6667 4278 6403 6404 2337 2613 1607 8203 4469 5510 3284 1246 6764 2100 9609 7772 4511 6194 1393 9476 5687 7903 5428 8163 3027 6532 4721 6711 5101 9952 9795 8572 651 9369 6280 2994 7162 5246 434 157 2125 9710 7248 3415 1649 4938 8944 1233 5163 5592 1575 8966 5924 8711 8781 5381 6555 4982 3977 
7750 2209 2221 9680 9533 668 2410 512 7006 1985 3553 1269 5599 2947 533 2390 8784 5174 7164 6187 2515 4672 6196 4682 5150 1690 5899 2875 276 7388 4409 5796 2838 4843 2699 760 6067 909 2450 6258 8790 3150 689 1411 5305 1011 6629 2472 7552 3412 2219 8945 5419 2907 7198 9893 7602 30 8274 763 9088 3670 7271 2403 6884 4171 5795 521 3556 6325 8515 2596 8407 1637 1050 5217 486 7702 169 7213 7346 240 8151 8313 8738 5569 3882 6172 7146 6748 9901 6750 5494 767 2291 6278 
2845 5412 414 3176 6052 5185 6215 3056 8782 8937 7565 3682 6791 6622 221 7493 2072 8288 5745 2485 9346 3519 9024 717 9886 8725 8826 9238 3851 5598 4221 8415 1865 5441 8107 6937 7008 8586 5345 3586 2215 6941 6342 9117 9001 4580 3758 7578 1681 554 7505 5785 7365 3342 2389 8800 5066 9008 7492 4566 7607 3771 3196 2193 5557 9074 1140 4015 609 7414 2775 4407 6639 48 3477 1726 7611 8214 5393 9398 3367 2359 8180 6048 4300 2042 7106 7283 7424 701 4043 9399 9915 5859 2980 5351 
5809 616 6947 7543 3514 3182 1537 4549 6191 6843 8245 6970 5830 5855 607 8819 6973 8259 3066 8873 3796 7694 2708 7631 6042 4833 4034 8438 4315 6934 1013 7175 9720 9294 5279 7957 9775 6494 2288 3303 924 8731 3013 5594 8762 6733 5411 7595 8234 2336 5715 2820 8186 7403 6023 8567 4232 5991 1109 4241 4758 9312 1146 3551 501 2959 383 653 8352 6429 6671 1982 3141 7847 9631 2880 4859 1496 8441 1134 4516 2314 5201 4192 8665 4205 8891 8471 9418 5818 7034 9730 3331 4485 1417 3994 
9512 2963 7324 2240 2585 3915 3267 6902 4630 5465 7642 9720 9128 7733 7706 1233 9323 3500 8156 7815 6900 7109 3246 7886 8 4347 3550 7494 4222 6305 1021 8086 2503 5923 4584 6446 553 8466 2867 3853 1105 1572 7613 7520 3200 9001 944 4658 1914 9255 1634 1956 7935 5613 5675 5121 4841 8253 2677 2794 1950 7479 1613 6351 1068 241 9169 555 2927 8437 2256 4526 4910 1694 5902 6413 9618 330 3679 8496 3106 8096 2824 1817 3535 9601 207 4133 1712 9547 6252 9006 6771 1790 7770 5118 
1565 7309 6864 6428 1084 7656 8338 381 3045 9800 2890 4332 1337 1177 2504 2176 1274 8819 9446 9824 2693 2467 4408 8221 1206 5166 2711 7895 7848 6251 5992 3171 7015 4816 9671 7999 2729 9426 1115 5689 9586 1257 2032 1453 5988 7111 6692 9991 8993 6856 7016 7202 1266 4126 5385 1082 4426 6444 2869 9615 83 5335 8266 674 7781 4799 6196 338 6004 2701 677 896 7783 2223 1420 3770 7173 9908 4198 2314 8676 4122 7561 8116 8394 587 9752 3120 5924 3732 1521 1600 5149 6659 5836 5429 
3424 4620 1258 1832 8563 5714 9007 5049 9488 7565 1972 6055 9334 6076 8005 106 8343 9466 2778 4587 2408 9539 1357 8655 1218 5946 7144 129 8261 9625 2877 8032 5485 9622 3179 5642 6217 74 2684 4347 3729 1750 4439 5726 1605 3518 8979 6329 8589 4818 8113 1137 3537 1859 1162 818 5782 8351 88 4757 5567 8032 3838 5790 427 9148 1823 9908 4762 8611 3679 1610 1905 7542 8796 7158 2476 9832 8396 1583 2745 7671 5427 3079 6415 5872 7586 6993 4957 4358 9110 4537 7226 3740 4043 1028 
271 4979 8852 7363 4189 1405 2046 507 5566 62 5431 8780 302 1871 9476 8733 690 8336 5402 9365 5697 9453 4735 9769 452 6070 4548 559 7443 3315 1917 3045 1230 5894 6611 4439 4013 9807 9515 8234 1412 9964 1791 3808 6866 2601 9813 1381 9104 8001 709 595 5001 1863 4269 2339 1130 4410 6558 3020 7071 9747 3301 5928 7212 8622 3913 8433 6543 351 8324 4733 6127 8029 4359 4195 4531 397 344 1964 9648 8299 5752 8455 1160 3586 6343 5144 8986 4205 1076 5946 2100 8799 9021 7652 
9804 6687 500 2994 6856 832 4105 6439 7201 457 7232 8325 324 4620 4250 5898 1787 6432 2862 6827 3628 4520 7804 9375 468 7312 6464 3438 3518 3228 5733 9680 2843 3667 1577 4210 3659 3702 7280 7140 7722 5738 293 9056 9006 8292 2893 697 7484 8643 614 2035 4752 9533 7609 7804 3666 1821 3412 8470 7289 4645 4682 651 5517 2042 7717 9744 3991 7041 9574 4441 5075 9922 9418 9755 9866 8369 3795 6690 2995 6231 7585 1758 6365 4612 4972 3390 8559 9839 1034 1031 1979 9151 2279 1347 
7060 6228 2603 2487 8079 85 523 2917 6453 4610 6650 3624 6135 9474 4033 2238 8970 9121 847 5202 8529 1888 8111 7348 2220 1108 9780 4360 6327 1562 7163 4467 7642 6745 8306 4106 9674 6858 966 9430 2690 9070 6196 4585 5441 4540 1297 5345 7735 9752 7631 7096 7791 6807 6362 3367 4996 6643 1784 1632 7534 9004 4720 2402 1000 9863 255 5348 5705 7016 5275 9668 6378 8146 6116 6953 3660 4288 5512 4600 4882 4302 8460 4046 812 7789 4368 2079 9447 3636 9829 5374 9121 5400 9053 3050 
9873 1131 6553 9765 8762 4431 5296 7920 2708 1592 9947 2523 6754 7765 1084 2715 7832 2688 5823 6334 2116 8635 4134 9745 3832 9714 689 196 7406 1078 8397 354 5418 4785 3556 3830 6506 9590 1982 2541 3538 234 1059 9238 6382 7980 8427 3185 7184 3392 3617 3947 1923 3306 5508 4544 2123 4439 2231 5393 116 8147 8231 6693 9759 5025 9242 3439 2817 7630 3382 5741 9284 6028 9260 3430 9551 2924 943 1066 3717 6296 4988 6864 7266 4859 106 6554 8118 3453 8113 5264 7844 8711 8919 9826 
4599 605 583 245 8257 1583 8320 8807 4690 7957 8140 1158 7180 4089 1897 7420 4734 3876 2173 703 8851 9046 3681 9932 2551 4330 8021 2983 4829 2594 16 6158 5917 6352 3846 3301 1483 6809 3562 4292 9131 1836 3393 7962 4173 2428 7605 4951 8651 4041 3819 6803 2296 3206 6994 36 286 6997 8 5464 8339 2943 9357 9037 6574 7494 9135 3492 8563 5549 466 4562 5344 5930 1360 1268 8937 1167 9776 5539 2858 6463 9507 5349 1781 8374 1310 9204 1909 1449 983 5802 6583 9341 7379 7358 
4371 9405 6257 8014 4634 2587 4810 2602 829 2298 4861 9722 1698 9440 5888 2458 6346 5835 5146 3435 9155 4149 294 3716 3386 2279 7243 8887 7262 2430 1186 7619 5813 8411 9713 405 654 5262 2007 2539 614 6820 8475 9252 7710 4667 7175 6314 4895 9613 8686 2381 6403 5114 9516 1669 9679 9433 788 5550 7232 4580 8771 6084 6356 7724 7211 341 1106 4500 8742 7964 3862 437 2987 7939 9755 8187 421 5313 4368 9466 2442 2857 3836 8264 4759 4049 1644 5959 7268 8876 5842 4244 5202 7694 
1449 5326 4020 6071 4905 1356 183 6302 5749 1989 2965 5313 329 472 2907 6671 6107 282 3776 8119 9526 5919 3109 1636 3910 1790 31 2160 1326 1767 8537 663 6201 514 9101 2375 233 9348 8979 3526 3608 2687 7963 7261 7350 6583 7998 3962 2130 5107 1217 9805 1716 8635 8158 2991 6370 501 8793 683 1738 3011 8282 8151 5196 2010 8833 9801 4185 1120 3428 3048 8452 4248 3081 5454 7218 2850 3909 7702 2630 3049 1318 4988 4572 3719 4193 3849 3947 4450 8483 7200 4886 2749 3079 7049 
5658 551 8769 4506 3922 9281 3600 1602 1843 183 2876 7740 9124 6130 1757 7814 6317 7102 4766 6210 722 8790 6759 8312 4423 9839 2468 5915 4275 9699 2242 8813 6046 4856 2244 5175 3894 2367 3280 341 6146 4282 9061 140 3495 8462 168 325 2597 3657 1433 8025 146 4975 7061 4649 4698 8227 7518 6506 1614 5379 1491 3823 7871 2715 2883 7819 5564 2556 6722 2477 7034 1611 207 745 971 9698 7816 1524 5696 7913 7832 5666 5454 1615 9823 2127 6783 304 5905 8803 2280 8785 3305 8788 
94 1855 3834 7754 5375 856 3599 1535 7540 3952 5617 7321 5191 2445 1478 9258 912 6945 7787 7159 6669 8557 3704 6988 7812 2332 7606 3198 394 9265 3363 5337 3926 2246 4620 444 2648 4142 4622 2082 8104 7254 2122 5384 7860 8860 9757 7274 7450 2480 2396 151 8579 5568 1459 2946 1347 8071 3821 8810 7259 9417 6340 682 1735 3502 8639 1493 7833 2702 209 5637 4366 4571 9709 7885 6436 4008 2221 1998 5296 2985 4563 96 1791 4859 704 3219 5423 7476 7563 9866 3684 3299 5971 9891 
2369 4405 7307 9422 4726 5036 2137 6117 3196 3031 7957 7761 1660 8070 2595 5116 1733 5417 2465 8717 9266 8517 5787 2695 3419 7042 812 879 6323 8435 8664 5500 9293 6580 2607 1706 8323 9036 2196 1875 3252 310 4484 8065 8346 7347 5595 481 1173 8648 8310 2019 3006 4524 6581 1990 5149 2655 6181 5267 1175 6319 3984 8038 9836 5201 8893 5194 9825 4058 2433 3960 5388 8519 8418 658 1995 4761 7932 1244 9128 5285 8728 366 9612 6808 3980 1244 9250 8643 4834 5218 1063 9196 5813 9062 
8366 7514 2751 7977 4692 4353 7437 5990 6497 8015 5679 3486 2146 6200 7917 4973 3373 7172 6756 6187 2188 7095 9636 7791 6097 5120 6279 6185 6156 706 8552 3761 515 8039 6012 2221 4821 6159 2199 934 99 5627 6505 8823 6576 4725 7627 8728 981 8093 9725 6971 5272 643 2537 6098 285 8873 1671 1483 1739 1391 9870 8958 5468 5706 9331 8370 682 9614 6662 5036 7235 3879 7653 5267 6146 9161 4617 4529 2464 3782 7341 7123 7238 1928 987 5420 4217 5372 5045 4124 497 4621 2960 3411 
5043 4136 4731 2322 3351 8720 3754 6759 583 9827 7324 7264 1881 6727 8258 1384 1120 3040 7692 1890 2656 7580 8787 7264 887 6406 4248 4619 1724 6773 6809 2933 5920 8039 442 1638 4243 5476 9450 7144 5022 5485 9968 6423 6186 5347 3401 645 152 8174 164 6171 4870 9630 6330 8936 2309 5938 1184 4325 3652 2322 895 3750 8387 1182 6819 7196 1080 4552 9802 5132 9787 1225 2778 2431 1581 8356 8876 2801 8405 1792 4058 7963 8533 1256 4599 1513 7682 6582 2649 807 8526 9750 4275 4963 
8282 2040 7879 6371 1406 5477 4425 7785 1126 8637 6742 9268 8298 4196 2570 688 4231 6729 9034 2671 6440 9689 1070 3166 3198 3661 1242 1430 7605 7965 6165 2694 727 5262 1611 2712 9741 1585 2412 1170 5184 7157 6561 1691 2905 1262 9099 9932 6431 2217 5126 4531 5433 5350 5608 8106 3319 1799 6277 8006 9082 2434 5058 4810 7844 3950 2188 2689 9058 829 7490 8685 8457 1009 6084 3019 5886 2712 2053 8209 4879 4456 6377 3612 5709 8819 6371 3651 9674 5645 7030 8896 5260 5556 8283 8323 
5018 4059 6347 939 5531 2303 2335 1200 881 6012 4136 8403 3204 6671 536 146 166 1827 2457 883 1762 8265 875 224 8105 3556 6301 1400 399 8790 8355 1170 8949 6767 9848 2196 2177 6171 8881 780 769 6134 8258 7840 1248 1827 7074 9103 9218 7050 715 448 8136 5197 3751 2160 4116 2528 8530 5431 1567 3830 981 1504 2553 930 6945 3364 9838 5955 1422 4105 331 6474 4104 5904 8020 4192 3437 4309 903 6776 7775 1381 9093 33 8790 5920 5168 4192 9505 7782 165 9627 4542 6374 
4058 6059 5193 5433 3090 609 2852 3614 5702 7061 739 6362 5807 9922 5445 3931 3883 5284 7801 9172 7539 1851 4907 6209 9376 3977 4263 9169 167 7552 7052 5285 5372 2679 8944 8774 5632 3002 6262 6089 7573 3293 1376 8163 2534 5386 3234 9296 6370 9116 1453 2612 6842 2681 117 3270 689 4355 7553 3923 9428 3325 6366 971 5010 1644 2223 5055 7364 9934 1072 1266 5101 8611 6182 5234 311 1115 2297 2825 8705 6945 5474 8562 8147 6847 1910 3123 9097 2058 719 9440 3899 6147 8061 2562 
6978 120 6106 5790 3742 4223 5636 2361 389 7538 89 1184 3652 6294 9967 1383 7646 7952 2175 5238 520 881 260 5563 3586 6202 9123 7299 4120 7824 2719 9316 773 9533 8165 9867 7125 7885 2138 593 7400 8453 1360 4949 8133 3427 7485 4340 8374 4021 3366 948 1239 6300 2523 9155 2318 4873 5343 4785 6836 575 9979 4804 6962 6048 7271 5069 491 6621 799 5801 413 711 7378 3869 4068 8642 7447 3829 77 7506 8562 2630 1933 3829 3863 4474 5348 3872 4118 9125 9159 1086 4763 9291 
2168 6616 998 3345 6705 4882 8353 1607 2112 8909 2138 3549 9240 5545 7508 8737 1942 2449 2622 6005 5917 9653 8131 6105 4941 2232 1039 9703 236 5415 3484 2235 6004 7124 6570 3978 8494 6920 1447 9445 3294 6185 7211 4611 9296 369 7575 1333 1319 2287 2658 4628 2590 4721 1888 6147 106 3717 6850 5489 9124 6317 1256 8608 1154 8438 2789 1136 7296 8131 2455 9631 1086 7206 4270 5005 5018 6250 2466 7719 7602 5117 3725 4188 7633 6926 9697 7131 1289 7721 4436 548 8716 8766 2227 566 
4701 88 9245 7654 3318 6909 1592 4297 9321 5391 9333 5217 9142 8231 2417 8182 8522 7956 1675 5752 4739 833 9010 6906 600 8966 1467 7836 1530 7198 1847 1720 9450 7099 3187 7109 5622 1447 4278 9053 7807 8424 9414 4317 7281 3547 9396 8472 722 9744 4717 7612 9291 3228 5616 9955 7331 2773 6665 7390 7637 9862 3007 4278 2521 5546 3930 3007 7425 7113 4146 426 9099 5521 5901 7354 9557 2771 1040 6619 7790 5221 2099 456 9011 5354 6825 9842 6423 500 3382 655 1446 494 4375 1863 
3636 8920 609 3730 1326 6920 8125 9507 2431 410 6403 6044 9054 755 7210 833 3243 994 145 8013 5515 2455 3469 705 9289 2480 8526 9731 3317 1175 5116 7767 3631 9750 8453 3396 7608 3233 2690 4211 2822 9763 3965 4127 9918 9865 6652 5059 6757 8129 5986 9045 5671 7918 4803 9375 3559 9497 7436 4607 4796 2383 6584 8727 1370 7830 254 335 8143 509 2049 8068 6016 2706 2599 5265 6954 9103 3107 9037 2316 4005 8712 7781 598 6008 7998 5576 6338 3454 7343 9724 6823 8065 2076 865 
2086 2702 8549 718 8901 8480 5588 4422 5111 9952 1351 5752 8857 8402 7693 9352 2064 6890 3331 6189 9828 844 7571 4057 3178 7061 788 5793 4010 7854 136 9759 4835 9872 7148 5585 7176 7571 8409 1301 483 3503 7311 9946 5130 569 6042 5896 2173 7079 2347 5965 1610 6420 6196 3177 2515 8204 28 9739 4283 2799 5258 9439 7713 8736 2346 7602 9052 7119 8373 171 3157 4646 9338 9125 9953 3256 9806 5113 7990 1160 6309 5686 217 58 8576 9848 2004 2874 615 3946 435 7114 7914 4565 
2726 749 3671 7672 4803 7612 9921 5348 3008 8169 2190 808 3895 4114 525 448 5111 8706 4146 232 690 254 3395 8369 3410 2011 889 8509 6253 6699 6951 4558 5543 3607 7550 2185 9368 5287 4896 4034 1464 7192 159 3063 4924 4669 2097 9976 9251 47 7974 4465 2238 6903 1751 3557 1562 3378 3737 8631 5114 481 546 8138 7254 1616 2360 6218 4696 7456 2754 3384 8767 2264 5334 6321 9861 2892 6511 6755 7104 669 4579 5658 7532 3245 9806 4338 7969 8417 7858 448 8792 8397 2158 424 
7055 6985 5458 4054 8368 9637 1385 7176 8812 5628 6227 8339 8759 2394 1471 9806 605 2475 860 6828 3958 3859 9068 9849 6843 9204 8595 2064 1677 8102 179 5433 8819 4275 6760 3864 9262 5777 5486 6757 2061 571 5223 4887 8679 2754 5093 1141 1385 1722 7800 9452 7243 2531 1971 6107 2732 2192 9793 810 1291 267 8237 1797 6819 8664 1589 2614 7169 8986 2642 7476 4742 895 993 8312 2143 7845 2659 6319 7081 7293 7201 8156 5974 2569 1391 9449 9366 2053 6087 4291 4553 5299 2907 2697 
5344 3134 6019 9063 5174 1254 2013 4524 4294 3375 1687 5295 5058 5716 6567 9676 7727 3234 9778 1306 1640 4988 258 7512 1994 7466 7328 7010 802 5379 2765 1675 9882 3990 7748 9602 93 5161 5518 1891 9881 5867 5101 3775 8246 5538 7403 9662 5266 1862 8508 2829 2353 5625 5889 7519 8781 1980 4247 5479 5078 538 6408 3543 4310 9916 9164 2959 4410 6808 3836 3613 3933 7100 7369 2262 2934 6274 5832 8260 6445 174 7058 2433 5792 2467 5493 5395 4064 4984 2624 4411 4358 1324 2229 4835 
1186 879 8218 9232 5939 2909 1437 3587 1095 675 808 9270 1512 5680 6081 3337 3887 6269 1554 4122 6035 6365 8453 5890 4955 5588 86 6518 6167 4204 8177 1023 4919 1235 3727 7711 3036 7533 1108 9575 8383 2917 8728 813 9133 4120 9221 5735 5526 9434 6481 3243 2739 2196 9221 4879 1410 9490 5765 5395 8793 6867 9159 9422 5197 1820 7491 1486 7285 3773 8924 107 611 1470 441 5764 4798 7152 5126 6255 4869 9595 304 5363 8740 9518 1300 1100 6197 4454 1945 3315 5042 8202 9131 6257 
9353 4485 7181 7234 9788 3385 9062 7102 5737 7063 6766 2947 2129 7501 2018 9027 856 8482 7010 8916 3408 1939 8390 5170 7197 9104 5266 860 638 2018 8166 7945 9162 188 840 2765 7828 3673 3230 8385 8500 5426 5259 1647 376 8070 2983 2996 2463 9502 436 8154 3056 7268 573 1296 2845 1245 8671 3401 9605 1462 2676 2067 1160 5787 877 811 3770 2532 8891 7428 180 533 199 6860 1662 6304 2157 4195 3947 9961 9697 4727 6717 8943 8902 4514 9488 4053 193 2249 2562 3564 2712 101 
2649 1902 1991 3809 5013 387 6937 1563 4676 2649 7633 2658 1859 6420 2591 6717 6165 737 7104 5075 7742 6071 3419 9679 485 9950 6886 3891 4997 2762 6053 2164 7705 4754 1022 834 9491 8375 9861 2938 5428 1511 9647 8715 6818 9438 8258 3957 1533 6795 7228 9348 4538 275 3546 5119 2134 6363 3326 4275 2642 7391 762 3047 5237 8620 8370 6899 5136 4223 465 1734 1872 1102 5141 367 5731 1407 6189 5786 2493 3114 3338 3901 1717 1053 5445 1972 5436 2510 3296 1462 2647 623 5609 490 
2309 7707 1873 7338 840 4557 2510 9597 8608 923 8432 543 9605 7807 6352 6471 1292 5028 5579 3648 7635 1705 6525 8877 2369 1395 5536 2958 2473 2448 9212 6678 5208 4539 309 8443 4889 3159 892 748 1659 1428 3911 4630 937 8083 2105 4387 9808 7796 6298 5162 1696 9316 8483 9342 1060 4398 9356 3955 794 8933 295 9789 5387 3392 2246 6517 6850 8545 9264 7916 8488 458 3248 2100 986 8058 1533 6151 1003 5690 4978 8899 7257 4380 4367 2521 9615 1668 6064 7592 1418 4111 9336 5680 
1615 5394 9496 8404 1809 5445 7399 3380 3746 9483 1028 2170 1832 4589 4403 4944 6081 1648 6496 5044 795 6293 4969 5835 4280 4401 1413 7872 776 85 8237 6675 9175 6374 4949 3614 3096 3161 4054 9249 5130 6754 2191 4263 7843 11 151 781 3979 8095 9682 2735 9224 8595 2451 1214 5488 1886 9048 5092 5267 4064 3790 5269 2212 1376 2122 1911 3120 2693 3833 94 3391 1214 6123 2619 9984 5552 2824 8860 7285 6142 8866 6061 8575 4430 6104 2852 784 2430 2866 7210 5026 1139 9997 7082 
4877 6138 7740 1510 5415 2784 9556 3648 1537 7912 264 1463 1455 497 5779 7194 3597 3919 5945 3734 6059 1016 8442 3840 583 3613 5868 4821 3705 6483 1123 6251 6819 952 9027 3655 1420 8115 433 6280 3591 8651 4972 7566 1601 2134 1354 5983 2615 2539 9865 828 921 5851 5611 9687 7976 711 8958 4064 9532 4217 8454 2434 7840 641 7180 1925 3189 4693 829 2404 2057 2611 5708 834 5186 1707 7807 2 8743 7695 4859 972 2036 4189 1513 6374 7979 5496 2604 3489 2767 5537 5458 7387 
6405 6507 2951 321 9099 5517 2153 4535 5210 592 3561 921 820 443 7145 9318 5914 1187 1792 9684 492 4621 1779 8518 8379 2094 8938 76 5650 8316 30 2642 1367 3034 3878 7632 5138 8135 8376 7382 3048 739 3195 1286 6816 2028 9244 6007 1771 6101 3389 4124 9127 4125 8422 6336 5553 9606 1027 2846 9787 9018 6120 3334 9950 9171 4096 5155 4273 7283 3232 3238 2436 3284 9842 6395 3718 8482 740 9667 7910 3020 8237 7153 1188 3508 4638 7785 5671 7706 98 7324 6916 3028 7561 1415 
6907 7407 7016 9869 9630 5556 7554 8247 887 3875 1589 6252 1311 5181 2544 8756 3762 3905 441 4265 3773 168 8240 6407 5415 1163 2920 5497 9227 301 8761 958 8481 7295 2105 5190 2450 8511 3155 7315 1632 2325 4242 8965 9705 2408 3533 8402 309 9543 3597 1276 5872 1496 9742 2236 3652 3893 3838 6823 4436 9781 458 915 1435 9696 2370 3581 4787 6269 2606 646 6404 3369 1298 5169 9436 1154 3004 2618 751 1458 8409 9330 9954 8721 313 8045 1470 6298 4783 3573 322 4685 2596 148 
2045 5008 6648 905 1319 8569 788 3676 5166 1501 3811 4341 2190 1590 3835 4010 6990 8469 3595 7066 3899 7715 37 896 4563 2033 5817 8930 8007 4952 2455 8500 1130 1648 5069 5755 7715 7416 6342 3336 4971 6776 4108 208 2206 2885 2664 5414 8362 392 5217 7659 5640 8534 795 1402 6817 8863 4956 3673 5046 4377 9889 5279 9863 4529 7671 6652 6573 8436 9655 2821 7257 426 7248 5265 2771 3635 6780 2164 2219 9294 8020 2020 861 1121 9278 4587 3490 5450 6845 8987 4519 3009 7965 5152 
7586 7097 1471 412 4967 9720 6463 878 9959 3702 9620 8805 7537 3892 8329 186 9152 4678 7128 8985 917 1555 9672 9974 7524 6478 1936 485 5805 844 959 5312 6308 9712 9487 7294 1541 8430 2225 6259 5509 6985 4082 7334 5461 2640 3702 5342 5537 1519 4108 7926 4125 3285 473 9614 7449 7505 6716 2174 8336 4947 6949 4845 3857 4547 9647 3954 7963 8262 7277 4179 4154 9754 7824 7995 1248 664 2340 1395 2169 7485 2071 3599 2208 4348 3620 640 4800 235 1771 5308 4933 2688 3129 3840 
5550 949 726 8876 5406 6433 8138 8911 1887 9452 496 7270 700 1244 1471 5577 8012 4335 9235 5000 4451 1025 1112 6612 5747 6396 505 4464 6374 1130 5778 5877 8618 9863 1815 9261 6663 5670 7687 8493 9416 9142 8082 2858 7711 5088 5127 8801 8848 7800 653 9645 678 1766 4214 8594 1321 8772 616 2948 5951 562 2337 7309 8645 8981 1808 497 3473 2216 3391 8951 5448 5136 9095 9121 8890 1450 26 2887 5160 5651 9202 1013 2413 4532 5661 198 5076 1576 6837 3940 1736 6151 8917 2653 
3704 6667 1479 4838 2349 2532 7229 2409 1135 849 9865 5403 2745 746 9015 6294 5957 3251 4054 2503 9369 999 562 9749 619 9448 8214 2300 7261 4660 1755 7005 9838 9765 8473 5732 8863 7006 8514 6675 2432 666 6876 1887 1583 7308 2061 9227 1923 4950 5788 2753 9226 4854 1965 8653 8211 5995 4502 5652 4885 2963 2693 6086 3031 6277 9380 2135 4926 2275 6521 7335 2676 8370 9024 6657 9819 3011 1558 6168 6547 8236 2769 8283 9060 8814 9159 3740 6451 3448 6807 1582 7106 8056 8007 2637 
921 8663 8358 7490 5514 8212 4184 7038 6114 7184 5575 7112 6294 6501 6581 3455 5421 1431 3802 2396 6755 6771 7234 733 9843 5187 8858 6714 6673 5800 7662 6524 383 2848 891 3335 9740 2114 3013 7924 7121 5280 4272 2587 2213 8260 9112 7658 477 9389 4133 9015 3171 9819 7558 5538 2320 963 6710 4670 9904 2081 8557 9384 4686 8266 7512 2751 182 4254 4626 6128 7788 7482 6950 9503 5998 9398 6994 4721 2028 3163 2029 3051 4566 6893 1548 5278 175 420 3310 2609 1682 7846 8752 5097 
1158 5347 990 8739 7672 1906 7699 6388 7541 9459 1388 6872 2297 5840 3796 7730 3062 7655 9008 1050 8909 6169 3086 3754 9725 5695 5494 5769 2882 3844 4068 6505 5507 7205 1344 3496 7566 1021 7240 2241 6868 4372 426 475 9622 6311 75 6027 5457 1623 5651 8830 3706 6693 3356 1628 3148 8200 84 5291 8059 7082 3723 9718 8972 6707 965 2602 2668 5302 2728 6388 286 5565 3500 3779 291 5306 1377 4164 7028 2203 4788 2056 1070 6980 3815 2275 6614 6611 5911 8270 4335 4876 4267 1746 
8266 725 697 1232 48 6177 592 2038 6333 3310 2157 5272 7253 8711 5442 276 9064 7614 1223 1564 5376 3538 150 9731 1154 5024 3824 2830 2599 8726 8218 1029 3463 8338 7268 8821 3502 6576 3346 8417 7827 7313 7373 4602 4951 4677 8535 135 2977 2025 9067 4156 7906 1316 4399 4083 2156 967 399 5596 3385 9268 7011 7051 208 9944 2148 7766 2864 1158 49 2972 6099 1726 6500 3148 5174 27 5218 3171 4435 7069 2214 1376 5193 6989 2157 6440 1459 85 8587 8810 6497 267 491 972 
1127 2794 5608 6657 3220 4257 7218 5994 7405 6894 1883 2498 6464 4791 9875 8641 6939 9658 6959 8088 3260 1177 4837 9858 8403 8864 4772 4874 8760 403 5874 9082 7884 5089 156 3621 5108 7937 9878 2884 522 6321 6356 7203 4026 490 3492 5205 5109 87 8957 2003 5196 5832 2256 8680 8204 3370 8760 7981 925 3404 6870 5183 8778 5865 8273 2958 8160 6951 8570 3113 8006 8219 7318 6589 1628 9912 238 7800 5678 51 8823 3922 581 8335 1941 2326 4503 2043 2286 9524 7838 1616 853 7278 
3475 8503 9721 3983 7788 2238 9777 6939 2013 6477 4116 9580 2481 2184 2046 3225 2833 3195 7748 4177 8217 8893 6547 925 9654 9708 1506 5644 1113 1135 3130 6155 8427 4019 3475 2454 5778 4524 8032 4842 2402 9285 6833 6730 5608 2305 9292 456 5714 3260 4539 5528 1967 8497 6894 6245 3779 5309 9935 4474 789 4529 9747 9567 7748 3551 9845 4320 2680 4598 5451 8176 5399 1181 5481 3816 1799 8697 8774 7417 2159 8716 9772 7397 5867 5099 1204 4367 1827 6293 753 2537 2263 8229 2997 4219 
3354 4624 4961 2520 9197 2525 5231 3314 2348 2789 2208 1659 5307 1583 2283 2150 3187 2250 6147 909 2991 1145 7620 3744 4888 3056 3102 5068 9296 2362 5529 3221 2525 8991 2024 690 7127 1256 4796 3622 631 8990 8282 1972 7856 8169 7659 1414 3836 9958 890 4068 150 6602 8149 9365 6039 4221 1088 6453 1593 198 2295 4420 5588 2345 5131 4154 7434 6304 7564 4518 9967 7217 4394 1013 8617 5834 4731 6598 1065 6698 537 9779 1421 4298 6782 5280 1951 1148 1314 8570 2841 8155 1107 1346 
5555 621 7597 7329 6732 3851 4410 6919 6770 2665 8315 5029 4604 7 9165 6432 6977 296 853 6364 6505 3797 1760 213 278 8077 1912 1378 1160 4948 7733 580 3436 4199 3141 6427 8670 4665 5444 520 1999 9493 3719 4557 4432 295 5058 5642 6821 6244 922 941 2824 7816 104 1289 353 1303 2226 1806 8934 1050 6718 6735 1049 2038 6951 1148 9996 6443 9182 7466 8088 8664 404 7802 3518 6457 5847 1334 7507 4027 5208 7741 374 1430 1732 7311 8537 3895 7229 5744 9854 8201 9584 8406 
6740 6393 486 3983 3009 5530 9516 265 7186 659 7868 2163 1749 815 794 419 6768 3539 6536 4690 1986 7710 2773 3955 1171 8166 1750 3225 2237 4392 479 1145 3523 9704 7519 1134 668 3948 6782 6561 9591 2577 9487 7361 3987 4500 5292 9688 4552 6468 3713 406 6543 4136 3668 5611 2342 7112 5978 2792 7001 1811 2513 2193 1892 8035 7820 3809 5557 3899 2170 1988 4268 9035 5631 6523 728 9059 7342 7735 4424 592 6773 5868 5846 3514 5559 1683 9207 8833 355 1187 9225 2990 5761 7893 
2756 381 4215 7639 8339 261 982 8309 7450 5845 3174 6282 5571 1460 594 2677 6043 8875 4790 6324 4084 5632 7964 3375 7586 9098 3511 4352 733 2079 8546 6970 7573 3211 7544 2679 4816 7438 9916 9423 5404 8796 6532 6357 320 1454 1568 4556 9085 3445 9189 9720 9776 8457 1172 8868 5392 1806 3234 2327 5222 4918 2447 1840 193 8967 2368 7620 911 7734 8994 9458 3201 9674 7703 2039 9823 8660 5830 5841 9487 2486 3607 4209 7094 7802 1488 1031 8149 2338 4108 8137 7902 2188 7458 8081 
1303 3816 1607 8150 7190 9549 4283 4335 9471 2043 5823 7867 2081 3936 4778 3444 5479 7921 3983 8965 8107 1688 5324 483 1820 7849 8883 7 4814 5224 5620 9888 8789 6962 11 2704 1265 3228 7063 8545 1190 7194 7568 7301 2718 8240 7253 1353 8634 6789 2776 4507 2123 2985 9013 4185 8608 7166 4118 8996 3244 507 5889 191 8009 8949 5956 9107 1993 9762 7109 3094 5289 8275 6678 7959 8261 6310 8716 4923 1594 4033 456 1241 4465 1115 2061 2101 993 6754 3291 8594 507 9920 938 2211 
2713 460 3946 9292 5624 9969 4082 8069 5042 4057 6457 3392 8041 9211 2205 5766 642 2234 7904 6930 2289 2719 5364 8165 4944 6981 5575 5132 7085 1696 6339 1538 3812 1100 7656 1174 9659 7665 6411 187 7756 4995 3848 2679 1392 7752 146 2713 2954 265 7791 7296 3489 2928 5202 4331 4738 7033 4802 1325 244 882 3304 492 1687 4064 1145 2058 8004 1111 3442 2284 1738 667 1204 1471 4052 9243 5835 3307 3232 9617 9266 449 6675 8277 2894 9800 3491 6950 1385 8380 1267 7810 2277 3094 
5992 93 2365 4886 9882 5191 5955 4481 8677 4484 4663 5110 8343 9744 5267 5704 3089 2648 9755 788 817 6073 2655 6267 8123 7765 7694 9255 8259 3677 7268 1764 7955 5765 4978 3698 6547 4337 9234 8370 7005 7589 576 8406 5560 1383 2178 1921 9029 2699 8157 6929 2102 4312 2230 7783 1677 4091 2858 6826 5481 2209 2088 9964 8619 1425 3558 7019 8589 4929 1614 8280 8156 8578 7031 7269 1342 4069 2239 9311 75 4030 351 1090 8745 5006 531 7697 7118 9889 3112 1669 5858 454 969 7367 
6833 1220 8542 8501 4981 3481 3632 2683 1639 7310 5293 9990 2732 7379 9201 8688 9198 2838 1292 8641 6787 8470 1682 7817 8918 3010 9792 5564 8099 5022 7797 8350 1846 7561 1641 1008 5528 5932 2854 6969 2693 5331 5611 8053 4501 7925 637 6730 6010 1271 15 911 168 9672 791 3061 7418 4202 2838 2266 243 5979 4251 8800 6033 8548 7963 8808 8287 1431 7850 5395 8810 6830 9839 5812 9578 1081 7307 280 7584 6674 9057 7545 2468 8572 759 4427 9205 1642 9665 9957 6495 6415 711 3965 
907 189 3674 7299 5890 4019 4988 7766 4860 263 5574 6133 507 4571 370 4221 3913 4116 4294 8487 3406 6526 8129 459 7988 8587 8249 985 7818 7607 9431 2046 6807 8268 5631 4698 1863 3798 9018 6878 5550 8745 21 2522 602 208 743 6428 3795 4437 9874 4447 9575 2022 4507 8739 9910 4737 2958 2169 3973 6829 5044 8927 9207 4231 4217 9552 460 2769 7468 8070 6300 1886 2536 2246 4704 363 7923 4455 7529 260 9470 2417 7855 5322 496 3502 3013 4822 5993 9696 1432 3909 9096 389 
9276 8521 4076 6274 7599 721 8339 5373 6930 9148 8728 586 3956 3359 6489 8432 7580 1508 5079 3807 7461 3857 8767 1821 7585 7281 7685 6894 8014 3736 9803 2421 4201 3430 4531 9005 9237 9732 3852 356 7734 7915 7647 5524 6297 9871 2125 9574 9089 8283 3729 8223 4293 2426 5158 168 690 628 3821 7589 9508 9585 3565 4024 7861 8100 508 1101 4077 1148 5574 4298 6047 3575 6495 6600 6909 5427 3315 454 8841 3775 5489 8082 8155 8611 5589 2602 3729 5397 5501 9569 678 3519 6122 2246 
3391 7031 9993 9872 4738 7922 3101 606 259 696 2545 2551 7802 3060 2979 4633 9138 8243 3599 1981 1608 3171 8324 7533 4207 373 2124 3859 4485 6245 9767 540 3865 5588 4399 39 2262 6487 1693 3996 9984 465 5634 7302 6030 7791 852 8394 683 6591 2562 2935 788 7338 3038 8890 1003 7615 3971 6428 7436 7022 6640 320 8718 2200 4260 1136 2995 616 6176 5484 1681 5668 915 6531 8934 371 2806 4334 7244 7542 4690 8851 9943 2717 6021 485 8625 4178 306 7921 5780 8594 2752 3933 
554 7965 6759 1179 9178 7861 1507 9006 2633 9549 1692 6035 3938 9818 2102 1255 7923 1285 7899 6663 5106 9833 1189 372 3586 298 5681 865 3498 8367 5024 5989 7905 4123 7374 4007 4609 6427 304 5339 9901 7058 4237 284 7809 1060 5806 7539 3755 5994 6971 3960 4922 3079 9191 9342 725 5902 3803 5285 6083 8217 5600 9263 1654 8760 3785 7772 4418 8475 459 4779 5235 1689 1402 9703 1538 2023 1876 8723 6493 8870 256 9246 55 790 4702 4779 1888 5502 262 4781 5602 7319 3894 8157 
7911 2133 1963 7940 9303 6619 9922 4738 7817 8462 9152 5217 2448 8692 4806 7117 2960 276 9529 2788 3722 7948 9824 7741 8607 6663 7261 2812 1133 2958 6295 1162 7895 7977 7457 6375 9325 6114 1832 7774 8239 4754 8611 3853 5732 2036 6141 2878 6083 9233 5633 8133 6548 4132 8063 2942 657 6935 3802 1850 306 223 5747 5130 1414 8361 1736 707 1211 1392 366 3903 1842 2773 6599 4315 2414 8544 15 2898 9497 8638 4639 2591 8880 192 7990 248 6105 4480 825 6182 3045 4326 7902 3521 
7438 4306 3805 6456 3212 5343 4798 7009 8937 4661 4493 7702 7442 7769 3101 4821 5248 2062 3335 4178 7288 6293 6872 6341 4507 7652 9251 943 7220 1108 2344 1934 2550 9623 9582 3001 8041 5919 6050 6651 2292 1849 2985 1545 1967 3391 5742 2496 5999 212 3474 4952 2397 7040 1307 1125 9188 6177 5937 5488 2018 9759 6242 112 7380 9107 3326 203 9099 1083 7926 2098 2473 4808 9082 4383 2837 9989 2711 9835 994 8830 5609 4214 3 3252 8519 2636 4090 7579 7875 3775 1888 2751 8480 7568 
9984 9916 194 6915 7361 9188 8195 5268 6448 1170 7713 3877 8276 20 2207 7959 2985 1226 4577 4599 9575 6593 954 2528 6010 4021 4036 741 7968 9070 7041 6024 6917 7861 2958 4477 2383 4102 3557 2999 1063 881 4842 9248 194 5553 8279 9395 9029 9000 926 6105 1193 2932 1045 1207 2946 3690 468 8674 5546 3231 2684 9496 1255 4745 9363 965 5161 3023 2920 7971 9797 9692 3106 7106 7184 6153 8705 2428 3187 3753 6359 8 5662 3134 1996 5865 7773 8559 9440 145 3443 6497 1306 7538 
9386 5171 4697 8156 5915 5785 8144 7877 9163 6943 2558 9530 2952 8796 1525 4405 5691 2224 3901 5473 8634 7112 9886 7165 3669 8605 8617 2008 1023 9649 9208 8545 8175 5566 5179 6222 9901 5122 3115 3908 5093 1015 1789 1322 9457 8213 9956 9773 274 4575 4862 4144 1175 7791 4742 2058 5708 1197 3813 1051 5739 372 4197 4864 1464 3619 2672 2131 2869 4491 9138 3713 2844 4250 852 4171 633 6833 3863 8086 2294 5466 3483 916 3163 3032 7802 4749 3685 4762 5895 6032 1469 8668 2002 7446 
6330 2501 3273 8153 1910 8812 1976 2027 9654 8211 3418 3622 5289 3651 2072 3845 7947 7644 6785 6541 5870 8744 5355 8089 2414 2076 477 2116 4273 6020 312 7822 1465 759 1208 6558 1831 2156 3858 441 760 1270 8271 2841 2798 7733 3091 8108 9914 919 1896 6564 3434 8208 3358 8458 2193 9405 4307 134 9508 900 5821 5833 6155 8354 5402 199 1840 9023 6385 383 5622 51 4462 5875 1108 5796 5582 7715 5439 5062 2174 2838 1505 9584 6613 1077 2511 9428 2223 1554 8480 9834 8535 9879 
3170 5125 172 8282 5427 6448 3397 6310 1073 5106 9053 2758 4159 1759 9739 6257 9317 2189 2597 9982 1099 1454 5661 1939 3561 5797 9361 1893 214 1677 8559 6905 1944 3542 4315 5026 9677 4102 278 3501 4398 1976 6650 9118 1086 3837 1849 5271 93 1822 7280 1328 375 683 9341 6949 3848 2292 7990 8775 1599 7807 8133 7082 162 9936 8242 8427 8664 8111 7374 7127 4889 7706 129 4011 6 8687 6025 4431 2924 2321 9348 1470 6659 1353 5966 2405 5162 9567 8242 3336 3660 5135 5693 4123 
8054 9543 2918 5259 7902 1277 5250 1253 2317 3048 8964 2123 6042 7828 224 8573 706 6219 6593 314 5856 1903 3950 2408 2508 7017 4109 2048 9423 1693 6898 249 5675 1103 8644 1513 8666 4293 8151 3648 3625 6522 754 8428 4622 4473 1989 742 8759 512 5922 8525 4302 4922 1223 5397 3947 1184 5329 3065 9509 3069 3753 3171 7581 5789 4122 5612 4532 6483 6931 2651 7384 5693 7698 4065 578 7984 4079 1286 5561 7719 4472 5178 1178 1423 5917 9670 3846 2354 1392 2962 5375 2204 9822 6862 
7924 7428 9579 4729 5916 5144 9249 2888 6109 5514 4409 6758 3820 5999 3054 6156 4789 1768 3781 3740 2702 3038 1480 5921 4284 3080 1946 5572 8746 9203 7984 5127 8805 9647 2798 6353 3118 4487 1053 5915 3798 8449 1475 7964 2512 1609 7441 495 3955 2672 4381 8757 8098 4408 5550 7979 9558 4747 7330 4910 2153 456 6620 1983 265 1067 2512 2864 7371 395 82 757 6438 384 5236 5971 4045 8316 4918 1437 3417 7825 6705 284 9881 1898 3262 3378 1727 6667 5123 8538 6993 7380 9374 4748 
9022 6316 6790 8076 1730 8032 9899 4948 2260 3535 5840 5625 1805 8761 3746 866 6677 4373 1877 9927 9925 6849 8932 8520 2265 9291 1007 2200 2108 3082 8291 9133 1287 7506 7322 9673 3882 4302 6575 1427 6010 7227 6440 3738 8113 505 4746 5649 6162 1161 1205 1338 5184 5810 7733 2664 9341 890 3100 7410 9452 8298 8012 9839 3297 1010 3055 8318 6316 7625 4652 2343 504 7304 4924 2264 4621 7150 9130 5972 9378 4945 7288 4585 8889 8764 1580 6804 9777 9891 7399 4397 2270 1189 5164 1861 
213 112 5422 7689 9416 5167 6886 4667 9132 9241 2322 1760 6580 4694 4844 5897 1735 4725 9380 3803 4045 9297 4334 2213 798 5024 3258 3928 7377 531 5197 50 4429 2289 973 4822 4121 2691 60 1804 3366 2552 1098 8006 5662 6035 8695 6960 3929 4327 543 8651 9997 6544 2114 7866 6466 9094 7572 3986 8327 1405 3351 9605 1952 9574 6251 3815 9086 3625 1026 945 8785 2821 2804 9652 2816 5076 242 7852 7951 4836 7975 9136 5100 3384 8638 2797 6731 5583 9504 1464 7700 2 3015 6385 
1731 4098 4086 8124 5663 1084 9797 4079 987 2147 3562 3220 6691 8044 6819 7776 4601 2968 7205 5887 9446 3775 4155 5964 9094 3220 4983 3247 9830 5715 3756 4923 7551 6825 5727 282 9615 8534 5874 9668 1458 7706 1341 6452 9301 6222 2747 4042 3599 417 1622 4700 4291 9051 823 7196 2530 6694 1851 8944 7375 1568 2521 2097 8029 9300 2211 749 8475 2554 8965 118 4946 5899 3082 4629 7762 9743 825 4011 2478 2952 4034 2988 5528 7616 8169 3548 1050 7833 9467 9547 1324 9790 4571 6682 
7761 2756 5649 7684 25 7868 1522 267 6565 1183 2039 3429 4491 3027 5057 9201 4813 3901 954 6361 8228 1667 5568 7722 6323 7115 6970 6365 1899 4924 5215 9060 3452 8600 3220 476 4945 3645 9194 1249 2945 2577 8632 6079 9639 2042 6863 1148 5747 2330 7895 6721 2533 4728 3814 1200 8765 8115 5754 762 5794 2905 1931 8643 7222 8223 3668 6740 6689 4048 1113 892 4905 426 1612 9083 9155 1847 4922 577 3929 9103 1262 410 511 4650 5582 9277 730 5615 703 3855 1694 4551 7004 3537 
1553 1125 3589 7135 9741 1135 3168 1500 8059 3511 3436 6049 3182 6458 8407 5589 9793 1862 4830 7056 3614 2175 1110 707 4773 1241 4703 2007 9680 2583 8170 4 3035 6781 6688 7397 2776 3462 7147 8056 2980 208 2165 4007 9665 1910 4428 5576 5947 9602 9047 3433 2239 8385 327 7262 8175 4382 4811 1631 9561 6531 2592 8671 5821 3011 7117 5703 6944 834 4475 3036 4432 7375 3938 6010 990 9927 1475 9396 7410 9830 7911 9347 5369 5718 8608 5906 5427 9707 8007 7055 6132 8391 9742 548 
2317 4611 8830 9471 7876 3200 81 421 7742 7679 2702 6267 1628 268 5944 4654 8221 1359 5340 6576 3538 4073 7030 2248 7718 4610 3171 2017 3649 634 4780 5074 3367 5762 5035 330 1839 4050 5163 263 8664 5598 5388 997 7331 9912 9892 693 2962 65 6752 9734 3 799 1165 4639 7999 6780 4697 9573 5579 3937 1077 8321 3508 639 3426 730 2074 8341 7686 5812 5936 9309 4945 9796 9022 1090 2780 2871 9744 3812 7528 5893 1089 5706 4277 1115 4030 4072 2979 7392 5336 9185 4501 8885 
6194 868 2143 5594 5242 5133 4920 7450 7473 5005 9873 1558 7939 4933 857 6483 7909 5748 7981 2543 7036 99 9313 2135 3653 6379 5161 1442 4600 754 5037 5620 6238 8736 2927 109 6056 9894 4658 8795 6918 9923 162 1151 188 8489 1243 9050 1639 4109 7089 9325 6782 1273 2992 7227 6907 9941 60 7014 300 3836 33 2131 8739 6850 2040 7052 8442 9902 6127 2713 6730 9514 8450 1194 8908 9455 1822 7112 8687 2077 5937 8590 9188 8489 6443 4950 5186 9702 8135 6829 2764 8213 7538 548 
1962 9190 3527 3592 7043 550 9542 5303 4926 1385 4656 7586 9701 6629 5403 2229 3170 658 3920 6887 8533 9914 553 7132 6520 5184 7507 4615 8897 5455 3122 1682 7352 9001 3975 7339 3548 7756 8392 2537 385 1076 2742 196 6805 3169 8545 2224 3009 6294 8470 4357 2173 1201 4692 1323 4127 5203 6098 8047 6408 7495 3053 6561 3508 2313 7855 5417 7600 4080 555 28 6981 8700 8732 2685 6856 1516 9579 205 8252 2710 6277 9651 9795 8039 2983 5663 8737 3233 7808 178 1522 1474 3215 3152 
474 2396 7957 154 6045 2561 3525 2572 6273 7382 2049 1494 8787 3283 882 42 8467 4227 8758 2431 4710 3485 4927 6026 7016 3942 8165 4192 7437 3478 5987 8301 6284 2478 4647 5673 1682 4927 6305 486 5723 879 2876 3711 3897 7275 351 9479 7704 8943 7419 3203 3745 6226 8012 3154 7858 7895 7646 2728 4817 381 3588 1453 5220 3495 5430 8448 2587 9996 149 32 9312 5739 1341 6856 2482 628 7840 5958 5424 9834 3952 8217 654 747 7914 8862 7466 1130 836 9918 9185 107 4070 1227 
1750 1113 9184 5365 6901 3482 7023 4970 7667 4826 5000 3807 7053 2515 330 683 6121 6359 4469 3105 6356 1688 7854 456 4083 4162 3725 9805 6375 8438 9540 8406 3253 1925 7153 1784 5626 7164 6815 325 52 1636 9689 8688 3252 9537 3901 6129 7821 8083 7152 5203 4992 5787 9935 5597 192 4883 873 8060 392 703 5791 2302 3999 1858 6012 5144 3688 7249 8632 2720 6695 7744 7371 8587 7776 3997 6798 8967 9293 351 1356 4843 401 346 5435 5383 7770 9485 9483 5151 5678 3686 6646 6291 
9952 5401 442 427 606 5290 3427 4775 4440 2563 8913 2370 2616 4501 5001 93 8569 2175 1516 7887 690 6469 2631 3018 1136 6619 1038 4717 6770 7704 8779 9311 7406 423 1382 8559 4390 8633 8980 5610 9847 9931 3907 8883 955 6252 818 3191 8805 9108 9968 4474 8373 181 1538 7193 5055 3424 3734 9494 1255 9935 2505 2865 6319 9809 9990 9288 4265 4417 5568 8116 9113 1734 4421 6376 3952 7921 3593 3109 542 9450 7495 3691 5919 847 2604 805 4954 4002 4761 3411 7462 2914 6075 9669 
9006 518 509 3582 2281 2101 3289 6302 1837 6123 1605 7081 8199 7866 2089 9446 5586 2814 9243 6261 65 4089 9679 5743 1539 6217 8214 8275 9205 5626 1428 2149 4245 7336 7992 1207 8529 9555 3380 7459 453 7035 7074 8475 894 4742 1060 577 525 3628 9475 4850 4227 7115 1137 1442 5401 6395 5257 1320 9747 7608 2434 3849 7478 9040 7362 3363 5515 9820 4296 6284 9372 5705 8671 4769 1596 4367 2119 6568 829 7913 9456 231 895 4740 7727 4362 377 1942 9955 6337 199 7594 7347 1929 
7581 5531 7549 1565 7068 715 8826 9144 6266 1712 5292 6315 3126 451 4157 5014 7312 220 505 8257 9633 6245 413 4498 6537 4654 574 6366 2348 883 3807 482 943 8313 1124 1226 9732 6940 4483 394 9490 5969 5866 9300 8439 10 1994 4451 3299 68 8640 6287 9047 3389 7685 3157 9286 288 2288 4969 5862 8410 9537 6930 4115 5184 1080 2798 2589 2879 2047 2297 3433 6552 8773 3350 7407 9261 1428 3530 5146 7752 158 566 2648 4551 1984 350 8366 8140 6232 169 8332 3149 7267 5441 
4590 4842 931 3485 8801 909 2680 3430 5440 70 3465 1431 1118 3426 3048 1571 8161 5563 7830 5220 5844 666 4314 6918 5579 3601 1966 2246 156 1607 7968 7495 3517 5897 2008 7080 6764 15 652 7541 9454 7207 6657 3481 6870 1511 6009 4920 6883 1508 4579 8860 5473 5840 4856 8488 4975 6083 3824 3985 7328 4498 2050 2268 4165 9415 3535 9198 3812 7123 7441 775 9233 5612 5613 4267 7600 1461 1426 2172 4141 732 7405 5170 689 5297 973 2433 3302 5187 9617 8997 9075 6474 1625 7290 
2595 175 3222 3447 1904 5296 7403 7189 20 5895 7918 1003 9182 4871 2122 1205 4617 9391 9024 9358 857 2967 9562 9618 9700 9103 5969 2744 9548 13 1616 9781 8720 3031 8164 8285 3496 9544 3741 9059 9557 5164 6669 7138 5300 208 7365 8149 6609 3061 6726 1928 6194 4243 6026 5985 4994 2886 8412 2443 3134 9211 2471 2230 3473 9400 6896 4682 9916 2750 37 4096 5338 3705 1598 7071 3609 5624 4768 9325 4250 5562 7438 1716 7311 9016 3521 2254 9093 2067 7287 4853 8521 1029 782 3764 
356 5245 9824 6786 3368 4215 5441 5068 1964 2037 2947 5441 6405 5144 1460 8585 7829 2419 2125 5521 4894 2299 6481 2762 1917 3408 9857 1591 4543 8456 3114 6976 6120 881 2048 7906 3147 1925 4378 7171 6406 8495 3542 6635 5884 3688 2459 3442 3612 7484 1867 6162 3921 1517 9663 257 7072 9769 2287 564 8237 7783 2631 6610 2862 7550 8908 7914 4490 4489 4481 3977 1060 99 3769 9958 7364 9464 1865 4397 4059 5156 633 2611 8570 7308 4407 2502 8240 8442 3465 6775 5529 6654 5397 2553 
8534 3074 9282 9243 641 4145 8629 1808 3983 675 3918 255 9540 1226 416 3457 3622 8786 8091 6593 6666 8408 4440 8402 8084 2690 3432 5319 6698 1796 1570 6515 5198 8341 8289 2429 1142 294 9720 969 8417 3424 5030 1490 7808 6416 7074 9841 6032 2997 6210 2750 3716 9807 3015 5494 5604 7474 6429 2062 3653 4469 8764 6662 5950 8948 5121 1683 252 3443 7848 3516 1948 6299 2821 8688 6630 2559 7623 3574 2184 389 8706 1310 5331 1523 2361 2412 1598 4532 6716 5713 9284 5762 6329 7447 
8870 1536 4896 8140 6585 5490 2761 5435 8240 3744 1184 8458 7828 8124 8943 7463 5834 5589 4713 2520 1196 4397 9264 8789 6066 1590 9843 8013 3254 9295 7056 2482 2719 36 4625 8776 4547 4651 1345 1722 1403 9478 1189 9078 5041 1988 8124 9877 2638 4783 3025 9544 1302 2956 8334 3555 6071 7628 7052 1609 3727 6473 761 2670 9734 2145 9044 5690 3981 7334 4347 3508 2012 2365 9486 1473 2047 3374 9906 4714 5 2543 8325 6534 2990 3941 8100 7385 7453 9859 1776 294 9665 9691 945 4288 
5754 5011 9359 4571 7818 5414 8088 2550 9753 1917 3540 386 556 5528 4242 1201 8869 7252 3181 6156 5336 8650 1372 6049 5096 6273 4329 4215 6285 8382 8040 9820 1543 6310 6799 4725 6313 1134 9823 8828 2613 6244 6716 4448 6230 6779 8416 7495 9598 1851 1628 9897 6946 5938 6074 4115 2457 3889 3614 7742 6288 1810 3487 9814 4178 7831 7946 9202 5504 2247 4923 5687 5116 6095 2321 2210 1496 7551 4012 7656 1761 1028 358 8763 8590 8396 3815 7647 9121 9219 1084 3537 5627 4106 704 5191 
3017 528 3363 1025 7138 6031 784 2499 2626 3695 7873 6893 7736 1114 8788 4994 1636 8650 8969 4825 8842 3212 2578 819 1750 2910 5646 598 12 8715 5934 1307 5403 1760 9435 6705 7144 4070 9455 2950 8625 27 8954 971 4735 1279 1664 3694 9685 8985 1585 848 1751 8451 9714 6869 588 4787 997 1141 4657 5295 3572 5962 253 5878 7683 2981 8331 2688 3089 9719 1531 8257 2324 7311 9181 8233 6909 9377 6172 4316 3476 5706 3221 4158 6099 2366 7915 3791 1314 2870 3238 2295 4077 3920 
5444 4110 7473 205 882 5430 6952 8448 1282 384 3188 9011 922 6631 5256 817 4648 4380 4765 1401 9036 5746 9547 9958 1432 9388 23 8018 9139 5816 9859 3097 6102 2536 4903 6959 9130 6679 7286 5434 7195 3325 8083 9373 4390 3231 1829 4419 7415 1776 4618 7839 2448 1905 7677 6888 2330 572 7363 7728 466 5236 3960 3110 4901 5573 3562 7127 8194 3357 6022 3406 1339 5901 9429 2919 914 6899 2489 4396 4374 3042 2161 2756 2799 5145 7744 5791 9124 831 9477 1946 9336 7375 8179 6456 
8824 5838 7496 1957 8768 9351 2178 9928 1771 9924 8673 5325 392 8068 8837 6602 7658 3828 9527 4519 3507 5016 7117 7616 2332 3100 3954 1489 2223 3965 3390 717 1809 4817 799 7688 7890 793 1925 4080 9976 5201 7828 3056 6026 2244 7390 7824 4104 337 5184 1425 3356 676 4262 2271 9438 2975 2053 6973 3599 6348 1779 6074 7710 4750 5783 5601 5157 9452 819 1742 6038 6782 9519 6822 347 6508 1008 8647 7903 3482 1412 8223 4916 6698 8273 3433 7901 7682 8428 5538 9487 6210 3554 4815 
665 3059 4399 646 4933 736 2678 8482 6505 850 1401 1473 5510 6695 8783 919 2846 2331 2216 3932 5780 8838 3663 9413 1469 9651 8252 4402 8978 2022 740 4948 9280 6590 144 4491 9635 7416 2285 8160 1804 3615 3997 6793 4090 2671 9813 7286 4902 8862 1060 9309 5347 7734 2242 5821 4800 4784 8688 6422 411 3526 7073 7936 5475 4183 3774 3126 3499 8506 9121 7917 2534 6938 4853 1145 1902 2188 5004 3611 6939 8885 6524 1997 3246 8229 980 2135 2849 5428 3795 5556 5658 6651 5133 8293 
5047 1305 701 7735 7206 5691 1237 9141 4339 6544 1485 5942 3703 9483 4560 2998 8486 6716 3039 104 7411 1538 3922 4900 2275 9673 5742 1349 2684 9185 7551 4229 7056 8249 702 3367 4996 7157 2359 9494 8751 9430 4727 6687 7284 252 5235 9067 4691 817 2561 2304 3740 1422 6508 5384 4913 1025 5185 8646 4891 2121 5773 4978 6892 8845 2579 8168 5653 9289 2097 484 6456 9032 9780 308 5880 5525 382 2110 3229 9907 6751 1603 4184 3624 6967 3046 3371 177 8474 1735 2099 1870 9919 3015 
2458 8742 1978 2759 6334 787 6651 5159 8823 9728 513 156 5119 3576 3486 7796 5939 4531 3249 9317 6649 6292 6904 3971 6692 6734 8930 4537 6950 8713 2833 638 9450 9863 8823 5377 5624 2459 1362 3945 1440 5399 4967 4391 5162 7327 3354 4773 8383 5163 9840 7745 685 4991 2378 1684 7528 8894 1379 7465 8797 4944 2628 4948 7791 483 958 6813 7810 7647 3673 6318 902 4049 9423 1149 8129 1552 1319 2726 2045 5335 9482 929 8494 6407 7571 8770 7175 116 7511 2688 9261 3406 4363 9340 
1847 3396 6336 2513 5262 5209 9105 3093 4174 8943 7836 4765 7217 4563 3302 1923 4325 4898 8336 1550 4065 224 9315 7126 2880 3952 3584 7700 1353 4711 3867 782 531 7651 2944 8022 6638 4838 3406 8494 4924 8513 1735 6273 4247 4430 4577 1364 2560 2280 25 2528 2983 3897 356 2382 9784 7097 9613 4561 2621 4330 2350 1657 5108 1727 1161 580 6348 9475 1412 3256 584 243 1224 558 5797 5901 3315 4392 5421 8714 6420 3391 4049 9381 7408 3824 9780 3060 4596 3273 3686 8973 2674 1080 
5453 9967 1543 1439 6486 913 9113 6566 5241 3186 4140 3309 8133 812 6151 3079 4228 7053 5296 7486 1932 7716 9317 2819 4588 2705 4181 3 1968 8057 2117 8891 8417 6597 4842 3791 7206 1958 486 8120 9378 1269 6339 4786 2428 1407 9691 2118 56 4846 9049 2003 8788 9500 7747 4483 226 1793 1215 6428 7300 3259 5431 2850 1970 7060 3970 3672 2201 5590 2588 6956 700 9118 3765 3369 8230 7724 5058 4494 5745 7834 828 2213 33 746 2095 7892 8866 1822 7933 4839 2764 412 692 7201 
7240 6365 4951 3021 2141 4012 4298 2512 5514 8958 1733 374 7191 1420 9397 9568 8948 5306 4234 8067 5851 1760 2330 2071 5898 6884 8208 3828 9641 9962 5376 7801 5383 3704 1618 8276 7379 491 1509 142 4766 6415 2322 3100 4522 8348 9457 4934 6263 3487 6511 7599 5309 9126 8942 1785 9127 9367 1048 4121 898 7731 1649 3685 758 8364 6262 1013 6722 5367 9133 7207 6414 4213 5768 1002 7431 6315 3155 1015 1697 5098 3409 3411 6296 5508 8188 8442 1580 1355 8751 7956 8726 5128 4697 8007 
4050 9090 9057 3869 2067 8394 2803 9501 4033 2866 461 841 9636 1423 4711 5706 7981 1666 5528 316 864 160 6676 3280 9456 1263 3077 3038 2465 4890 4611 3597 8893 6534 5825 3152 9113 525 2860 7964 9157 9098 705 9352 7260 9023 5589 8409 2336 1658 5059 5215 3315 9560 2295 5680 579 471 1640 33 5336 3052 7140 9996 6636 528 7529 4129 8232 9078 3872 7349 9354 5910 7313 2544 4349 9104 5900 1012 1039 1145 8969 3349 9079 2909 2075 7506 9138 9528 3796 5011 9923 4183 1725 2547 
8745 5133 2665 4709 2697 7915 280 3135 9519 2775 6571 2161 8540 6516 9548 9945 4908 483 971 5281 732 6615 2187 7761 1613 3645 9164 1680 1994 1742 646 4712 3488 2079 7739 1276 3152 3729 1959 9273 9574 5853 869 4713 3468 8716 7237 1267 5195 5982 7353 8937 6972 5960 1060 9216 962 4174 2569 1688 954 6064 7967 997 6234 343 5106 3406 8824 796 6152 439 3226 1036 532 7236 9544 6093 5575 82 6582 6266 5797 2507 1493 133 1126 369 6312 6471 1343 3383 7661 8938 3436 89 
3853 3064 1995 7640 3307 949 3593 98 6580 8987 6331 5564 7036 9650 7498 5105 344 7051 2643 2942 2149 8022 2457 8990 3718 7054 4684 367 3590 3961 143 4617 1203 9840 296 9939 7784 8335 1905 9205 2490 4290 8540 8209 3507 788 3529 9240 1458 455 8976 2662 6979 1297 6322 9337 9110 4586 9642 5523 3602 4539 4734 8369 5822 1001 2815 2605 7982 9134 5537 7095 4048 9945 6868 9363 4788 4255 1586 6313 9438 4584 9679 6905 767 1022 4001 9635 2381 4560 7664 6651 2950 7618 5852 3889 
6175 8083 7981 7131 1654 8919 4012 5838 196 6776 5772 6770 1274 556 5321 1281 2700 626 6070 3673 8157 3724 6084 2229 2207 671 3000 5781 7601 6663 9334 6736 8469 7244 6191 4786 665 8683 6246 9899 3656 8444 9483 7136 6963 6784 5643 7182 2418 8415 7585 7626 3663 5807 1809 6622 5176 7158 3068 5564 783 6611 4001 7826 2132 8232 6346 6052 5974 7555 8900 2060 9510 4299 5809 3383 512 3101 7978 840 9353 6177 2135 8313 7658 2959 1373 8269 4916 2541 3883 8702 1447 5824 4171 7126 
8391 5314 603 42 3863 1473 8887 1592 7105 2826 4144 6374 6810 5270 5046 1220 4811 4916 4883 7789 719 8941 1124 3335 9929 4184 7686 6472 9567 5859 1927 8760 5480 3788 8565 6592 9109 3749 9484 8894 1444 6644 8228 8931 6200 7426 4727 6665 8397 2821 7607 8148 9711 1107 4591 5728 6710 7308 410 5971 642 4099 1603 3553 2628 833 9213 2933 5694 1996 4114 8436 8786 7434 6643 2975 5949 2118 457 4807 6361 1707 7706 7736 9992 2951 5108 9823 9378 7058 42 9783 4940 7063 265 1716 
3485 2122 2337 9531 937 1923 1676 4205 3806 1214 4419 2266 8574 9560 9258 5950 3147 5194 5279 2764 8738 7291 17 7438 9413 6581 6113 9666 3542 8583 3230 1471 151 2536 1259 3955 7246 7200 241 751 9126 5355 6512 1942 2617 3139 3911 8870 402 1606 5983 4833 846 7221 4130 7506 4593 277 8255 9448 3775 8121 570 4961 6999 9602 6098 4036 2821 2744 5439 3282 9688 9368 2135 9986 97 4302 874 9652 974 312 3481 3233 8993 5722 45 8705 6165 1915 3554 7521 3813 4001 4507 637 
7940 6542 3107 2212 4056 2235 5180 6906 765 2250 8490 8049 733 7597 4807 6798 6217 8310 1617 7558 9132 994 1226 3362 5291 6833 3669 7587 2975 4516 2063 3127 9178 3156 4911 9613 6468 4622 2315 3023 1715 9644 7276 1382 5245 7624 5471 5556 419 5087 4063 9548 2351 7342 2944 4790 2424 5373 8140 2665 4144 4410 9568 414 4435 6929 9575 4906 4577 9234 7406 6090 3521 6165 9472 2641 3283 5137 1223 375 774 7569 5913 4597 2844 9367 1366 1131 9810 5451 5628 5779 7471 9700 4122 151 
2520 1782 1834 406 830 3994 2010 6548 3973 3127 8327 8512 8633 4993 3942 9465 2790 6301 4817 9051 7342 5603 5969 5070 7840 2081 9479 7455 7864 5513 4470 1637 8288 9167 2517 9784 4153 4050 6392 3824 7164 379 1588 6096 6242 3540 4827 2779 8087 2439 8243 5268 7615 566 8944 3835 58 5994 6763 8679 7753 4440 2513 8501 9856 2651 4235 7650 7208 8645 905 7419 2809 536 3008 7188 4316 4463 100 6919 8897 4119 6823 5278 672 2147 1851 5237 8948 7590 543 2433 31 9923 4496 1516 
2854 7294 6455 1984 2211 8465 7789 2735 9714 5641 2480 8027 8750 5573 6818 9247 945 1745 2623 806 384 7573 8645 21 9288 6307 8339 910 745 4232 9185 5017 5947 7623 9027 3643 9886 2081 9151 873 1540 1518 3528 6891 4661 3412 1475 9074 515 6624 347 5580 2023 1727 7040 5630 7290 3778 5733 1317 4247 3743 4360 8190 7913 3384 8030 9511 5607 6269 4344 2907 5128 9851 133 9506 8909 2093 4699 8091 2826 4999 1817 8086 5590 1045 3833 3623 3339 6985 5510 3356 2068 9964 1547 792 
5817 5272 8131 1166 3196 7409 5400 9823 3999 2726 1480 5290 8179 2974 1046 9018 4989 4806 2024 6394 6101 4482 7455 3266 7921 9125 8000 5228 8669 5388 3610 289 562 1538 8982 5193 3061 6977 321 4868 2756 4106 2619 4741 7803 8623 5352 2374 2782 5236 7928 653 2083 4061 545 8374 8522 7367 2148 392 6727 5042 7432 9811 1691 1961 8186 1838 7645 7304 7436 8526 9904 2959 6487 8546 2590 1972 2129 9545 635 2287 8989 4713 7656 1369 2182 315 3088 7177 1353 4034 5050 6428 6577 6735 
6009 9584 2972 2321 1577 1062 610 4959 4891 4296 4520 2500 8537 5285 2797 5100 4266 9969 5812 7010 6573 7677 7006 2983 9232 5209 642 3307 8139 798 30 4830 5030 8160 6274 4976 9530 4634 8521 7952 4075 3402 5892 7972 7730 6284 5193 7719 2666 7967 2465 1634 8080 9053 4791 2405 5481 9777 186 3018 8312 8475 8676 5041 8765 4200 3899 900 1402 4054 6975 2988 491 7138 1609 3530 1745 5315 9633 6535 5479 3375 2194 3165 8955 8753 9381 620 2270 5314 9267 3047 4699 3071 9639 5459 
5185 729 8624 9636 5847 7722 927 3516 6841 7204 9504 5583 5998 5065 3658 919 6339 9801 7571 8560 298 5408 8510 6114 2155 8417 7745 2785 9129 1515 1903 7350 8844 1672 950 8215 5600 4087 7360 3309 3689 8718 1742 2487 1715 2866 8880 8692 6587 2803 3109 5255 7094 550 414 2814 6098 8156 5032 4535 4661 4638 2599 4390 1000 7360 4012 4445 4209 5949 4107 7100 4188 3636 3562 7864 8275 9424 3070 3784 3968 5893 2565 9535 3179 1344 9817 1673 7512 1591 705 6529 9035 7129 8873 9625 
9565 9147 7182 2568 9103 1859 9957 5677 7496 4554 2230 6704 5252 8194 8544 1383 1155 4899 6004 6706 1408 3698 3848 4842 9301 8353 5878 2493 8777 6235 8810 2655 9153 4297 8987 5386 2969 9436 8750 5265 8075 6083 9074 6963 6015 8679 3396 4755 7726 1246 6934 9931 7930 505 7585 2012 2173 1 85 6899 5499 2668 330 9453 4712 2973 6146 113 9308 7190 1899 7314 277 4969 3198 9369 6689 2298 3637 9794 3792 4970 2580 6574 3246 3479 8701 7358 3099 7989 6069 7290 5817 1908 5201 9921 
9746 8309 8214 2032 5277 129 8584 8197 9507 2998 3574 4853 8921 43 3770 4784 4913 8249 2392 3444 2325 2016 3291 5027 5544 6194 6430 1712 5203 2363 3481 5480 2243 5490 1780 3895 3425 4570 3983 7619 2350 1024 2237 8121 5339 4132 6965 2792 5336 8315 6557 3189 6128 2776 9904 5423 5638 4294 863 134 208 8322 4713 7489 6028 1855 606 345 8295 9318 9995 4288 9421 4993 7734 3867 7633 7049 7865 9733 2034 2277 1930 478 5082 2522 3635 2509 9016 362 410 5230 8518 7006 2275 2171 
1817 9473 2715 6183 5921 7528 8409 5199 2394 1155 4339 8069 6389 9204 2791 6313 7199 2566 2471 9219 1269 5540 3821 5303 5832 7288 7230 5963 1497 9054 4228 5631 9693 6163 9388 6848 7888 8020 3279 3166 3143 1687 7363 572 9582 7477 7898 9705 6117 1946 102 5071 3965 1294 6593 7988 3221 7075 4365 9634 5708 4717 306 3342 2095 4858 4575 205 7974 221 8807 8970 6686 3288 4497 6064 2257 7722 8023 6669 3382 6657 8345 4025 6419 1954 1835 8416 354 267 7821 9754 3686 8940 9405 6094 
4716 5333 8805 6718 8255 162 1621 586 223 137 8816 9706 7408 1800 5139 8082 7731 4458 1304 3247 3223 2213 4591 5463 5221 1401 896 3802 4689 1708 1754 8031 1504 8640 4665 7235 7659 2131 7540 3190 5587 3461 3915 9366 7210 6474 8133 2836 8668 7665 9300 5866 9745 1378 5426 2157 2772 9853 2155 617 5893 1185 3791 5519 690 4811 2936 3916 6381 6035 8276 4716 3622 7837 5395 6174 1419 3996 9931 8443 3137 5879 1551 711 2622 9927 5273 7532 9147 1356 4249 7207 8052 3763 1839 4333 
4323 3070 11 5286 9844 6431 8334 2096 595 5942 9282 7771 8821 9929 3684 9458 1920 8901 3202 1728 2249 7940 3139 2294 7429 7525 2740 8165 3003 8145 8489 4409 6819 42 3700 2552 5039 2881 5327 8779 1904 3073 7534 2115 5825 1553 2392 7308 7549 59 7133 9258 4271 1647 5041 1093 4331 1327 1419 4031 3133 6341 7930 404 2133 2673 6563 3894 1154 2843 3962 4558 805 209 9970 2445 8556 1467 8815 4328 319 1170 5341 1316 9659 3900 2606 7279 6040 6939 5869 634 6380 7485 1091 5826 
2163 1020 9529 6975 7004 5693 770 8844 2139 4204 2341 3462 935 5524 769 5743 6678 9428 7261 7208 2619 6743 2199 6990 847 3990 7516 3872 647 1881 9239 2449 3791 7511 5262 7835 4673 8770 7271 3310 2725 5683 2511 7897 9572 315 1263 8460 5584 6221 4156 8493 8638 3316 2088 8091 9476 7217 2211 3323 3002 45 2672 5581 4278 6873 5245 8123 6304 161 618 993 9946 3879 2498 5564 8558 5015 7300 2153 1743 8745 3648 2944 5662 9021 5841 2702 9356 8536 3714 9755 1175 8467 5834 4788 
4824 1516 8263 884 5467 8320 3118 4963 2236 6722 1176 2799 9403 2843 9678 8766 7581 2878 6241 7288 4523 7673 9316 9051 7445 675 1947 9760 7451 7577 9729 6088 1607 3759 9060 2197 3047 2420 3067 6821 8241 5994 5134 6381 426 635 8029 6712 3397 1160 9562 3044 5090 9471 4881 5087 6562 1476 2344 4254 3042 2551 588 4911 8665 9259 2283 2951 457 757 4804 3209 1287 8922 5491 6586 6920 4307 8971 3183 904 220 3842 2862 6121 2967 839 4206 1070 8298 1328 420 6366 4725 534 6360 
641 3244 6393 6168 9266 6632 9705 9497 6348 9191 2022 9480 3638 3847 7077 5479 9233 5143 4072 6452 8946 7268 4243 5325 5162 2415 2735 6683 4902 9053 3812 817 5695 38 6529 9234 2871 5897 4817 6309 6364 8805 5388 1332 6375 2380 3420 4188 6748 7023 1442 9396 6126 3015 7392 501 6207 4440 6028 7809 9882 3185 925 1544 1947 9466 2813 4326 9204 7823 3253 5141 6762 333 5253 4148 2863 4972 2490 7765 4275 7484 2560 7860 2575 3664 8243 3416 1487 7097 6612 7952 849 6806 9735 5703 
6488 6794 7715 6060 7495 9929 7094 114 6703 689 390 2282 3144 4418 8088 9860 7197 808 1720 7986 9147 9432 9884 3989 3553 6696 7442 8467 6909 4461 9499 830 6348 3532 1845 9887 7676 9139 4852 501 1330 6894 4814 342 5634 2364 4847 8680 1167 1615 980 1037 9898 1778 7039 5921 7913 3617 5750 2301 4912 6904 6950 1795 4931 4550 8667 6070 1284 4719 76 1365 4562 2415 1901 2097 3986 2606 763 7652 4842 399 6432 1970 1695 7240 2465 2559 9189 9846 3567 8478 726 2538 5749 474 
