27 27 27
9018 5593 5353 9362 1706 1510 7201 8841 6205 5315 3254 3587 1662 2777 9062 9427 8853 1552 7738 2615 6680 5787 6118 880 120 8909 223 
2605 3162 728 5478 3402 6538 7369 9698 3141 1330 7842 7096 4541 5438 9991 114 5412 3754 5710 6183 6369 3287 3496 6404 1245 5520 5243 
371 8126 5582 75 2838 6115 6038 685 9345 2192 4621 8741 9051 6311 7717 886 2010 2847 8880 2267 2780 6023 2035 1605 4061 998 6095 
5103 3812 4871 7319 5015 3946 9013 5854 5704 96 6958 6976 5043 213 618 1816 5170 7937 1195 5092 66 4050 154 5505 3161 2775 7861 
3920 9288 5724 8317 6483 5304 1733 9071 1394 8013 8667 9819 3122 7678 5808 1795 6168 4139 7426 9697 5611 3238 8334 7168 7827 5718 2310 
6505 9190 6516 2348 2768 3788 7964 1850 8669 4753 7072 2621 4960 6412 7256 7608 2705 9899 7127 5817 4072 4552 4245 292 7308 4131 8537 
873 772 8998 8802 7770 9470 2692 9134 6585 4066 1219 166 9965 4233 5834 9721 5655 8950 286 6223 2821 8317 4499 4418 3338 7547 9727 
7709 3067 7616 2272 9712 1849 6602 6406 7632 2 1643 3284 6974 6316 2272 2041 6974 9424 6309 737 91 2688 7220 5669 5633 3947 3515 
2179 4448 4906 6027 5482 9448 9405 4912 6405 4046 4314 1667 6215 4000 7663 6577 4994 4025 4855 959 4331 391 9444 1595 3779 402 878 
7749 4554 6176 503 1668 2176 8291 9568 4654 5510 7563 3737 4137 9475 486 4204 6576 9789 9616 4280 2240 6075 7503 8755 1415 4970 3434 
4108 1294 9117 379 1582 9724 8381 3107 3965 4536 4608 826 263 7159 3511 5170 6337 2979 636 4860 9353 6181 78 4400 6863 3922 5569 
9877 2403 3248 328 3595 2026 3421 989 6139 6163 2529 5034 9581 7087 7295 6728 2549 9756 2516 5033 5869 9036 1283 6529 4454 1023 3816 
4232 884 7271 4388 5584 7465 3865 1413 3165 5256 460 2008 638 889 6986 6774 3161 2085 5154 2752 4323 144 3033 4721 1442 469 7423 
7079 4206 6260 9369 352 2160 4370 9364 1422 9915 3863 1622 1118 9370 3543 8088 727 1022 3870 2158 6956 8673 9882 5224 3419 2735 625 
7902 4118 5741 7091 6424 4250 5439 1942 2774 9570 3246 3383 6421 2848 8666 8424 4135 443 2664 5280 8266 5951 7527 3236 5549 9146 7611 
6392 4605 919 16 4464 977 4845 9545 8969 9473 3349 9982 6322 6655 9212 603 2311 3876 1927 2810 7699 8706 3357 2939 2269 7676 5290 
119 9638 8956 3503 3369 6066 5701 7074 944 1607 8208 226 6496 5388 7787 265 3392 6838 7041 1574 6380 2715 8868 8673 3875 3778 8590 
4524 3957 7931 3155 549 2923 5791 7069 2175 5069 2426 843 2980 4180 8565 1627 2273 3541 6075 9521 5266 5576 607 2639 3448 7806 4656 
3699 9919 1471 8206 1509 3655 441 6013 72 8679 8717 794 5877 703 1458 3013 326 6869 5118 9170 7552 6518 3651 7422 1476 7494 2909 
9840 3666 1365 7282 4011 1869 8920 9241 4229 9896 6621 8527 9964 1885 5093 4621 258 9486 8328 9146 6995 5555 7261 905 6731 6773 8186 
8476 6406 1927 2484 8065 1714 1791 9421 6732 8852 6510 8002 5104 9439 9305 2352 7822 4033 524 7949 3763 8864 9811 9533 6310 8063 5074 
4369 5921 6666 4422 6886 1756 8761 9442 3169 1694 8839 5867 1643 3241 8292 1427 9844 8173 9689 4025 710 4369 8131 9495 4206 8537 8839 
9474 8089 3666 5837 5462 4207 654 4465 8356 2182 4819 3095 2283 6061 8641 6809 8567 8801 8676 6154 6072 2974 8963 6313 4977 456 1714 
6858 5091 5143 987 7487 1587 9015 5038 9275 8648 4101 5194 5150 5605 5778 8190 3386 6200 9665 9878 6945 4574 1102 2663 8321 3405 1372 
7827 1182 3679 6128 5173 6662 6264 3219 247 1754 833 9699 9728 3993 4320 2687 1384 9532 4052 3046 8666 5834 7789 2495 3484 8507 3500 
8564 6504 6500 6975 2283 4310 8276 3180 4484 6512 7356 8298 1961 6972 9959 7543 8196 8387 5933 9199 4626 7650 5095 5491 1931 3374 8395 
6073 9741 9943 5581 1785 4668 482 622 789 8765 1764 2755 4904 598 1549 2995 8498 2888 6424 3167 8399 6298 9898 731 7368 3074 2729 
8528 6112 932 7609 5113 895 1260 3963 570 3269 8364 5830 1232 3248 1513 2968 6381 8159 1469 4838 5407 7219 9960 4634 4134 5199 7829 
5823 1300 4824 9182 9803 5871 2259 4796 1660 9694 1869 7106 7578 9675 8196 8228 5706 4780 5201 9349 9782 3500 5892 8154 4476 4495 4932 
4987 5034 6835 3004 9275 4794 7806 6613 1883 4457 3902 4885 4035 3923 6543 6374 6499 870 1770 3544 9701 6448 5409 8721 904 8967 3714 
1786 2934 2269 8930 1290 7887 1438 6407 4014 299 8952 9414 59 3758 3137 336 2940 8537 8667 2205 8961 9360 4083 309 3397 6245 3504 
9139 2644 7971 5541 6650 2523 3313 327 4882 7132 3437 34 6408 6653 8333 2687 5065 981 1373 4033 132 7364 5587 4126 9656 6902 9943 
1979 8092 6826 1682 655 5728 5989 3023 3771 2414 9067 5073 8096 9469 7749 851 3255 2300 8479 9792 2571 7977 9855 8622 7665 5562 5825 
890 7828 8712 5452 1976 5744 4590 8628 3156 3735 7621 5526 1836 553 1018 7627 2255 1971 3645 8405 9031 2156 70 1782 4459 1530 7447 
8549 4526 9465 6540 7178 3880 2530 4522 8029 309 3186 9301 5189 314 533 5546 628 6165 3186 1040 1930 3857 2184 3640 1902 3663 2481 
1586 7689 1563 4094 1118 9689 3753 3679 409 5674 3563 5141 1521 3031 4539 2558 9060 6235 9755 9627 2206 3915 7534 9069 9304 4789 9429 
8536 3885 8019 539 2022 5699 1765 5274 9566 2302 2426 3577 3424 597 2803 967 1937 4356 768 2371 938 9042 7197 4246 3753 4713 6408 
3298 8223 504 1358 6914 8324 9389 8183 1600 5525 1962 8806 8185 5993 7721 1147 5855 3739 5010 9739 8084 7106 1329 4632 1949 2529 9677 
2012 5564 8637 7237 2801 8413 1831 8687 8176 1720 1842 2627 7406 7799 7505 2397 9791 2905 3087 1315 6209 3733 6795 2122 8562 8225 9846 
9703 8145 2358 5276 9049 2473 5723 6485 132 7973 4197 5027 6372 31 385 2655 7429 6985 5134 6130 5714 8301 6512 9846 9407 22 877 
8831 9636 5359 2367 6766 5201 5865 2513 4710 3084 7456 6542 6456 6280 3702 3527 2231 6234 2002 6425 8416 8606 4482 6238 7139 6869 8904 
3519 8194 3484 4623 3570 433 2676 1245 6037 1676 9000 4387 3872 2030 3430 6503 5772 5441 2694 113 2105 5765 3476 35 5724 269 2739 
1041 5920 6739 7649 3153 8046 9981 986 1915 1014 5486 2663 8622 4152 767 4238 2000 4720 8077 2759 3499 9471 6422 5605 3420 6548 447 
6913 2931 2376 2111 571 356 8889 5777 6491 1494 6319 3794 9548 5203 3182 4557 9296 2246 4018 31 8877 5772 6640 6354 6566 2049 292 
365 8952 1963 8866 9417 823 9449 6347 1238 1583 7427 3242 7259 5080 9751 2519 535 9172 7917 8515 8421 9445 6738 7905 7056 4656 337 
3755 3726 3325 2303 2095 1289 1054 36 7106 3513 1875 596 3927 2409 7922 8621 1691 9027 9976 8713 8841 5650 4747 1034 1065 9728 8956 
4538 5240 6735 8974 5543 9383 9504 5343 263 3683 7161 2667 8955 7939 3201 4602 4537 4509 6521 2400 6803 405 3172 8958 5347 1501 2481 
4780 1083 2694 9097 3263 8113 6434 4621 3964 5775 9470 4588 5987 9450 3579 193 5326 2402 6998 9314 9804 4317 2397 5881 4021 3752 8861 
2717 2980 9389 1751 6611 8035 915 1189 8156 4865 3241 4463 2923 2324 7639 7320 505 6107 1531 2923 8365 3153 5614 3979 9101 8533 729 
6618 925 217 7643 8342 5375 7448 8186 4291 6114 6660 4975 546 2080 1777 2642 8849 2490 4786 6187 5707 5313 1263 8467 5008 7622 9687 
7359 835 9157 9950 9497 9353 3047 7121 4487 8469 9988 7487 402 8032 3572 606 5736 1542 7770 1494 8890 60 8653 446 1959 2667 9691 
8319 6744 5530 632 1306 6335 8974 7496 9753 8977 3701 5936 7388 580 9450 8403 9451 7899 523 9201 7554 1313 3637 335 2745 8752 2900 
3247 6233 6074 5107 6160 244 2321 3560 1515 1609 5661 3414 9794 7744 9884 3393 7058 5070 9694 7499 4263 849 9758 412 9780 5569 2049 
6902 9820 860 4603 7803 5873 817 5616 7120 8268 1252 4036 1946 471 6389 1183 6310 258 2688 8907 9061 5347 924 8979 7706 6586 1020 
