10000
561 
7571 
7525 
7418 
2059 
4892 
5217 
8428 
6008 
4499 
9811 
3385 
5839 
9497 
3419 
1976 
2171 
1332 
7304 
9308 
9908 
376 
3782 
2178 
6683 
2842 
9863 
5542 
9775 
1879 
3358 
7162 
3201 
1255 
4832 
8038 
6731 
6421 
3827 
3535 
774 
6523 
6493 
608 
4622 
3539 
2951 
9621 
4114 
584 
913 
8345 
3627 
1916 
7986 
2828 
1247 
8288 
5974 
9920 
7713 
1339 
3756 
9940 
9494 
7465 
4605 
1033 
6339 
697 
2622 
1935 
9193 
8008 
2592 
6270 
6011 
2111 
558 
6318 
2583 
4255 
5511 
2206 
2734 
6618 
7729 
1633 
6489 
5352 
4554 
7320 
6437 
2320 
4848 
8446 
894 
2619 
7968 
6755 
9207 
7350 
2873 
4923 
5258 
8339 
3896 
3000 
3946 
8032 
1695 
2039 
6646 
2191 
636 
3226 
1683 
6480 
6899 
4635 
271 
5066 
2966 
2425 
3240 
8524 
6457 
1301 
4470 
4075 
4804 
1018 
5168 
8495 
9773 
3772 
5530 
1319 
2219 
2269 
8990 
1492 
9404 
1812 
2221 
2565 
2289 
7267 
1300 
4968 
8389 
2244 
7996 
7295 
5321 
9360 
1703 
6700 
7471 
9567 
8288 
2585 
3159 
1680 
3779 
3205 
5677 
7695 
844 
2522 
3107 
780 
8481 
6077 
4720 
9313 
4553 
2182 
1931 
5177 
4030 
7496 
1421 
4781 
5466 
4104 
2306 
5545 
9947 
63 
289 
4640 
4438 
3084 
3736 
7339 
266 
3697 
8151 
3896 
6727 
8873 
4460 
1081 
5236 
6619 
8484 
815 
2898 
6287 
658 
7415 
7328 
1543 
2600 
8649 
4742 
2451 
8668 
4976 
7306 
6822 
3879 
2079 
4198 
6843 
7754 
8429 
915 
9147 
4200 
9536 
3616 
8130 
9181 
9472 
4542 
4004 
1944 
929 
991 
6940 
680 
4559 
8560 
4406 
515 
883 
5147 
5638 
7785 
2760 
2626 
103 
5451 
6849 
8144 
9170 
3412 
2038 
8437 
4983 
2779 
7937 
9261 
2494 
146 
4345 
5104 
8266 
4965 
892 
3855 
2644 
2937 
1930 
3537 
1541 
653 
1398 
8573 
4335 
2580 
1952 
1211 
9597 
2098 
3449 
3724 
2336 
9944 
2280 
6901 
6890 
5421 
2147 
720 
4585 
4277 
3020 
2546 
7474 
1379 
2655 
4759 
9996 
948 
483 
3156 
3452 
2527 
1318 
6568 
9692 
7904 
3344 
3601 
9569 
6550 
9511 
6746 
2016 
3747 
2382 
1208 
2815 
3327 
2315 
4557 
7186 
554 
9182 
6933 
6007 
3746 
4810 
4319 
2546 
6935 
6093 
9288 
7866 
2001 
6657 
2437 
7383 
434 
8196 
2630 
6312 
3592 
4593 
3562 
5500 
443 
809 
857 
3718 
8159 
3744 
161 
9879 
2502 
575 
982 
5874 
805 
5844 
2918 
6689 
7739 
7791 
2865 
7739 
7402 
1785 
330 
7708 
9494 
6000 
7648 
1161 
4716 
3528 
6552 
3993 
8517 
1746 
7049 
3536 
9449 
8291 
5566 
2000 
5843 
6471 
4080 
7927 
5536 
7425 
1892 
3255 
5240 
3209 
6623 
2319 
4103 
1726 
3501 
5097 
6198 
8863 
8812 
6639 
2445 
4430 
2188 
50 
2951 
9354 
2360 
7022 
9694 
8951 
6634 
4794 
5001 
4170 
9845 
4016 
1385 
5416 
302 
3146 
8125 
9804 
4154 
5052 
9157 
5892 
3192 
2383 
3695 
5119 
8610 
8159 
1105 
9641 
7192 
9321 
1543 
601 
9362 
513 
7903 
4949 
2679 
107 
9313 
72 
8840 
690 
5310 
2159 
5057 
6296 
6803 
299 
7220 
2097 
7917 
7638 
3909 
1259 
1283 
3457 
5880 
6323 
7085 
6007 
4122 
7989 
3250 
9862 
9502 
4908 
3696 
2285 
2751 
4899 
5699 
1663 
5926 
8082 
5714 
3252 
5744 
3280 
8334 
6488 
7034 
298 
9547 
122 
9392 
9340 
2834 
2899 
4006 
672 
5751 
8940 
740 
1960 
3724 
7544 
8868 
389 
4334 
9943 
2146 
2242 
2288 
3539 
7087 
5739 
995 
445 
2526 
6011 
4516 
9426 
4664 
3442 
5824 
9419 
1362 
9031 
9644 
8369 
7203 
7212 
4211 
1077 
7346 
5321 
7412 
9709 
4357 
1846 
1648 
3585 
3150 
1388 
8933 
4905 
8733 
934 
804 
3183 
5483 
4948 
9304 
4733 
9844 
3479 
1704 
8148 
5861 
6802 
2226 
6013 
8993 
1759 
7068 
7644 
9223 
1515 
3290 
1456 
4062 
5137 
1174 
2006 
9120 
8710 
1223 
5912 
1456 
9581 
4232 
245 
8908 
7285 
8189 
2626 
6152 
1004 
9772 
1831 
5351 
1000 
1519 
2583 
2872 
8305 
4055 
7486 
3715 
202 
2953 
9716 
9614 
2384 
1768 
1217 
4095 
7250 
5559 
6632 
4956 
7103 
2993 
9052 
8943 
3490 
5485 
4661 
2399 
249 
2439 
2959 
4175 
8040 
3128 
2451 
2186 
7652 
271 
3256 
3530 
501 
3664 
8506 
4075 
1067 
1594 
2607 
9258 
7221 
4130 
4339 
5181 
4790 
8258 
7230 
5173 
2527 
7209 
7895 
3204 
9558 
4287 
3500 
2185 
6175 
8827 
653 
364 
6073 
866 
1056 
273 
435 
8159 
1333 
7193 
7203 
7161 
8109 
4056 
2628 
5832 
8689 
8974 
7942 
6440 
693 
4331 
1008 
1905 
1200 
5173 
436 
2246 
7239 
5065 
7316 
7148 
125 
9060 
8662 
4290 
2123 
2831 
1539 
2349 
4281 
6580 
8107 
6710 
6887 
634 
7305 
7532 
1688 
1882 
8235 
9122 
6373 
7736 
2247 
7302 
6995 
7197 
7756 
5694 
289 
7260 
1015 
8403 
2124 
9631 
1411 
4797 
6755 
5465 
9313 
6768 
9793 
8 
9230 
87 
9066 
2751 
2628 
9233 
3982 
2057 
2115 
6119 
5129 
5447 
8760 
5813 
1270 
6187 
6754 
3922 
3914 
931 
96 
117 
5139 
6213 
413 
9685 
1750 
9264 
3623 
6506 
8686 
5464 
9611 
4359 
9545 
9761 
5391 
8173 
8744 
6173 
9646 
9538 
3466 
2252 
1765 
5241 
5017 
5529 
5776 
4004 
4995 
4121 
3092 
569 
6031 
4281 
254 
2404 
6161 
8294 
6846 
1863 
5231 
2041 
499 
5205 
662 
6051 
6175 
5951 
4783 
5073 
6652 
3917 
1505 
7959 
1467 
8748 
8053 
8417 
4243 
4382 
8690 
365 
7410 
6817 
7697 
2312 
7145 
8914 
4525 
6077 
4490 
4083 
6110 
3195 
7980 
5860 
3887 
7826 
358 
8236 
3742 
880 
8488 
3844 
4388 
133 
5721 
9336 
5254 
277 
9010 
5493 
1883 
5304 
1098 
828 
1933 
6697 
6013 
8796 
1207 
67 
439 
1155 
2355 
735 
9665 
9544 
2381 
6925 
9096 
8427 
1472 
4472 
5038 
663 
8992 
7094 
8270 
3381 
7485 
9411 
3468 
961 
9858 
5363 
3858 
2534 
2760 
8180 
547 
1135 
2319 
6990 
5348 
2186 
1984 
7883 
9858 
7470 
3426 
4106 
6538 
5620 
8771 
319 
5173 
7880 
8758 
3068 
1564 
552 
1331 
9756 
9316 
3892 
6761 
5904 
8241 
1440 
4036 
1405 
9779 
4474 
1800 
895 
5330 
7154 
5367 
2323 
3301 
6702 
6652 
830 
4678 
6917 
2223 
8434 
6590 
5091 
1132 
8775 
2852 
1669 
3065 
5993 
3294 
6344 
4819 
2886 
4445 
7457 
7387 
6985 
2281 
75 
4649 
9813 
1190 
4943 
3684 
9316 
7042 
3295 
9230 
2903 
5432 
2351 
3028 
5309 
1312 
5970 
7499 
4070 
9321 
3863 
6864 
6329 
3312 
9815 
6212 
7853 
5944 
6392 
9291 
5218 
7617 
9100 
5357 
6517 
4999 
8289 
6134 
550 
5711 
6204 
4427 
8422 
1216 
1210 
295 
6816 
4917 
4923 
7996 
4507 
4032 
6514 
5504 
4875 
9781 
6326 
2922 
2826 
9253 
5603 
3694 
1670 
6752 
9352 
4977 
8952 
2645 
3840 
2180 
7581 
9374 
8914 
2970 
6015 
2070 
6227 
5175 
8486 
6591 
9167 
551 
7170 
7089 
7945 
2248 
6948 
1922 
8538 
6252 
9817 
6632 
7629 
1325 
1709 
3792 
3047 
7768 
6388 
4356 
732 
9197 
7762 
8914 
5878 
1076 
4370 
5194 
9808 
4643 
5021 
8781 
3438 
2328 
865 
2381 
7625 
3351 
1554 
7641 
701 
6321 
912 
3544 
6541 
1499 
3196 
1346 
5046 
7874 
3597 
4928 
1629 
2482 
1846 
8777 
7153 
5185 
1067 
6092 
1499 
9967 
5427 
6660 
4421 
5668 
720 
361 
9931 
3694 
5816 
7090 
1852 
6340 
941 
3666 
960 
6854 
2797 
467 
6569 
392 
6540 
800 
102 
8905 
9140 
4151 
5087 
583 
2799 
8626 
8607 
3252 
5677 
4881 
6040 
7768 
6073 
7033 
8419 
4028 
9177 
2351 
1636 
4350 
4925 
685 
5872 
638 
2689 
7330 
1874 
34 
1496 
9019 
7470 
7186 
1422 
3588 
6883 
7778 
9470 
81 
4700 
6038 
1784 
5219 
8360 
4990 
6423 
5375 
6948 
1534 
510 
2383 
5221 
2345 
3606 
3627 
9625 
5934 
7048 
8532 
2473 
4255 
537 
9127 
9168 
381 
8376 
5777 
5889 
1062 
7725 
6398 
1560 
264 
8848 
4187 
7835 
1359 
2700 
6869 
1608 
2634 
4932 
108 
1035 
8394 
5591 
1520 
9626 
7783 
2247 
8831 
4951 
7812 
9469 
5956 
6398 
2708 
826 
6683 
6419 
8993 
3724 
9763 
4240 
2368 
85 
5786 
682 
5369 
4410 
8943 
4910 
8151 
4669 
7528 
2400 
1825 
5283 
2227 
441 
1343 
7463 
513 
4422 
7767 
4264 
550 
2830 
6153 
5274 
185 
5297 
9374 
6260 
3353 
4734 
496 
6396 
1498 
4204 
9849 
6562 
8420 
6399 
9570 
668 
3132 
5211 
3512 
985 
1913 
9537 
8686 
9391 
1775 
9050 
4018 
141 
4530 
1676 
7717 
9928 
4133 
6560 
9878 
7876 
9383 
6096 
5221 
2823 
9537 
9868 
4882 
6263 
26 
320 
3886 
5393 
4886 
8299 
8861 
5563 
8219 
7180 
1264 
5573 
9076 
1161 
5392 
9877 
6393 
7040 
7621 
56 
8709 
4936 
5539 
7877 
8155 
1455 
2086 
8699 
7038 
7132 
1216 
9603 
2141 
4031 
6318 
143 
1400 
9585 
3124 
9265 
1299 
5714 
8094 
2855 
8585 
5795 
3740 
7360 
4661 
527 
3792 
4335 
5712 
7229 
3273 
860 
2453 
9701 
8904 
8769 
624 
2550 
7593 
6132 
9850 
327 
6206 
3507 
7271 
9363 
287 
3292 
5129 
7515 
2698 
8908 
5245 
3191 
1163 
7234 
6995 
4877 
7611 
1732 
1255 
6598 
667 
2013 
4384 
6912 
369 
5002 
6325 
520 
7193 
3948 
7545 
5630 
5908 
1600 
5669 
6096 
3034 
6223 
9615 
3937 
602 
2991 
8217 
6495 
2176 
5840 
4766 
5713 
7751 
4221 
3904 
9868 
3953 
2320 
7118 
9406 
9319 
5226 
2083 
7235 
9415 
1602 
7399 
6018 
5591 
4083 
7829 
3159 
8559 
4460 
5822 
4458 
2273 
9919 
8277 
2375 
6419 
8236 
8260 
5671 
7216 
9519 
6800 
7265 
2162 
8522 
8944 
9853 
7862 
9278 
5718 
6395 
8829 
8340 
6943 
5492 
8254 
3005 
5462 
8043 
7520 
6837 
5348 
3416 
7040 
7622 
8181 
4109 
4121 
8604 
2493 
8762 
2577 
9512 
5700 
8316 
8444 
9208 
1114 
5517 
792 
6711 
242 
2749 
9141 
9589 
2708 
4407 
989 
5052 
9752 
9519 
2882 
4877 
383 
3362 
3442 
2097 
2239 
6226 
6367 
135 
6029 
4317 
2908 
319 
7536 
8298 
2603 
3082 
4873 
9187 
2151 
9602 
3267 
4397 
6182 
8119 
9786 
8797 
8538 
8535 
3222 
3303 
7222 
1447 
4507 
4783 
734 
4177 
6618 
596 
6206 
8679 
6884 
6468 
2095 
3770 
4911 
3000 
1485 
3624 
9002 
7362 
5127 
3415 
844 
3406 
7043 
367 
9467 
9391 
8093 
3487 
5667 
1336 
1412 
2696 
5287 
893 
8675 
870 
6621 
3746 
6822 
9220 
3852 
9940 
2010 
2089 
8221 
5773 
7133 
5162 
8593 
2445 
7229 
3021 
5586 
4407 
2230 
8937 
4598 
2351 
8172 
7592 
249 
6652 
3767 
8198 
7541 
4860 
9168 
863 
6627 
7205 
5422 
8668 
5199 
8221 
7836 
755 
9633 
4239 
5417 
7901 
6803 
850 
7721 
7838 
9441 
8607 
9248 
8694 
8379 
442 
4606 
6155 
983 
9813 
3870 
5255 
3721 
8210 
46 
1049 
668 
2721 
9107 
3550 
4519 
3800 
6454 
7336 
6179 
6277 
208 
6302 
4205 
7589 
6240 
6479 
8048 
2859 
4637 
1719 
6593 
8502 
115 
2244 
8586 
2493 
6718 
6746 
6711 
7733 
5973 
9802 
9798 
9562 
923 
1288 
6964 
4625 
4820 
8356 
4024 
279 
2616 
8624 
3766 
5411 
4557 
142 
6737 
9034 
4803 
8542 
5211 
3 
6953 
9565 
9720 
5290 
7600 
2342 
8808 
8232 
4714 
1082 
4821 
3219 
6555 
9752 
8142 
9463 
8430 
1935 
1322 
1301 
6460 
1881 
681 
4186 
128 
3759 
8409 
8105 
289 
8885 
390 
340 
4789 
640 
5105 
6488 
6941 
4155 
9384 
2360 
6511 
695 
8379 
9879 
1014 
2079 
6621 
2225 
828 
265 
1259 
5331 
7979 
7543 
4589 
9688 
447 
8376 
4279 
920 
9668 
2943 
3380 
6612 
9428 
8907 
1669 
8171 
1488 
9803 
9493 
8663 
7003 
3785 
3346 
230 
4314 
7935 
2182 
4989 
3179 
5665 
9366 
4380 
8641 
9587 
7098 
7294 
440 
7366 
9681 
1550 
5504 
2604 
4377 
8841 
8126 
6860 
6801 
7044 
4552 
5716 
6111 
6516 
5331 
7824 
5312 
7420 
8196 
682 
9114 
8948 
7412 
4431 
8792 
7880 
2410 
2891 
4796 
2382 
346 
952 
5406 
3470 
2165 
6575 
1135 
444 
7347 
137 
6546 
9607 
2171 
9027 
3489 
1951 
4480 
9337 
6643 
3311 
6983 
7930 
10 
2658 
6958 
1463 
196 
2258 
2356 
8158 
3295 
4532 
6611 
5451 
6930 
9438 
8042 
3894 
9552 
8227 
9795 
1781 
7468 
97 
2003 
7226 
9648 
2843 
3745 
9171 
5400 
7886 
8215 
5699 
9735 
4809 
9995 
6215 
5180 
9669 
6482 
50 
5532 
3487 
7084 
120 
1553 
4063 
9613 
1678 
6265 
7442 
4678 
5841 
9864 
7655 
9529 
3903 
7664 
9781 
2341 
544 
3759 
6821 
361 
8024 
2241 
1099 
1275 
4225 
4874 
7655 
3962 
2224 
7069 
6909 
3805 
6483 
4027 
1575 
4317 
3292 
6541 
9499 
6480 
830 
6682 
6190 
7046 
6940 
6848 
250 
4142 
7556 
7855 
917 
5642 
3740 
6155 
5177 
9481 
8273 
7730 
3 
7096 
5938 
212 
9157 
3217 
1108 
9984 
4317 
3553 
8919 
444 
6613 
3242 
7586 
4599 
871 
7343 
2060 
6445 
6854 
7950 
4250 
8681 
7833 
5220 
4819 
3328 
1890 
123 
226 
6149 
1347 
8183 
8946 
1861 
3258 
2885 
5886 
185 
1437 
7221 
6746 
7515 
294 
803 
3266 
1172 
3878 
2654 
7581 
6297 
9074 
9536 
9413 
2367 
4559 
4680 
4596 
26 
428 
2077 
1390 
5672 
3232 
3146 
7970 
192 
9482 
1483 
605 
2131 
553 
3952 
9537 
6543 
3150 
6519 
9302 
7928 
9686 
6224 
6283 
3299 
8908 
9859 
1322 
5178 
6784 
6426 
5118 
9398 
5286 
2361 
5351 
1518 
4867 
6924 
5087 
9696 
6191 
5213 
7090 
5724 
1785 
5798 
1581 
5908 
3397 
2442 
8183 
8784 
5296 
3837 
7550 
3365 
2436 
5388 
2672 
9189 
7239 
9234 
750 
6438 
5070 
1422 
1197 
8255 
7754 
6764 
3738 
6851 
1847 
6205 
5713 
7958 
4563 
9908 
7482 
7569 
6327 
8778 
5941 
4453 
2441 
5885 
5451 
4307 
1399 
2232 
4559 
9363 
1939 
7258 
7967 
4831 
9947 
9228 
6533 
3532 
9128 
781 
2055 
5340 
9928 
2167 
942 
4411 
8412 
2766 
5021 
4745 
7082 
6632 
1861 
7652 
3871 
8668 
9090 
4937 
48 
459 
8888 
2662 
6377 
7184 
5035 
8592 
9908 
7003 
3052 
5274 
8849 
6197 
4641 
1444 
4109 
9879 
9538 
7154 
4830 
5927 
7473 
6524 
8553 
98 
752 
864 
6192 
2833 
7261 
3343 
1853 
3685 
7762 
3499 
8040 
8242 
9394 
9780 
5706 
8551 
5378 
3765 
1931 
6065 
9408 
7325 
1101 
9095 
8449 
5978 
7574 
2334 
8475 
9018 
2413 
6098 
7190 
5045 
7096 
6028 
1925 
6185 
2359 
7380 
6958 
8128 
929 
1638 
7779 
2724 
6230 
6622 
4623 
5480 
8387 
3404 
8745 
9055 
3597 
3359 
648 
4384 
3510 
1328 
5619 
1685 
7737 
4794 
652 
2400 
9295 
5181 
5295 
2643 
6544 
2290 
4193 
3040 
4053 
1510 
2333 
8067 
9500 
6508 
7764 
9950 
8230 
1934 
1470 
1722 
7269 
4171 
2165 
8855 
5949 
3405 
458 
2433 
7247 
6300 
9929 
5232 
5719 
7486 
2508 
8957 
3940 
5723 
9395 
70 
376 
2528 
8302 
2954 
2835 
6061 
9317 
4679 
4950 
4071 
1584 
7857 
8480 
4830 
9202 
7913 
2096 
452 
6106 
7688 
7395 
6928 
7067 
2443 
3819 
870 
2849 
517 
8866 
1973 
3283 
9764 
4124 
9215 
2901 
488 
4416 
9461 
8184 
2363 
6965 
9015 
3530 
2574 
44 
977 
4156 
8299 
2700 
4701 
3347 
356 
7891 
8888 
6510 
6867 
9642 
8106 
7668 
2175 
1888 
3766 
5131 
1221 
5409 
3438 
2349 
9651 
7159 
8433 
7519 
8571 
8818 
8572 
470 
7285 
8720 
2284 
6683 
3398 
2108 
4833 
6052 
8135 
2711 
3437 
221 
650 
3983 
9239 
1591 
2875 
4080 
2628 
8879 
2457 
2546 
7214 
8353 
1381 
7349 
4368 
4849 
3031 
536 
846 
2113 
5664 
3342 
3386 
6502 
9451 
5377 
1103 
8495 
2963 
7228 
4851 
456 
9709 
1233 
9341 
3511 
3973 
2297 
3165 
6125 
6543 
5382 
9811 
935 
1436 
5259 
9486 
7858 
853 
4477 
3075 
7491 
1560 
6117 
6501 
9873 
8715 
5008 
2951 
4155 
6675 
6574 
8083 
3405 
1741 
2644 
2555 
8184 
9830 
8934 
4793 
7623 
4776 
4139 
7921 
4110 
3737 
6086 
6922 
4569 
8716 
8774 
5399 
8267 
7052 
2058 
9405 
5675 
4926 
742 
8479 
5418 
8233 
7137 
8869 
4971 
4105 
6320 
3896 
2033 
8635 
7169 
5660 
1357 
4700 
8409 
7830 
5547 
2873 
3958 
6347 
3540 
9079 
958 
8139 
437 
1700 
3709 
2521 
2741 
2183 
3729 
8706 
3343 
2333 
2864 
5819 
2457 
4573 
8574 
933 
3124 
2846 
5753 
7486 
3011 
4966 
2643 
3987 
8735 
62 
6068 
1752 
374 
2040 
4456 
5595 
9424 
1382 
5121 
8346 
3889 
3999 
331 
4342 
1088 
9678 
6878 
367 
4513 
2594 
9033 
7818 
4909 
5260 
5537 
4192 
1463 
9714 
1003 
2525 
7972 
6863 
6506 
9554 
1628 
2517 
4219 
4017 
9831 
5154 
7611 
1160 
3362 
4665 
1410 
6917 
6014 
1707 
7630 
3295 
2289 
642 
5350 
9674 
4031 
9966 
1638 
2639 
3127 
9916 
1214 
6886 
1688 
6301 
4575 
9006 
3948 
6332 
7865 
3189 
310 
4625 
953 
608 
8941 
6417 
487 
3964 
7312 
435 
1895 
1570 
4158 
1829 
294 
8698 
8723 
9195 
3622 
3819 
7074 
5395 
5615 
5493 
5493 
9131 
5545 
1624 
3830 
5075 
9320 
8072 
4104 
3908 
6696 
9946 
347 
4803 
8335 
8569 
5162 
1714 
7169 
7568 
8682 
9756 
6484 
2210 
5615 
6526 
3365 
8289 
5036 
7728 
3083 
4580 
4749 
2405 
9294 
3642 
7744 
4564 
7916 
4619 
1567 
8271 
4598 
9002 
7472 
8013 
3683 
7134 
9451 
4523 
4631 
643 
6398 
5551 
7770 
9748 
472 
55 
4546 
3527 
2474 
6382 
4762 
2147 
5818 
771 
7963 
1027 
3164 
7658 
1118 
3674 
6131 
2746 
2841 
4563 
9233 
4570 
7174 
1108 
8938 
283 
4050 
6113 
9711 
3786 
4671 
5377 
4021 
1057 
6152 
6699 
1312 
481 
977 
4353 
260 
6157 
2951 
2664 
582 
9666 
3974 
469 
2273 
1739 
6312 
4790 
8552 
7491 
9324 
4334 
5513 
9596 
9748 
4480 
7505 
1303 
4470 
5422 
3266 
2609 
1381 
7613 
6285 
2901 
5204 
8379 
2695 
5438 
3472 
2735 
9476 
1102 
4861 
3898 
7926 
5970 
721 
1060 
4764 
621 
7138 
9555 
5950 
9977 
9611 
5458 
9100 
2269 
2756 
3422 
7712 
2713 
3342 
8807 
4941 
3401 
8993 
7377 
201 
7053 
8880 
3421 
9018 
8959 
9331 
8525 
660 
1722 
7582 
4842 
483 
2617 
9742 
6284 
1360 
6144 
6617 
9429 
6658 
5433 
1154 
1577 
528 
9342 
4445 
1039 
7747 
1789 
2807 
6506 
3600 
628 
3061 
496 
610 
5724 
2850 
1799 
3905 
8578 
3537 
4805 
4240 
57 
7245 
5378 
7196 
4688 
7236 
8002 
8641 
8182 
3677 
5372 
4215 
5977 
4530 
904 
882 
4292 
4075 
400 
9398 
4778 
595 
5662 
7503 
8986 
7078 
4456 
3243 
4850 
9064 
1636 
1221 
2286 
6109 
5438 
3283 
665 
1156 
2554 
2415 
6966 
271 
9797 
7454 
5532 
5311 
1687 
8506 
5195 
599 
98 
1338 
4986 
2077 
8876 
8876 
606 
6048 
7071 
4849 
1714 
5891 
990 
3968 
8183 
3122 
7723 
2352 
367 
9587 
9116 
124 
1908 
6007 
7672 
4599 
9760 
8264 
4405 
9723 
7451 
9275 
4406 
2397 
8888 
1563 
7736 
9027 
9879 
3381 
7144 
6119 
7178 
8793 
5503 
3973 
8902 
9482 
3191 
1355 
5344 
8267 
2329 
1804 
4195 
5028 
7381 
2349 
2170 
9346 
8256 
9370 
1110 
4528 
1533 
2339 
2957 
7308 
9670 
8475 
7860 
451 
9443 
618 
5907 
9671 
8033 
844 
314 
725 
836 
8748 
102 
2277 
1561 
404 
3892 
4086 
7501 
8535 
9058 
3684 
4358 
4320 
9861 
8693 
8744 
5736 
245 
2906 
3005 
802 
4858 
7274 
1953 
6615 
7163 
6246 
80 
8725 
9584 
1820 
82 
152 
3901 
9702 
7546 
6206 
4515 
4132 
4179 
2830 
6694 
9247 
4664 
7329 
3535 
1701 
9141 
969 
375 
1804 
4197 
2524 
9981 
5989 
2025 
1625 
5322 
509 
5964 
2195 
9409 
9402 
1415 
5446 
1998 
2418 
8043 
5901 
2806 
3769 
5460 
8106 
1319 
6308 
613 
843 
8570 
7398 
2 
2878 
3617 
7111 
5877 
1802 
4808 
1366 
8202 
2081 
5025 
9618 
8228 
8859 
8877 
4734 
4769 
9166 
9413 
8152 
8690 
5303 
2240 
5928 
7382 
5444 
3201 
821 
7189 
7234 
8239 
5500 
1235 
8468 
3233 
7527 
6593 
997 
7197 
3463 
5451 
6650 
8539 
3621 
7364 
6550 
4993 
8587 
3221 
3346 
8790 
2711 
5165 
9229 
9269 
3547 
9897 
632 
6825 
4368 
4202 
1678 
7917 
1313 
9187 
1374 
4723 
5244 
8314 
5955 
9127 
6547 
8776 
4970 
7362 
1907 
9910 
9984 
8921 
1564 
2254 
5214 
3003 
7761 
196 
5923 
9219 
3033 
7669 
4453 
2620 
6589 
3997 
5511 
7079 
395 
3538 
1705 
6093 
2411 
4152 
3539 
5684 
8936 
6728 
2278 
4715 
1900 
8601 
7940 
3135 
7065 
5815 
4379 
1733 
2201 
237 
4024 
5363 
320 
591 
1709 
9551 
9834 
4298 
5690 
806 
8084 
7592 
6184 
7790 
5971 
4824 
4243 
859 
3024 
4756 
3659 
8154 
9508 
8154 
310 
6534 
4150 
2356 
5629 
3903 
2804 
1631 
3716 
2877 
7808 
2980 
5393 
4625 
2553 
5143 
7057 
8274 
7617 
5293 
483 
2964 
8162 
4407 
7381 
7477 
9171 
9430 
3309 
1699 
5708 
9917 
4116 
9190 
9244 
7116 
4084 
6609 
5189 
3633 
2176 
5330 
4590 
9073 
1534 
4800 
5575 
162 
2186 
631 
1526 
4445 
6264 
7095 
9990 
2117 
3937 
1804 
9141 
2664 
6757 
7034 
6018 
2428 
8438 
9984 
2888 
8526 
2548 
8722 
6879 
9616 
6946 
1781 
9926 
6428 
1561 
3283 
8205 
9948 
2893 
3347 
6120 
2741 
2628 
863 
7390 
8364 
9438 
6135 
3816 
4951 
108 
2203 
5090 
4793 
3809 
9416 
8989 
6480 
1361 
5644 
7608 
7718 
529 
2194 
1133 
3780 
3394 
9820 
1054 
8087 
702 
4803 
1057 
8393 
9896 
526 
4787 
7738 
726 
7180 
5094 
9071 
1990 
4726 
1884 
4407 
9028 
8872 
1611 
5508 
4020 
9947 
7102 
7435 
9451 
2255 
3970 
6213 
5198 
6228 
4621 
6527 
9235 
8310 
4831 
4048 
534 
2052 
8316 
7431 
1299 
9155 
3590 
850 
6235 
7718 
5691 
7458 
1597 
8954 
833 
4519 
9196 
4248 
7086 
6551 
7456 
2619 
1429 
8717 
3312 
9059 
7115 
2558 
3663 
1507 
9470 
7922 
4273 
2112 
2476 
6405 
4515 
8379 
7297 
7362 
663 
4910 
7260 
7114 
9625 
4672 
861 
6643 
6302 
7301 
4854 
261 
3409 
773 
7070 
3405 
2016 
8666 
354 
7823 
2409 
5874 
4462 
6897 
9125 
5410 
824 
8928 
494 
2956 
2579 
8845 
3260 
3955 
2820 
1436 
8956 
7645 
5311 
7540 
4784 
765 
3783 
65 
3167 
5308 
81 
6667 
6832 
4830 
5221 
9336 
7011 
1095 
616 
1352 
8716 
6936 
6691 
9968 
2064 
9005 
4313 
2506 
1515 
1506 
1156 
5527 
5341 
570 
6669 
1849 
7754 
6887 
6101 
2721 
7450 
9545 
9924 
3798 
5093 
9593 
381 
3267 
4477 
6129 
5244 
884 
9482 
965 
5315 
9583 
4052 
89 
345 
9499 
7030 
9288 
7916 
6608 
2439 
7260 
6433 
855 
6991 
3071 
3511 
2827 
3426 
1198 
2391 
4024 
2013 
9371 
1573 
1459 
6966 
6616 
8182 
2054 
4737 
4553 
3532 
907 
215 
5632 
3259 
1522 
4729 
9002 
9799 
4762 
5894 
4537 
230 
8773 
5210 
5497 
743 
6527 
5066 
6433 
1489 
659 
9384 
1522 
1126 
8428 
2585 
3357 
393 
1939 
8928 
571 
6436 
33 
8901 
9768 
4924 
7136 
1119 
3927 
9919 
7327 
3841 
5648 
1372 
8309 
5204 
5499 
1101 
2781 
4775 
9921 
9099 
1517 
9946 
8355 
9683 
2043 
1974 
7877 
7754 
7631 
8955 
1786 
9376 
2669 
551 
8044 
8544 
46 
795 
2275 
7528 
3067 
3689 
8369 
6888 
8313 
1127 
5326 
1190 
7542 
3599 
3896 
6415 
1421 
3997 
8307 
5769 
4197 
295 
5498 
9657 
1839 
5169 
2705 
5423 
5017 
6970 
7080 
9298 
421 
477 
8556 
162 
4974 
1406 
1091 
2782 
519 
712 
3224 
492 
3765 
1674 
6591 
2677 
5659 
2158 
7075 
5659 
4646 
7170 
5789 
6396 
6144 
7331 
7605 
800 
3104 
3823 
1563 
704 
4491 
704 
5608 
5127 
3621 
6558 
5099 
2624 
4761 
1951 
9118 
2939 
6698 
5198 
9697 
5194 
7629 
1086 
4484 
69 
4818 
7488 
2318 
1996 
3601 
9155 
1508 
6873 
1826 
8476 
4644 
9784 
5927 
3532 
2068 
1134 
3433 
17 
6093 
3738 
7394 
4467 
402 
5813 
6956 
6246 
7052 
8168 
4861 
2639 
8754 
3373 
450 
7067 
7256 
6482 
2221 
4360 
375 
1889 
5558 
7875 
1461 
8115 
6650 
9879 
1415 
1526 
652 
4067 
2176 
8075 
3497 
9514 
6577 
5184 
7772 
6599 
6909 
1099 
6502 
8850 
6954 
4323 
2503 
9337 
8311 
6111 
345 
9092 
2455 
3424 
2221 
1929 
7112 
7271 
8651 
5560 
1621 
398 
2233 
2860 
1090 
4051 
5282 
6521 
3785 
4456 
8396 
6691 
2969 
4791 
7429 
9249 
6371 
5678 
2557 
4186 
6980 
4391 
2359 
9065 
8659 
1974 
5761 
8463 
663 
1886 
688 
1624 
657 
6820 
9320 
3877 
6127 
8854 
8839 
3228 
7294 
4722 
7604 
4865 
5880 
5497 
2538 
3367 
4241 
8127 
671 
684 
5756 
4928 
7355 
7210 
3078 
573 
5286 
1528 
8213 
8065 
7615 
1846 
8093 
6075 
5342 
466 
3806 
4671 
3511 
8497 
1518 
1547 
4300 
992 
3701 
4061 
8989 
7750 
390 
3557 
8112 
9149 
8203 
9009 
8308 
5079 
9336 
1271 
652 
9654 
632 
1634 
5773 
4209 
1633 
6852 
6983 
8654 
5905 
2927 
1973 
898 
2598 
1110 
1336 
9883 
4592 
8827 
8669 
2097 
3822 
3618 
6955 
5470 
7527 
1033 
7915 
1155 
3284 
8177 
6728 
9947 
6985 
2506 
1638 
6158 
1493 
1035 
2401 
2113 
5129 
3617 
2729 
3110 
9797 
7540 
6960 
4269 
6638 
2522 
5139 
8777 
58 
8784 
9229 
4112 
8235 
7334 
8773 
4711 
2593 
3262 
3263 
6731 
1766 
6729 
5952 
9659 
1824 
4616 
4825 
4501 
5494 
1387 
9548 
101 
210 
9662 
2940 
3056 
9512 
3457 
7109 
6055 
3400 
6928 
2792 
9505 
5997 
6631 
1720 
2141 
236 
4831 
262 
4776 
4954 
305 
1563 
4085 
7331 
5113 
6720 
7388 
1860 
9113 
7571 
2597 
3588 
7992 
8847 
3950 
1654 
3031 
8361 
908 
9726 
6167 
591 
4297 
2541 
7868 
6337 
3978 
5834 
1845 
3009 
9647 
6286 
6822 
1459 
431 
1499 
8258 
1625 
9907 
1609 
9287 
4499 
3994 
1804 
9406 
4648 
4769 
9031 
9398 
3243 
1687 
5306 
1416 
4171 
7311 
724 
5185 
6171 
9016 
4129 
9405 
8161 
8221 
7385 
1958 
3284 
1505 
7451 
3530 
4891 
1545 
66 
7980 
3562 
9096 
1741 
6114 
7242 
6669 
9499 
3113 
7481 
6672 
9134 
44 
8896 
741 
5955 
9412 
6755 
5854 
5468 
1809 
9558 
7201 
190 
2163 
9506 
3107 
8913 
4100 
6266 
6228 
1341 
6996 
8950 
2930 
2316 
4890 
3758 
6348 
8749 
1207 
975 
2795 
4603 
4325 
2391 
84 
2314 
7285 
5720 
6256 
1799 
7207 
2600 
4624 
1010 
1354 
4684 
8861 
158 
1415 
2083 
9630 
3238 
547 
9902 
5801 
6760 
6078 
1297 
2499 
1948 
2340 
6907 
5703 
33 
4298 
7995 
5717 
8330 
9089 
4791 
1069 
3011 
9205 
1013 
3694 
3418 
2537 
935 
7592 
5769 
2681 
9726 
6433 
8813 
84 
502 
9255 
5241 
987 
8164 
438 
9709 
2341 
7758 
8227 
4795 
8739 
7312 
4889 
1985 
6267 
1384 
3734 
9564 
8810 
6496 
6519 
4191 
4152 
4376 
4831 
3428 
2911 
793 
3600 
1927 
9286 
3176 
2825 
5719 
8703 
3196 
713 
6370 
3889 
8986 
7264 
5316 
5356 
6287 
6118 
4617 
5533 
3453 
1740 
3744 
8344 
9591 
1545 
9044 
843 
8312 
2714 
2999 
972 
9101 
7854 
2988 
8385 
3260 
8191 
8152 
3528 
2110 
4652 
172 
2372 
3176 
1841 
5573 
5955 
9570 
8125 
6354 
1006 
4537 
7634 
2740 
497 
9886 
6795 
361 
8043 
7576 
3987 
3159 
4812 
9422 
2703 
4291 
9304 
6583 
7448 
3198 
4672 
9036 
8292 
1616 
6839 
5214 
1813 
1569 
4659 
8 
2197 
3690 
7569 
4085 
2565 
5299 
8029 
5084 
523 
2196 
6234 
2923 
9172 
4523 
8451 
7118 
5945 
3494 
2596 
9518 
4249 
1906 
8424 
1140 
8082 
4714 
2749 
6511 
7601 
552 
312 
5657 
5328 
5392 
3487 
768 
4755 
9628 
7090 
157 
4153 
8979 
3056 
9840 
1467 
4712 
121 
5597 
8304 
2082 
7367 
6111 
9506 
9263 
1128 
9088 
3848 
9336 
8621 
4688 
9216 
5269 
8886 
491 
6769 
9925 
8876 
9378 
396 
1799 
4750 
9835 
9181 
4266 
8371 
1959 
2082 
2869 
405 
9385 
1923 
8601 
6788 
4759 
4165 
9510 
8568 
6900 
8289 
3547 
5998 
9350 
1973 
9238 
9289 
2756 
9176 
1841 
1342 
5682 
9932 
9369 
4594 
9669 
1055 
1740 
6860 
9949 
6264 
1110 
4245 
7778 
2488 
2405 
2721 
13 
8776 
9156 
5834 
9509 
4963 
4335 
994 
1008 
2433 
4871 
268 
2654 
408 
212 
8347 
8532 
2848 
9673 
2085 
2272 
7377 
1746 
4505 
2792 
7353 
5656 
526 
6316 
6079 
3600 
1623 
6616 
3878 
6333 
654 
6654 
1208 
2323 
1457 
9699 
7108 
6502 
8297 
8443 
5407 
5830 
943 
2973 
4309 
1472 
4616 
5673 
4383 
7541 
7032 
5425 
6744 
1601 
6961 
2351 
6855 
7326 
5265 
3209 
2441 
599 
4076 
1673 
155 
8349 
7686 
6848 
7855 
8762 
6310 
3796 
3569 
6115 
4970 
2412 
6971 
9691 
9088 
1637 
87 
5230 
9566 
6596 
9237 
315 
2480 
9844 
100 
373 
7422 
9387 
5650 
9400 
270 
4965 
9852 
6193 
1002 
564 
5706 
8953 
6449 
57 
8800 
6868 
895 
2615 
3073 
5694 
5693 
3335 
6085 
4546 
1389 
1476 
5184 
9256 
5028 
4791 
3750 
5514 
9594 
5171 
8590 
7130 
5733 
4224 
4828 
7577 
1805 
3564 
7133 
7436 
9288 
6253 
479 
4414 
4058 
4214 
6147 
5029 
4009 
8652 
3006 
2595 
6607 
7278 
5410 
5363 
2869 
2017 
7159 
7866 
160 
6853 
4730 
8799 
738 
3801 
4123 
4996 
3794 
9991 
314 
1255 
7078 
7722 
6031 
1549 
3443 
62 
4707 
6418 
6881 
3341 
4939 
8036 
6539 
8608 
250 
1772 
367 
1446 
291 
5894 
4700 
4442 
2425 
1201 
921 
1294 
9203 
3565 
3496 
9117 
1145 
7850 
4231 
6795 
5974 
9485 
8245 
7619 
998 
8381 
6784 
6739 
898 
5335 
2468 
8623 
7504 
3045 
564 
5011 
7836 
5458 
5363 
7899 
9938 
9246 
215 
1816 
7600 
2377 
1881 
1461 
4375 
9297 
28 
4069 
2328 
3925 
6140 
7374 
9798 
5626 
1839 
2596 
3320 
9171 
1205 
8299 
9697 
3911 
4232 
5190 
1734 
165 
3334 
3369 
7775 
6736 
1838 
8969 
6812 
4342 
9993 
2566 
2819 
9629 
2736 
3939 
9510 
1021 
4984 
5386 
8356 
3111 
2828 
8249 
2923 
3102 
6503 
4410 
5627 
8029 
6245 
9682 
7622 
2566 
2552 
4708 
9762 
7233 
3766 
1810 
2907 
6807 
2690 
8290 
8408 
3616 
6608 
5155 
4027 
2210 
5232 
60 
4508 
4586 
4859 
489 
4414 
5561 
231 
1978 
6489 
3567 
9958 
9217 
4963 
2534 
8478 
6732 
5675 
3574 
6009 
8974 
9239 
5004 
345 
1147 
7430 
1492 
4745 
9208 
8863 
9014 
6663 
3112 
4084 
5578 
7999 
1310 
838 
9084 
5398 
1679 
4356 
1960 
986 
862 
1804 
9013 
1559 
2674 
4053 
3670 
3375 
8868 
3490 
3290 
6351 
5101 
5387 
8658 
2448 
2264 
946 
6302 
1984 
3625 
5125 
1019 
4782 
8610 
2624 
7424 
8124 
30 
2317 
6543 
2538 
8205 
7219 
4707 
7408 
4497 
9905 
1051 
5248 
3259 
561 
8227 
6312 
4613 
4978 
4109 
8056 
3608 
3789 
1584 
1240 
8321 
9734 
1471 
8818 
1399 
2862 
597 
5862 
5721 
8275 
6405 
9304 
8393 
8826 
3329 
8534 
1526 
4083 
7520 
6107 
8391 
3560 
4251 
977 
5957 
1363 
3891 
2670 
7075 
7685 
3834 
574 
1294 
7 
7135 
7359 
9279 
1300 
7454 
4121 
9199 
8244 
8844 
511 
6202 
4582 
4982 
1986 
1121 
8753 
2162 
361 
3323 
7836 
2224 
7901 
265 
4618 
3566 
8434 
7962 
7149 
516 
2863 
4671 
9820 
8633 
5310 
7847 
3674 
3037 
7409 
1102 
8350 
3738 
3467 
16 
4310 
1066 
2697 
2096 
4700 
1544 
888 
1760 
8087 
996 
8745 
5195 
7196 
9414 
4871 
3587 
2539 
7236 
6085 
6154 
2081 
873 
1019 
823 
1505 
8421 
6622 
9905 
1531 
7431 
9719 
2878 
7233 
843 
1386 
5869 
5171 
9692 
9689 
9516 
2475 
1625 
3907 
7097 
8031 
6322 
1289 
257 
2704 
4056 
4369 
583 
5407 
2127 
3461 
4066 
2558 
5403 
2692 
5720 
8115 
7865 
9005 
1972 
590 
6489 
37 
7506 
3174 
1689 
6224 
9157 
2221 
1220 
498 
847 
5520 
4295 
8419 
9251 
149 
9941 
2093 
9455 
7290 
8732 
6393 
8902 
772 
3245 
6663 
2485 
9508 
9570 
1517 
8190 
4837 
6048 
4868 
3149 
5124 
1838 
301 
4749 
6060 
7742 
9630 
9405 
8972 
3853 
3616 
7306 
3524 
4371 
5023 
7685 
5630 
2224 
6965 
7594 
9422 
2490 
3748 
3254 
4676 
5440 
7365 
3369 
4029 
6108 
1439 
348 
8127 
3981 
5259 
2047 
5561 
5226 
6496 
23 
8237 
5906 
235 
1688 
6004 
2886 
7057 
4543 
7698 
18 
3817 
57 
9984 
3041 
8571 
1744 
9233 
3147 
8667 
2090 
8160 
7727 
3253 
6507 
9133 
6599 
9263 
8792 
5967 
904 
3973 
1552 
2679 
7993 
1931 
4210 
7109 
3169 
5102 
5314 
3307 
5789 
534 
6077 
4119 
1404 
4701 
4052 
3169 
6686 
8944 
1670 
735 
39 
8176 
6533 
9248 
514 
4986 
5225 
6668 
508 
9064 
6460 
60 
6260 
4504 
1520 
181 
1023 
1774 
4357 
9318 
5342 
1737 
264 
8871 
7831 
4246 
6152 
9151 
1453 
8010 
7755 
9578 
2705 
7990 
8726 
8121 
2181 
5854 
3570 
2203 
629 
6470 
2576 
4511 
4529 
3884 
2437 
2979 
885 
682 
4148 
983 
3401 
8478 
3881 
9240 
5501 
6601 
7156 
901 
1828 
6735 
6592 
6968 
6432 
8107 
2857 
111 
8745 
2651 
3137 
2061 
2591 
2234 
3698 
1315 
640 
911 
9953 
5610 
3818 
1885 
3048 
6965 
894 
9959 
5347 
4033 
5573 
7837 
2318 
1077 
4521 
3463 
1443 
6562 
815 
6670 
3197 
4954 
8011 
5464 
4363 
2742 
1402 
9707 
8838 
6513 
8087 
2159 
4888 
5712 
5290 
3875 
4581 
3303 
8115 
3879 
2513 
5522 
340 
9595 
6917 
9798 
6470 
7973 
8177 
4618 
6516 
369 
3992 
26 
8544 
3077 
8219 
445 
2098 
1040 
4057 
8992 
7032 
7238 
9184 
8447 
7423 
270 
9305 
6312 
2559 
950 
4012 
4216 
4337 
7270 
5871 
8685 
3047 
7500 
2957 
3723 
5758 
5481 
1590 
3688 
60 
1494 
6395 
8269 
3591 
861 
7801 
7350 
3252 
9217 
2067 
4630 
3112 
6682 
135 
9168 
9932 
7075 
5675 
6795 
2951 
9280 
1552 
9747 
7463 
304 
2537 
5387 
2310 
8258 
4413 
5425 
4063 
3693 
9969 
7398 
9564 
8815 
9981 
7621 
3991 
4375 
2652 
6734 
4073 
8329 
3051 
2859 
8429 
663 
7317 
6080 
3195 
9919 
2491 
8177 
5836 
768 
6821 
9751 
3925 
3841 
8869 
106 
7911 
5308 
204 
2015 
6282 
2060 
1028 
8535 
5289 
4007 
945 
2817 
9624 
5302 
5520 
7797 
4421 
1490 
7510 
8159 
5673 
6454 
1898 
8892 
6653 
1650 
515 
8589 
4652 
5640 
9099 
9082 
9749 
6683 
7563 
7546 
6873 
3064 
1961 
9195 
742 
3321 
953 
2767 
7663 
8550 
4081 
5250 
8213 
2716 
7413 
1292 
6644 
7338 
8824 
9407 
8893 
1734 
4196 
6057 
8471 
2821 
4926 
6377 
4194 
5298 
2203 
990 
3006 
8629 
3245 
3792 
8211 
8275 
4391 
9892 
8067 
161 
24 
8442 
2896 
1554 
128 
7928 
8162 
1055 
8238 
3680 
281 
2049 
4188 
1281 
9849 
8568 
7097 
9336 
2653 
5686 
4982 
5995 
2651 
6553 
280 
100 
8660 
1706 
2630 
5690 
1972 
1242 
4695 
178 
5212 
209 
5620 
4308 
5562 
1536 
8408 
4444 
5336 
1491 
1550 
1967 
580 
3794 
3172 
2987 
4403 
6188 
1394 
645 
6926 
7017 
9656 
5340 
9943 
7583 
6843 
5808 
4350 
9771 
535 
4963 
2101 
9692 
9847 
7423 
8226 
654 
359 
7430 
3505 
7075 
3154 
5684 
2896 
71 
4256 
1481 
8126 
8836 
6586 
6967 
6790 
7842 
8686 
8171 
6839 
9991 
475 
6543 
3204 
2 
345 
9544 
3390 
2609 
7844 
7861 
9233 
9536 
30 
1147 
1471 
2725 
3416 
5103 
7662 
2709 
2885 
4862 
2914 
2620 
3897 
6930 
5382 
9599 
607 
4838 
7334 
9331 
4636 
3382 
317 
3098 
4267 
5042 
1687 
4343 
4615 
3839 
718 
9795 
9716 
2703 
3026 
2717 
4399 
3050 
1995 
7342 
1003 
2125 
9506 
7143 
6697 
7428 
1694 
2212 
8078 
7342 
9874 
1059 
5134 
4657 
7343 
37 
6980 
9455 
7976 
3441 
892 
6303 
7975 
3804 
7994 
6582 
5717 
871 
9048 
686 
2747 
8895 
897 
6362 
7334 
6883 
5658 
8868 
4253 
6406 
91 
8471 
4037 
5877 
9850 
7524 
1773 
4644 
1979 
7918 
7170 
3926 
2482 
6588 
4184 
9419 
3856 
5316 
5450 
6692 
9509 
7061 
2735 
487 
2029 
4795 
47 
9230 
946 
6186 
7617 
7877 
4982 
1643 
6138 
2948 
1496 
3720 
2937 
6257 
7516 
7549 
4282 
1431 
9800 
2909 
6500 
4813 
3927 
3094 
4506 
7720 
3554 
6812 
5919 
9437 
1816 
786 
9047 
3640 
5896 
9646 
292 
7191 
1692 
8552 
3920 
9551 
7593 
7585 
564 
1263 
7474 
5268 
4147 
4255 
4717 
313 
8205 
2792 
1827 
9756 
6198 
1806 
261 
7425 
718 
3591 
6709 
1840 
912 
9200 
6333 
8667 
8901 
9366 
5410 
3145 
5806 
689 
437 
8812 
2144 
4268 
4176 
8610 
1701 
5605 
8646 
5963 
2255 
3341 
5899 
5899 
548 
394 
5752 
1221 
6234 
2661 
1565 
8483 
2699 
9127 
8593 
9484 
7874 
8340 
2892 
5330 
121 
2888 
3580 
3850 
9150 
9474 
5767 
6721 
2035 
4510 
2437 
2036 
7180 
621 
3610 
8646 
6283 
8337 
5624 
4194 
7304 
2490 
7391 
20 
8785 
8955 
6403 
6316 
8338 
9776 
2945 
3077 
1969 
4603 
3725 
7168 
6336 
1931 
1626 
8049 
3786 
4917 
3088 
2988 
3890 
8946 
6462 
5430 
276 
991 
2364 
6866 
6320 
9131 
6149 
5723 
9192 
8604 
5986 
1707 
9340 
4911 
3941 
0 
7309 
1553 
7376 
4188 
4488 
4425 
741 
3480 
6304 
752 
626 
2533 
3225 
1992 
4990 
2163 
7341 
7518 
461 
7590 
2907 
2222 
1076 
4392 
4595 
7814 
3780 
3510 
4187 
6802 
8230 
78 
3447 
6719 
9521 
3600 
5713 
8560 
2539 
3367 
9083 
1868 
6490 
3788 
9281 
1568 
6738 
3338 
9614 
7150 
2515 
5435 
340 
2278 
4244 
2774 
7617 
3938 
4106 
7136 
7176 
5751 
922 
2154 
3208 
6679 
9317 
3546 
997 
6421 
4585 
2436 
4312 
1375 
8606 
9251 
8047 
4425 
3361 
9361 
8863 
7418 
7818 
6022 
4507 
3099 
1205 
9507 
8024 
9304 
69 
8479 
732 
9043 
7155 
7653 
9413 
8060 
8785 
2915 
442 
1054 
473 
4749 
7189 
7894 
6945 
9682 
4641 
8687 
9968 
5888 
4485 
143 
8727 
7305 
8968 
2458 
3314 
8492 
6508 
5905 
1961 
3048 
3655 
6685 
4751 
2065 
7416 
9421 
638 
8312 
7316 
2452 
1511 
7511 
4388 
8085 
4365 
2290 
9472 
648 
2526 
1854 
2250 
5087 
3 
1586 
5853 
2841 
9870 
2561 
7747 
4713 
2803 
7752 
2577 
1599 
8472 
8454 
145 
6836 
9132 
9969 
7222 
4665 
9873 
1446 
4938 
2274 
6651 
3017 
9002 
8079 
4236 
9603 
9983 
1547 
1960 
2513 
4474 
420 
4603 
4402 
1642 
7930 
516 
3795 
975 
6053 
1086 
6604 
5928 
4110 
6066 
697 
9169 
6610 
604 
4790 
2790 
1565 
9463 
7339 
6100 
3430 
1145 
5612 
9790 
8072 
6262 
621 
662 
2136 
3624 
3329 
5022 
3828 
4040 
8444 
7277 
7873 
4166 
1973 
9562 
365 
3305 
8029 
5503 
7457 
7876 
6418 
8066 
9581 
6222 
6989 
8236 
1380 
3148 
747 
5224 
4182 
2318 
7517 
4787 
7870 
1255 
6145 
2432 
4857 
77 
6619 
3016 
3060 
3136 
6302 
761 
1308 
2044 
4225 
6969 
3269 
124 
1905 
2821 
6918 
2559 
4329 
966 
5842 
2093 
8461 
2044 
2354 
9699 
4408 
1135 
8025 
9813 
1174 
2132 
1483 
1099 
4353 
4680 
5183 
2586 
7986 
2281 
9751 
8830 
2728 
9915 
66 
1429 
2596 
5875 
2740 
1261 
8840 
887 
5348 
2232 
4400 
3147 
5537 
9200 
4726 
331 
284 
6907 
3100 
9319 
4720 
2922 
4118 
9754 
4398 
2753 
4019 
8616 
6313 
8967 
4614 
90 
7023 
3028 
6145 
1636 
6530 
6791 
8226 
3613 
6047 
1696 
6419 
3827 
9273 
7184 
9634 
6435 
464 
3955 
5373 
6995 
5837 
6684 
5429 
6272 
2064 
1845 
7705 
7381 
9824 
5883 
5193 
4629 
2287 
2382 
3830 
988 
6185 
1065 
392 
4596 
5774 
7506 
9136 
970 
1000 
8651 
67 
1114 
1448 
6606 
5325 
1939 
9701 
6445 
8176 
7838 
8164 
1068 
638 
4868 
1767 
6775 
7606 
8940 
7419 
5770 
5514 
8589 
4811 
3432 
6272 
7722 
561 
8752 
3150 
8954 
8803 
6840 
6437 
1974 
7375 
8294 
3557 
9294 
646 
6431 
8013 
3362 
8548 
3249 
5988 
7653 
1464 
2949 
5551 
9062 
6750 
8759 
5978 
6858 
9977 
6990 
3705 
9849 
3343 
2458 
1331 
2416 
8256 
3921 
3399 
7850 
2505 
3030 
8541 
6636 
1130 
2137 
1168 
1460 
5844 
2670 
4797 
1429 
3669 
176 
5207 
8728 
7072 
1895 
6494 
2264 
8530 
710 
7747 
4671 
4901 
166 
2943 
5770 
9916 
2381 
4211 
3690 
488 
7575 
2549 
8075 
2492 
4777 
2319 
1961 
9800 
6283 
2406 
9296 
8652 
7745 
4321 
6014 
1426 
6664 
8914 
2288 
2103 
3150 
8542 
5251 
3062 
776 
9537 
8121 
9712 
7908 
2093 
7824 
2239 
1694 
5017 
5778 
2844 
4246 
2361 
4816 
217 
7086 
6597 
568 
4290 
8830 
5547 
2268 
5102 
2005 
2846 
6881 
4072 
6211 
5930 
2738 
4441 
9071 
8110 
3672 
5367 
3725 
8427 
3898 
7417 
4319 
9610 
1081 
876 
2686 
6394 
2447 
4544 
9126 
9873 
1485 
6502 
8505 
6728 
979 
1475 
6447 
8013 
412 
5917 
8106 
1389 
878 
9947 
9583 
7429 
243 
2131 
5337 
7113 
3544 
690 
3265 
3494 
6660 
71 
5041 
9898 
4933 
4621 
37 
9253 
4149 
6776 
9299 
2869 
798 
2656 
6203 
1086 
46 
8210 
3148 
4538 
9411 
5926 
2731 
8712 
2858 
2377 
7082 
3546 
887 
2126 
7861 
1454 
7018 
2829 
1475 
8427 
1599 
4317 
1230 
6337 
3298 
3283 
7116 
5804 
869 
5336 
3911 
5999 
6642 
948 
8666 
778 
4796 
6199 
8744 
7364 
8376 
5334 
264 
6061 
989 
402 
3702 
2726 
1151 
6718 
8511 
2954 
2101 
1108 
8564 
7604 
6122 
9443 
9472 
5096 
2563 
5997 
2047 
8563 
8386 
5963 
2134 
2540 
1228 
3662 
5890 
7098 
1776 
4179 
7538 
7390 
2804 
1431 
7725 
61 
5285 
6816 
9274 
561 
9007 
7415 
4486 
3456 
3454 
4836 
2900 
8866 
7709 
8827 
789 
2422 
9136 
6269 
276 
6116 
3689 
8368 
3836 
4773 
6029 
969 
883 
5180 
7350 
6823 
8294 
9695 
836 
3397 
4805 
3676 
261 
1734 
8401 
2815 
9848 
4389 
4764 
5342 
2515 
1015 
3586 
2527 
1226 
7393 
6404 
8471 
4784 
6992 
3654 
1561 
1583 
9199 
6804 
7459 
5685 
3736 
7447 
3898 
8409 
2712 
1338 
3482 
6689 
5845 
9314 
4258 
7079 
754 
6111 
8359 
4025 
6717 
4258 
7012 
2503 
3309 
150 
9380 
4391 
7038 
7898 
1713 
3718 
8762 
6896 
7552 
8371 
4807 
5331 
188 
5067 
5772 
9316 
3214 
2768 
3971 
7396 
2518 
2508 
5124 
260 
4105 
796 
4267 
9100 
6564 
34 
3896 
4586 
6318 
8089 
6492 
1477 
4071 
7523 
4867 
248 
3949 
8085 
5677 
7131 
919 
2342 
998 
89 
8266 
8471 
3314 
6220 
7356 
2120 
345 
3978 
3240 
5946 
1863 
7331 
9765 
7647 
637 
2955 
5914 
9868 
7379 
7344 
6403 
967 
408 
2753 
3800 
4305 
7029 
9286 
1749 
4435 
5473 
418 
7046 
7338 
3257 
3019 
4455 
6142 
9306 
8500 
2822 
6420 
6669 
9765 
3406 
6144 
7698 
9303 
1379 
2687 
7631 
9698 
196 
5734 
6053 
1824 
3052 
792 
2254 
7114 
6790 
4033 
8569 
3432 
9640 
2566 
1810 
9350 
6944 
8947 
6850 
3462 
9374 
848 
3444 
1896 
3629 
7628 
8128 
4848 
2517 
8747 
4420 
6051 
2128 
599 
3312 
2023 
3303 
7993 
8397 
2368 
8877 
8887 
2921 
9603 
2376 
6575 
1695 
6437 
9457 
4408 
1334 
6439 
497 
9370 
7662 
6056 
466 
7294 
911 
2244 
6234 
1966 
8176 
7608 
2054 
8261 
6438 
8446 
8890 
6879 
6346 
4734 
200 
3896 
4564 
9041 
475 
2795 
2990 
9304 
9640 
2216 
5461 
3937 
6461 
4615 
7211 
372 
4059 
3734 
8677 
7641 
2379 
2793 
2978 
7703 
3284 
8903 
2427 
8459 
924 
5522 
2862 
1139 
8015 
6182 
557 
1045 
3537 
7258 
8461 
4982 
1198 
7394 
800 
2544 
7830 
9453 
6433 
6056 
3872 
7282 
1137 
9448 
2453 
9113 
4667 
4140 
3018 
3514 
8903 
8532 
3895 
4601 
8396 
1387 
1251 
1597 
1348 
1767 
7286 
8729 
3551 
2320 
9552 
2722 
1619 
8388 
7399 
8446 
9349 
7934 
9692 
7610 
98 
5870 
2488 
5779 
2822 
7764 
4712 
6238 
2366 
3713 
3352 
116 
5480 
7614 
202 
665 
7901 
3120 
9415 
6325 
6773 
3217 
1025 
2804 
6309 
9715 
335 
4941 
2915 
5714 
4990 
3114 
9623 
8236 
7792 
645 
7690 
2472 
6887 
838 
4095 
5346 
9911 
5166 
1810 
2473 
7973 
668 
1946 
1176 
8506 
865 
4644 
6671 
8900 
9486 
1634 
5211 
9108 
393 
5379 
3714 
3362 
1268 
8892 
3379 
8823 
5540 
350 
3039 
5215 
6939 
2417 
1729 
7751 
4091 
6826 
2793 
5539 
115 
7853 
3642 
5729 
9995 
4834 
4442 
262 
2797 
4568 
9432 
1859 
6527 
6668 
8978 
2780 
4018 
3939 
9203 
8664 
2734 
9990 
7897 
2825 
8369 
8896 
9595 
4283 
9116 
4885 
4592 
9368 
2513 
1907 
722 
1469 
668 
3793 
5594 
1118 
5440 
6454 
8157 
8798 
116 
1845 
7153 
513 
1639 
9616 
6260 
5826 
9980 
2816 
6986 
3324 
7375 
603 
329 
8381 
563 
2159 
2244 
9253 
5785 
7436 
1478 
5838 
4147 
9499 
2586 
1990 
7559 
813 
2361 
4715 
6889 
1786 
9133 
4463 
5998 
6608 
3614 
8584 
2984 
231 
3212 
4832 
360 
3494 
4391 
919 
4128 
5809 
7644 
7369 
6463 
9589 
1766 
7069 
3372 
5610 
5379 
5865 
7613 
9090 
8843 
7750 
8309 
8896 
321 
3297 
6532 
8469 
3921 
7396 
4 
4650 
2302 
442 
3205 
1957 
6935 
2353 
4736 
6344 
2791 
6202 
8441 
1959 
3921 
68 
1540 
7262 
9295 
7796 
6663 
6597 
7686 
472 
4907 
5111 
3239 
6092 
2994 
3178 
993 
3120 
3263 
6301 
2303 
8426 
8884 
4645 
7540 
6144 
3908 
3277 
7147 
792 
3262 
4855 
5970 
8142 
795 
1110 
189 
5140 
5933 
2833 
3044 
6479 
9368 
4553 
3772 
9113 
8249 
5894 
2761 
3468 
5375 
1469 
8117 
5053 
3376 
3023 
2789 
5203 
8215 
6525 
5325 
2822 
3570 
6072 
5691 
5615 
6218 
8965 
1532 
4887 
8046 
7778 
2271 
8905 
4941 
7264 
2079 
2584 
7507 
6965 
9857 
2168 
9202 
4055 
8467 
1041 
3279 
5537 
8127 
8172 
2803 
9539 
8716 
6078 
1580 
6916 
8219 
7618 
9027 
372 
7294 
4267 
8321 
3438 
6069 
4092 
1990 
3215 
5496 
5557 
3353 
6087 
2876 
132 
8333 
6689 
5796 
7264 
9911 
4871 
8497 
4782 
1068 
4360 
9938 
2270 
7335 
574 
1426 
2660 
6492 
137 
5067 
3673 
1181 
1210 
2278 
3406 
3744 
4769 
7775 
3778 
8836 
807 
1645 
4340 
1047 
3682 
1378 
3479 
1658 
8021 
7770 
1028 
7863 
5692 
5388 
2898 
4718 
6639 
4574 
8637 
407 
7870 
1306 
7633 
7586 
2285 
4661 
930 
3043 
6609 
6478 
8511 
3552 
5580 
7825 
1721 
3404 
2942 
3885 
9654 
5509 
9694 
3915 
9538 
7098 
8099 
6715 
5803 
2969 
4814 
5139 
4259 
890 
956 
8483 
1739 
4450 
8819 
8564 
2375 
6673 
8423 
2168 
5486 
3233 
1786 
9121 
1171 
655 
4531 
9459 
1734 
116 
2841 
4970 
7123 
5691 
8867 
2100 
7422 
2782 
4406 
4194 
5898 
64 
5705 
3044 
1860 
5628 
5397 
8982 
3104 
5446 
3076 
8958 
6165 
604 
3889 
6 
9010 
3535 
865 
8817 
409 
1083 
7648 
6258 
340 
5149 
2252 
7863 
2167 
4350 
5081 
5473 
8123 
1098 
9247 
5684 
8709 
4318 
3506 
6770 
2126 
7095 
261 
3790 
4486 
9863 
9537 
3553 
9766 
130 
384 
3931 
1616 
4195 
1226 
5313 
2542 
2806 
7105 
3366 
7407 
9296 
2377 
6367 
3014 
5965 
4726 
9582 
8817 
7945 
8928 
7144 
979 
9705 
2871 
1888 
6238 
9396 
2877 
319 
6042 
7644 
8472 
9237 
2824 
3999 
2072 
5960 
4734 
693 
7261 
8419 
6385 
7951 
7001 
5669 
6804 
8024 
6739 
7719 
2100 
127 
1086 
6159 
1413 
1570 
5321 
1158 
5046 
4952 
9540 
334 
4736 
3801 
356 
4757 
4835 
61 
2404 
4493 
237 
20 
6770 
4001 
1062 
3409 
5773 
5604 
4020 
7390 
9866 
6964 
9130 
8740 
190 
3664 
1708 
9031 
82 
5017 
4290 
7629 
2449 
5008 
9938 
5151 
9328 
7934 
7596 
7404 
5384 
3489 
8569 
9212 
8162 
1695 
4214 
5027 
4983 
8577 
8412 
2414 
3666 
8207 
8456 
7348 
69 
5429 
4326 
7985 
701 
5446 
8144 
2389 
1959 
6910 
2871 
1041 
4847 
185 
121 
8761 
3502 
6606 
9600 
464 
2664 
2633 
1936 
4596 
2340 
1015 
3943 
9125 
1822 
3908 
4659 
9691 
8292 
9481 
969 
2977 
6280 
6000 
1633 
7220 
6476 
2956 
3008 
2307 
202 
7278 
4771 
1743 
2302 
7044 
9888 
9940 
1571 
8141 
3163 
319 
887 
5999 
6324 
7158 
6682 
4567 
5681 
8178 
5685 
313 
6800 
6585 
9446 
3365 
7274 
1004 
219 
5581 
2271 
4448 
6008 
4573 
1829 
348 
1301 
8108 
5598 
4855 
6644 
8882 
2014 
6444 
4496 
4051 
7374 
855 
1641 
697 
7428 
1493 
2803 
4286 
2370 
4452 
1499 
8962 
7557 
2977 
2707 
8913 
4477 
5865 
8766 
2128 
5100 
9437 
7262 
4249 
8422 
1555 
9773 
9621 
131 
6946 
474 
6133 
2124 
2898 
4998 
6328 
9307 
1936 
7092 
6669 
9042 
764 
70 
667 
5408 
5725 
1510 
6924 
100 
5035 
1454 
6896 
3152 
1709 
6924 
1362 
4573 
8006 
8398 
3827 
1867 
7974 
6808 
5331 
4516 
3856 
8276 
2485 
6352 
5454 
642 
9864 
19 
1408 
6294 
577 
8668 
281 
1048 
9700 
9334 
5131 
2738 
8846 
4439 
4800 
2039 
2582 
4310 
3504 
1885 
7607 
4002 
2688 
3864 
9226 
7346 
2493 
6345 
8310 
7188 
366 
49 
3937 
728 
9401 
4382 
3972 
3412 
1698 
6126 
3004 
2644 
9157 
5747 
5824 
8783 
3052 
9610 
8504 
178 
861 
9020 
9086 
2926 
7151 
1345 
1063 
8516 
4472 
4021 
4392 
8700 
6236 
8538 
1014 
2202 
6164 
4943 
2916 
4856 
7175 
5872 
7761 
7448 
1192 
704 
6295 
4282 
6599 
2132 
347 
7476 
1861 
4525 
8180 
3424 
7438 
8653 
880 
9088 
6543 
321 
8023 
8910 
590 
3888 
4018 
2199 
3605 
1202 
843 
2676 
9386 
8875 
3342 
7206 
7206 
8606 
5174 
5927 
3979 
7612 
3122 
4303 
7015 
4200 
4457 
8849 
3997 
9827 
3124 
824 
5841 
9472 
4999 
8477 
9747 
8727 
4719 
5545 
9900 
1627 
8841 
9837 
3286 
8596 
5942 
3263 
6348 
3906 
9286 
9174 
5794 
599 
2540 
3578 
4203 
4004 
9805 
1675 
3952 
4780 
4345 
4867 
2402 
5433 
6790 
4721 
9401 
3481 
2616 
5783 
2194 
4554 
2351 
8933 
7555 
6855 
4457 
1309 
7147 
4048 
125 
495 
427 
5958 
7982 
8328 
2895 
6214 
6017 
8717 
3769 
2836 
5805 
8634 
8644 
2456 
2519 
3846 
9200 
2301 
1682 
571 
5991 
2899 
217 
8394 
7819 
7512 
3122 
1433 
4384 
3698 
9684 
332 
409 
4646 
54 
2030 
4706 
9780 
1154 
4585 
8632 
5391 
6918 
4949 
8329 
6679 
6515 
2861 
8434 
7949 
6244 
7282 
3479 
2474 
106 
7747 
3849 
9744 
6068 
7717 
8132 
3727 
3270 
8871 
3120 
4978 
3708 
4928 
6884 
8598 
2669 
4433 
3827 
5672 
3228 
3722 
3088 
2188 
9691 
8802 
1929 
7493 
1498 
2019 
9554 
728 
1924 
5663 
3353 
8896 
3829 
6348 
4569 
2606 
1742 
7664 
1151 
3203 
2518 
8185 
7565 
731 
7827 
5375 
7875 
7615 
3382 
2306 
5032 
3452 
9597 
9894 
7358 
5590 
8469 
8624 
9297 
1479 
1664 
2470 
271 
8007 
4977 
2404 
6293 
9005 
7996 
6708 
8547 
7358 
4909 
3196 
2032 
5012 
5837 
4929 
916 
2401 
5640 
4909 
9481 
1825 
5206 
8599 
7142 
4423 
4639 
4958 
2551 
4751 
6221 
4525 
7357 
3787 
2168 
1905 
3983 
5962 
5760 
6625 
4955 
3114 
1092 
7898 
8757 
9274 
7043 
8089 
7406 
2494 
2553 
6184 
1105 
3536 
6465 
5840 
7742 
5724 
6393 
6495 
7539 
2305 
8318 
7297 
574 
2276 
6209 
8954 
5562 
3269 
2659 
7121 
2789 
7473 
6372 
3555 
165 
2000 
8998 
6 
4420 
4920 
3600 
6320 
535 
4028 
2630 
1175 
733 
7057 
8411 
4451 
8512 
8430 
7722 
6467 
9855 
2612 
1328 
1833 
7154 
1263 
3968 
2150 
9022 
4174 
6787 
4242 
7946 
9949 
1180 
402 
3875 
9182 
5875 
9282 
3331 
3513 
3082 
7794 
9164 
5702 
9320 
5157 
4728 
4179 
9265 
8916 
1267 
8451 
2845 
2993 
3394 
4788 
9500 
8278 
5569 
2036 
611 
8453 
6060 
3664 
2501 
5695 
5869 
9577 
4613 
3058 
9845 
7657 
3456 
5254 
4666 
1072 
7877 
5903 
2266 
1853 
1000 
4130 
2788 
7458 
8733 
57 
7225 
524 
3969 
4191 
3543 
4852 
9579 
8150 
9744 
4147 
915 
1121 
6339 
7948 
2072 
4244 
6217 
9088 
7991 
6820 
5110 
8013 
2167 
2188 
1286 
8608 
6562 
9323 
874 
7993 
5094 
4598 
1490 
9509 
6350 
7013 
8580 
8049 
5049 
2032 
8125 
8817 
5199 
650 
5856 
7834 
2531 
3011 
8992 
1498 
1500 
7235 
9316 
5954 
9950 
9332 
3065 
7621 
9902 
9164 
3871 
1794 
4862 
9713 
8740 
7522 
7323 
8017 
1835 
6168 
1232 
160 
1120 
7811 
4177 
2271 
9273 
9143 
1762 
1902 
1965 
9232 
2909 
6832 
5014 
2048 
9951 
1317 
8217 
8120 
1369 
1945 
3571 
9192 
7862 
9748 
878 
9488 
9171 
9327 
361 
9760 
2811 
3955 
9259 
4421 
215 
4152 
6892 
9489 
9737 
1000 
2801 
4356 
6507 
6028 
857 
5293 
7488 
603 
212 
1876 
1979 
5480 
8549 
6506 
3417 
7881 
3489 
7012 
3926 
3026 
8856 
9742 
3264 
5917 
976 
7720 
2543 
7095 
9320 
2872 
476 
3892 
3407 
5218 
4421 
4563 
7979 
7874 
6646 
3939 
6387 
2116 
7302 
2083 
4291 
8265 
4645 
6653 
2574 
5238 
2115 
3306 
7390 
1669 
4175 
7677 
1002 
2599 
1118 
3598 
5756 
9995 
258 
3632 
426 
4021 
2431 
8839 
1755 
7531 
938 
981 
6980 
2784 
9280 
7559 
131 
8449 
5795 
9204 
1862 
3709 
8648 
6368 
4178 
2509 
9403 
779 
5807 
8503 
4604 
6839 
6667 
7418 
8533 
2507 
9300 
6152 
663 
3660 
2389 
9668 
7896 
8187 
2328 
2719 
5309 
4581 
1248 
8545 
8767 
4431 
6991 
9741 
3587 
1204 
9813 
8423 
8740 
806 
5197 
8165 
767 
2114 
6717 
6899 
1495 
4589 
939 
4139 
3982 
3268 
5570 
473 
7292 
6639 
5759 
8924 
5466 
1170 
1824 
2536 
8839 
4797 
6022 
7759 
9015 
6002 
7753 
2404 
8096 
445 
6151 
7177 
4601 
526 
4965 
317 
7519 
2846 
7709 
8971 
362 
5946 
4965 
6206 
288 
3562 
3003 
58 
7192 
1932 
2296 
4808 
4648 
5299 
712 
7668 
6963 
7274 
984 
9065 
3517 
502 
8328 
1066 
563 
3194 
5691 
693 
5993 
7123 
7486 
6953 
6722 
1680 
5689 
7478 
65 
8199 
2648 
1799 
5210 
809 
2995 
102 
3843 
4666 
6022 
6494 
6109 
6511 
351 
8768 
3410 
8315 
3510 
8359 
2360 
784 
4343 
1239 
3056 
6132 
2059 
6423 
6110 
6711 
8783 
772 
7963 
1308 
2554 
8562 
537 
995 
7115 
4307 
6181 
2970 
4179 
310 
907 
2616 
6504 
4355 
801 
4115 
6859 
2295 
8528 
8937 
1762 
9722 
2536 
2003 
5584 
5106 
7925 
5840 
6216 
440 
9604 
5313 
5138 
6715 
7779 
831 
1353 
4823 
3919 
5620 
6090 
6058 
8181 
9280 
5114 
8204 
6280 
4964 
2881 
3532 
7892 
8953 
679 
5884 
9959 
1098 
4610 
9659 
786 
6758 
5073 
1052 
2851 
9272 
585 
7047 
1034 
4816 
490 
9441 
7628 
427 
897 
3427 
667 
7262 
7314 
462 
6458 
4464 
2704 
600 
3969 
4196 
4591 
5642 
2610 
4690 
6102 
9522 
9695 
8177 
1522 
9399 
5840 
7573 
7264 
5272 
1864 
4902 
7797 
3997 
3142 
9957 
7593 
2736 
3847 
8725 
622 
1620 
8041 
7887 
9016 
8873 
2179 
2005 
5400 
5179 
1867 
1725 
371 
498 
5742 
4139 
1522 
9441 
9765 
3482 
8880 
7255 
5898 
7256 
9892 
8648 
9535 
309 
9079 
6751 
4251 
3896 
3843 
5270 
7117 
3453 
2632 
4351 
9787 
2417 
6866 
7991 
5483 
7701 
2629 
1969 
9802 
9558 
3461 
8458 
7440 
7458 
7754 
3212 
328 
6854 
7880 
194 
2628 
6955 
7578 
2400 
1206 
3716 
2911 
7829 
6316 
3603 
8483 
7453 
3631 
6581 
5374 
3847 
7831 
8690 
1745 
4068 
5181 
560 
7356 
8439 
4519 
7557 
3535 
4519 
3680 
1106 
4405 
2829 
5898 
4172 
5189 
4517 
9611 
5425 
1418 
2424 
321 
5066 
3356 
9891 
4269 
4693 
3071 
8306 
2198 
6396 
5578 
7238 
7518 
8400 
3772 
326 
5500 
1685 
9836 
6942 
92 
241 
4761 
1967 
9143 
4681 
4749 
352 
9014 
9845 
724 
8397 
9360 
1086 
2758 
5424 
9374 
9426 
2732 
2954 
4018 
4291 
7425 
2130 
9222 
491 
3762 
8702 
2199 
5863 
2020 
8754 
4739 
5588 
5322 
6053 
5008 
5412 
539 
3915 
2533 
3288 
1881 
3106 
5088 
8549 
7953 
4922 
6868 
3208 
5407 
1216 
2262 
6271 
3917 
7063 
5337 
4205 
3078 
5434 
3503 
113 
5704 
5906 
3128 
3091 
5359 
4898 
853 
4847 
2702 
5360 
5605 
6571 
1721 
6101 
8622 
7558 
9380 
7995 
1508 
904 
449 
8639 
262 
4286 
6480 
8997 
8326 
9568 
3367 
1680 
458 
2638 
2014 
22 
6826 
5265 
2971 
7536 
1897 
6243 
3242 
7418 
2506 
5841 
3808 
3740 
1754 
7405 
2618 
7139 
6583 
9691 
6677 
6945 
7148 
8796 
9566 
7515 
8865 
9275 
7403 
8939 
4181 
8089 
3033 
146 
5057 
1223 
5457 
6787 
21 
5358 
98 
2772 
4194 
2310 
5767 
3933 
6517 
2056 
8031 
213 
129 
2861 
4201 
3313 
3431 
3377 
647 
4785 
2257 
3723 
478 
1140 
3237 
1250 
4572 
1523 
4921 
710 
2431 
5100 
5660 
6152 
1268 
3631 
8090 
1810 
1315 
424 
5225 
7072 
5760 
2699 
971 
4405 
516 
7997 
8410 
5201 
1470 
9755 
175 
2288 
4538 
5452 
2136 
3785 
3908 
4599 
7035 
4706 
9296 
7660 
5618 
5090 
7889 
3179 
9006 
2333 
5554 
647 
3450 
2344 
939 
3920 
4962 
3788 
6816 
7607 
4494 
5525 
8347 
7612 
9288 
9162 
498 
2702 
9429 
1915 
8349 
1817 
9151 
1957 
4452 
3854 
8664 
8836 
2788 
4088 
8517 
247 
1133 
524 
2336 
912 
5386 
1487 
445 
5322 
4187 
1390 
8321 
887 
2933 
7951 
6151 
4244 
8381 
745 
8539 
3019 
1641 
1799 
317 
600 
9072 
4929 
3222 
9816 
9805 
293 
7308 
2341 
8698 
5065 
1409 
7535 
3004 
8418 
1307 
7015 
7795 
7245 
2848 
2114 
8453 
1150 
7044 
5922 
2349 
2124 
2735 
6077 
2480 
4243 
158 
9398 
4429 
5741 
1488 
6915 
1446 
9388 
3306 
3902 
9590 
2370 
1449 
1771 
43 
1464 
6821 
7480 
1654 
5781 
6211 
6570 
5033 
3095 
424 
3424 
5252 
4244 
1310 
8421 
7802 
6654 
7972 
8556 
2441 
1297 
1531 
1313 
4406 
3470 
699 
2555 
2412 
2356 
7114 
2947 
3914 
2611 
696 
2010 
8212 
5278 
8731 
8420 
2384 
4287 
1151 
5210 
2176 
5433 
6328 
1324 
1200 
4445 
2350 
1459 
3080 
8310 
9440 
5726 
4450 
4129 
2459 
162 
1976 
7983 
6426 
3651 
3335 
5703 
9520 
9542 
9309 
8032 
3437 
5829 
9468 
3091 
2905 
1672 
2517 
143 
8797 
9933 
7389 
6912 
9701 
634 
9320 
5619 
101 
6927 
9583 
9221 
1644 
9138 
1713 
905 
6610 
5553 
4916 
6513 
2921 
3642 
7357 
5027 
530 
2912 
7952 
1998 
3606 
5345 
3899 
2006 
895 
4891 
4086 
8320 
2082 
9526 
7452 
4136 
7133 
3627 
5490 
8821 
9931 
9422 
9102 
4765 
8 
4329 
6706 
7442 
5227 
37 
4223 
9744 
601 
9481 
5062 
2355 
6479 
1366 
5497 
4657 
1283 
7612 
5027 
3515 
3177 
4322 
8467 
2281 
4626 
124 
3723 
6675 
5637 
7050 
42 
9261 
9949 
5472 
117 
8142 
8945 
7735 
6431 
379 
8690 
9763 
2749 
2262 
5741 
4326 
6492 
6414 
3759 
5395 
4657 
235 
1703 
8052 
2367 
81 
6595 
3338 
7970 
2770 
9367 
5257 
6237 
8558 
7577 
6098 
3989 
2957 
17 
4212 
875 
2217 
5911 
5952 
6996 
1788 
5179 
4591 
5912 
8280 
4459 
785 
661 
7933 
2289 
5866 
2046 
4464 
6237 
1861 
1666 
7145 
18 
5608 
9963 
5752 
9522 
9218 
2861 
8509 
8824 
3479 
2984 
7663 
1890 
5790 
7952 
8896 
4731 
4822 
7984 
9640 
3792 
3613 
8375 
3403 
4618 
1281 
3120 
7479 
2218 
6817 
8874 
4866 
152 
7654 
3035 
8263 
9360 
812 
850 
5008 
7553 
8499 
3242 
1564 
2148 
5581 
9802 
3335 
5119 
4707 
3442 
3354 
8787 
3781 
6905 
8151 
2773 
675 
9535 
2312 
6309 
714 
8004 
8578 
3983 
430 
5760 
7967 
8669 
2752 
1899 
5609 
7056 
1623 
9246 
5170 
9376 
3027 
3239 
6923 
512 
9992 
2812 
1988 
3692 
7375 
2409 
7540 
3447 
352 
9996 
2861 
8308 
5734 
3347 
4663 
1027 
9686 
1009 
4620 
4885 
9946 
7980 
2890 
6732 
1133 
9633 
1614 
7244 
8524 
526 
3234 
795 
5453 
7893 
4053 
9988 
9240 
1796 
4756 
1427 
7648 
8334 
4812 
2272 
8923 
9265 
2024 
6548 
9528 
2542 
7435 
5031 
1801 
6703 
820 
2244 
3160 
4102 
2161 
6168 
1465 
9456 
4681 
404 
6030 
2446 
7732 
4386 
4958 
6352 
2244 
2880 
584 
1596 
5362 
7250 
7074 
7134 
414 
4476 
9211 
4753 
6116 
9805 
380 
3912 
8878 
6893 
7087 
5946 
9909 
8817 
69 
4725 
1893 
5423 
9092 
9504 
7227 
2963 
4370 
4763 
5021 
2916 
551 
9445 
3622 
2105 
7115 
3880 
6352 
3750 
3640 
9470 
6652 
1563 
7859 
8623 
3760 
4197 
2955 
243 
2771 
7266 
4684 
3899 
1103 
5358 
6272 
6940 
3206 
8660 
7612 
932 
6823 
2563 
5529 
2278 
2501 
5270 
4835 
9567 
6300 
3371 
6418 
8221 
9889 
3654 
5927 
1888 
2797 
1958 
6675 
4736 
1647 
4990 
9057 
5909 
2688 
4404 
3003 
7196 
2275 
5012 
6704 
5587 
4566 
7352 
8260 
2217 
1329 
5218 
7628 
715 
7276 
4839 
4832 
9607 
898 
5107 
6676 
987 
90 
1421 
582 
4898 
8403 
7311 
5392 
9289 
2704 
9326 
8520 
6157 
3089 
3246 
101 
4433 
1836 
3090 
9901 
4363 
2590 
4462 
5214 
5800 
5822 
4845 
4429 
3449 
4260 
3556 
1840 
5567 
6994 
6676 
5151 
2347 
5252 
1011 
4410 
2852 
4789 
4075 
6372 
1837 
4977 
5224 
6589 
3609 
250 
8846 
586 
3133 
4122 
4995 
2384 
3151 
513 
6298 
7295 
897 
5801 
3214 
3601 
9865 
4821 
6837 
3702 
1392 
1800 
3293 
4260 
3524 
2833 
3809 
4586 
2716 
4449 
9813 
5052 
5324 
4317 
7143 
3845 
4241 
2565 
5331 
683 
6842 
6578 
2509 
583 
5457 
9372 
210 
8544 
2827 
536 
3328 
6403 
6024 
8543 
288 
8435 
2240 
7749 
8103 
7610 
9434 
3179 
2720 
2160 
5480 
5791 
5666 
2239 
7730 
2121 
4249 
2942 
1919 
1364 
6382 
9932 
8512 
1107 
8878 
8590 
3455 
5251 
8161 
9832 
8225 
7366 
7157 
4816 
8030 
8233 
7967 
7712 
3698 
9544 
7145 
671 
2819 
3515 
4209 
8446 
1325 
1305 
3979 
5061 
4695 
8358 
7543 
5230 
4485 
9954 
3985 
8972 
7416 
7579 
5379 
9446 
214 
5930 
7535 
2370 
8484 
2497 
8375 
8283 
6742 
5122 
6071 
4652 
5649 
1094 
4362 
8991 
6659 
8669 
9763 
4334 
8396 
8023 
9512 
1570 
2103 
2625 
8971 
1614 
1446 
1730 
3713 
5411 
3948 
3986 
7905 
2129 
2816 
3261 
6441 
6815 
9715 
5771 
7404 
3599 
3636 
3355 
160 
3238 
1465 
673 
4489 
7796 
3247 
8141 
7410 
8180 
5602 
6037 
9555 
9541 
4640 
5338 
6863 
2880 
8869 
1204 
2804 
7165 
4893 
475 
4730 
4411 
3156 
6236 
1625 
7293 
9976 
4197 
6473 
7662 
5919 
9769 
5550 
2108 
2389 
1702 
4451 
2560 
7748 
7084 
9530 
4893 
8694 
8807 
7848 
5958 
7374 
6104 
5614 
9620 
858 
950 
761 
3840 
5136 
7282 
8204 
1652 
5548 
2105 
6151 
693 
2400 
7035 
8388 
1326 
5516 
7938 
6957 
5164 
908 
8789 
3924 
7540 
8586 
3529 
2703 
4798 
508 
4207 
5509 
9625 
7984 
8885 
1758 
3522 
2559 
4288 
5917 
8675 
6096 
5704 
811 
9248 
8501 
532 
887 
8054 
271 
1370 
9835 
3059 
2933 
6260 
8774 
5297 
1191 
1805 
7774 
6549 
9420 
7818 
5063 
2368 
9937 
7521 
795 
6238 
7190 
5224 
4633 
5162 
3995 
1868 
1951 
1404 
59 
8921 
2663 
4028 
6443 
297 
1755 
2534 
6800 
4455 
3230 
6979 
8050 
4640 
9565 
4761 
6749 
4990 
8273 
9116 
1789 
3646 
2654 
8587 
1615 
3867 
445 
492 
8428 
2640 
4635 
1512 
4722 
8204 
7050 
8532 
1878 
8157 
4195 
2868 
7583 
7576 
4760 
95 
6748 
6300 
5614 
9087 
4582 
9117 
309 
1573 
1094 
1850 
4286 
3677 
4416 
9971 
118 
1959 
7624 
3537 
6658 
1662 
4110 
233 
517 
5560 
503 
1861 
484 
7258 
1607 
535 
7341 
6143 
3789 
9820 
355 
70 
8997 
8245 
9188 
5199 
3407 
2982 
5405 
9211 
8842 
6436 
2558 
8740 
5592 
6768 
9123 
763 
5769 
2175 
6979 
8952 
3939 
409 
2296 
3856 
323 
74 
8628 
5390 
3514 
9174 
2329 
4836 
4453 
8794 
6562 
3388 
4297 
6493 
677 
7934 
1695 
7662 
6632 
9122 
2113 
2888 
7052 
7095 
431 
5503 
6155 
8831 
7714 
4809 
5409 
2558 
6775 
1103 
1457 
8556 
9684 
7156 
7540 
6260 
7395 
1014 
2077 
7697 
8346 
7117 
9155 
2350 
8955 
8380 
7264 
8404 
1554 
8176 
7111 
1721 
4659 
6885 
1221 
3132 
4848 
1238 
5288 
334 
5520 
3232 
2222 
5170 
6403 
3382 
2199 
9527 
3559 
6558 
1711 
7540 
5799 
5440 
2889 
4208 
3003 
7763 
4891 
194 
4723 
4145 
864 
2663 
8176 
1294 
1236 
1115 
8105 
3786 
9974 
3895 
4183 
5176 
9314 
4538 
1991 
6258 
9992 
2615 
393 
7671 
6476 
7993 
6801 
7771 
2571 
2896 
446 
7734 
7888 
9322 
767 
9569 
4844 
4647 
2669 
4011 
2793 
8534 
8795 
9463 
9177 
9917 
5701 
9553 
7487 
509 
9160 
8012 
4927 
7605 
4707 
5487 
3500 
5979 
8805 
1142 
3390 
5775 
5302 
5763 
6185 
1159 
6786 
9970 
6851 
9648 
5357 
5284 
8333 
8567 
6353 
9698 
5287 
6361 
9929 
4787 
6095 
7327 
1990 
6949 
543 
6146 
9992 
6897 
9055 
5731 
3871 
3121 
9166 
837 
2531 
8047 
4694 
7902 
5327 
1002 
3019 
3594 
4293 
3829 
4398 
4747 
9273 
2122 
9850 
3679 
9212 
9476 
7017 
5488 
5635 
5777 
4079 
7579 
2025 
6122 
9074 
9398 
259 
4127 
9863 
8073 
8605 
8061 
6264 
1224 
236 
2915 
131 
9455 
5526 
5209 
4469 
8510 
6327 
2550 
4975 
9141 
4830 
4023 
2557 
9930 
109 
7976 
8353 
8325 
158 
4237 
9911 
6240 
2112 
9948 
9185 
8316 
6931 
7448 
3703 
7995 
4507 
6336 
3281 
9174 
5455 
5317 
5778 
6559 
7273 
8966 
5569 
6753 
1874 
9658 
1998 
6428 
3503 
2186 
8898 
7789 
8696 
6673 
2330 
5594 
4183 
4990 
9882 
3704 
6978 
6812 
3641 
7613 
7686 
7465 
6688 
3190 
3083 
3836 
501 
8401 
4293 
6830 
3131 
558 
8590 
4739 
6443 
7780 
3749 
3701 
8944 
8164 
289 
2221 
1099 
7389 
4180 
7999 
5911 
1286 
9859 
3057 
2677 
7630 
3933 
951 
5221 
272 
230 
9559 
6550 
4822 
6494 
1672 
2284 
1395 
8504 
8551 
4320 
6160 
7152 
9555 
2053 
2660 
3577 
761 
8985 
6242 
151 
2130 
9573 
4269 
8168 
3001 
849 
6109 
9546 
7694 
3925 
8467 
7290 
4127 
8516 
2615 
5417 
8854 
3266 
8911 
6341 
788 
640 
7060 
9977 
3561 
1082 
8598 
1691 
8569 
1241 
4035 
2714 
7601 
4106 
5980 
9613 
736 
2479 
7849 
7100 
9078 
3479 
3530 
8159 
2214 
1624 
6023 
3103 
3559 
9128 
495 
2842 
8498 
8679 
2184 
5115 
407 
5494 
