11000
2052 
1680 
8266 
8418 
5044 
9642 
6149 
6788 
5355 
678 
9540 
9724 
6257 
5628 
1455 
4918 
1287 
3412 
3301 
2288 
779 
559 
9120 
5856 
8468 
7913 
8631 
6444 
3200 
6985 
1842 
4275 
7505 
7820 
10529 
6479 
9608 
3586 
10203 
6956 
6944 
8450 
4038 
9483 
4488 
7121 
10129 
7933 
7040 
9758 
355 
9438 
2707 
3466 
1040 
258 
95 
3894 
8171 
1565 
764 
2457 
2459 
5985 
10202 
4189 
3059 
6060 
4862 
4602 
2315 
324 
8097 
5155 
7478 
5002 
9338 
827 
8424 
5899 
8512 
7557 
969 
4296 
5047 
8402 
1183 
6208 
8500 
5772 
1251 
7195 
5490 
381 
5201 
3497 
7676 
3237 
1587 
7935 
7101 
9744 
4472 
8657 
401 
10418 
10059 
1130 
3700 
5935 
7458 
7846 
8794 
7062 
3265 
194 
92 
5675 
9737 
675 
2788 
174 
2413 
1772 
4673 
10667 
10618 
3356 
7824 
10158 
10274 
10301 
2528 
5774 
2791 
1433 
10190 
6552 
7716 
6910 
7197 
6099 
4796 
5221 
169 
2093 
5454 
5372 
10720 
8789 
7998 
707 
7232 
3680 
9921 
9293 
10776 
9082 
3153 
6395 
5603 
5200 
7717 
4913 
817 
403 
8700 
8232 
361 
7967 
9135 
1684 
8587 
2436 
2876 
2167 
7157 
5084 
4271 
3451 
599 
9631 
8464 
9680 
4872 
2647 
7453 
10103 
5565 
10367 
1799 
698 
9307 
10045 
6020 
5397 
1365 
2761 
5649 
6397 
7868 
3079 
2100 
8313 
3640 
10388 
788 
3699 
4648 
5003 
3694 
7214 
2184 
1155 
9465 
7754 
5936 
5323 
9857 
2132 
9313 
8204 
7981 
6707 
10786 
10850 
5926 
1628 
10330 
1172 
338 
9457 
6004 
2739 
3268 
1898 
9122 
9781 
10163 
6015 
7614 
9474 
8027 
8480 
10389 
3081 
1568 
7665 
7796 
2165 
10424 
4419 
6620 
9708 
10825 
10713 
1498 
4912 
7259 
2737 
9225 
7391 
3170 
6528 
7006 
5227 
8834 
1023 
5807 
6089 
12 
8615 
371 
8916 
9437 
4569 
6472 
10507 
7106 
2661 
4876 
159 
10161 
2237 
9987 
6947 
10182 
7937 
10838 
1909 
7527 
9100 
10393 
3907 
1311 
4791 
10403 
7511 
6169 
7135 
7568 
10431 
5121 
8039 
4762 
679 
9554 
3120 
10007 
3401 
955 
2478 
2056 
3547 
542 
7401 
5026 
4299 
5344 
5270 
5043 
4177 
7988 
4963 
104 
2604 
8784 
9913 
8959 
4616 
1913 
2115 
5618 
8574 
348 
2131 
5552 
1611 
3537 
4377 
9288 
3360 
207 
3621 
3218 
5064 
7283 
2580 
2195 
515 
7485 
7793 
1047 
754 
7402 
7841 
745 
5859 
4675 
86 
8274 
1987 
10549 
3729 
10577 
1960 
7303 
1557 
9052 
10176 
3685 
7816 
3046 
10739 
4583 
3344 
6901 
2202 
9470 
8083 
3373 
7042 
2107 
10706 
1873 
2558 
7693 
1613 
1811 
4901 
8992 
2956 
6805 
6051 
1861 
10002 
8896 
1355 
2051 
9508 
1301 
2935 
10976 
3190 
1319 
2523 
10368 
8827 
8390 
10716 
5934 
925 
4868 
826 
3741 
1077 
5782 
4188 
10232 
4640 
1948 
7799 
359 
1223 
10977 
7901 
3400 
2864 
1944 
3088 
1724 
6222 
8517 
869 
9102 
10089 
8209 
795 
1559 
5402 
5173 
7004 
8795 
10282 
1659 
2764 
1414 
7748 
2263 
2015 
9902 
5870 
4523 
6733 
10080 
3380 
8788 
5480 
9572 
4468 
1656 
4916 
1710 
233 
1939 
10571 
4940 
6690 
9148 
10994 
5348 
3192 
1759 
5205 
6495 
3305 
3582 
7547 
10491 
1478 
2692 
8973 
1413 
9280 
3407 
2467 
10126 
2631 
4660 
3976 
6888 
6256 
6110 
9112 
2702 
8998 
8317 
8611 
7400 
7388 
3100 
4753 
10555 
2444 
4427 
7940 
10149 
7589 
6361 
7129 
6937 
3761 
5144 
494 
4294 
7999 
4140 
4436 
221 
3413 
4888 
5678 
623 
2371 
2581 
1450 
10406 
1158 
5775 
2127 
2223 
5770 
2208 
1254 
8874 
2004 
4145 
1866 
5076 
7936 
8553 
762 
4814 
4399 
10320 
1788 
3778 
4470 
4074 
8711 
1265 
7976 
2837 
10799 
4298 
1524 
6551 
354 
10614 
2161 
5478 
8358 
3948 
9218 
6087 
9301 
2844 
9081 
8307 
7267 
1333 
2278 
2942 
4213 
10536 
2460 
2944 
972 
10697 
1825 
768 
2072 
3446 
1976 
3225 
4159 
311 
3099 
5972 
3776 
9142 
3062 
10894 
3302 
3415 
916 
3929 
1024 
7261 
9790 
1139 
1372 
10101 
919 
3739 
2758 
8731 
1847 
3856 
5301 
2397 
677 
628 
7701 
5209 
6215 
1202 
4453 
4647 
7752 
6567 
3832 
7352 
1585 
10709 
2913 
8149 
1340 
3539 
6780 
8855 
5085 
3299 
8509 
10353 
8331 
9773 
1393 
4919 
3074 
1986 
5625 
4181 
9379 
8423 
2928 
9569 
1448 
1635 
794 
1092 
3759 
91 
3220 
3972 
9780 
796 
5316 
6698 
506 
8710 
2187 
2158 
7175 
7571 
4708 
7966 
9654 
7916 
3934 
6014 
6151 
4969 
6469 
475 
1740 
8811 
4068 
2866 
3853 
5594 
6387 
6877 
9299 
10435 
7218 
10843 
7684 
9336 
1078 
2231 
6112 
10122 
7526 
669 
8720 
331 
553 
2225 
8665 
8559 
5463 
8268 
9035 
10714 
592 
10244 
10965 
5285 
1056 
3817 
9660 
3803 
5652 
4547 
6726 
8202 
6767 
6851 
3996 
9373 
1519 
10169 
868 
2681 
8078 
2545 
1975 
7839 
7616 
1520 
9000 
9551 
7656 
4022 
7395 
5489 
2073 
10251 
4154 
5568 
8321 
2069 
2424 
565 
7444 
4347 
4344 
2697 
907 
10396 
7549 
2743 
673 
7045 
7100 
760 
1288 
2593 
6449 
3053 
9887 
9164 
10448 
5100 
7156 
7845 
7862 
2041 
8925 
6504 
5389 
9197 
4831 
3789 
7890 
6977 
6617 
150 
1844 
4308 
7533 
10876 
6016 
1048 
10229 
8848 
3385 
6847 
10788 
4238 
9690 
6759 
3131 
4007 
6681 
5561 
7262 
4556 
5304 
5042 
3297 
6534 
8866 
166 
2688 
1234 
1064 
7085 
10586 
6601 
8275 
7466 
5892 
10473 
8490 
1946 
5750 
3774 
7821 
5175 
6086 
4234 
8838 
5403 
5075 
3796 
9192 
9147 
8272 
5631 
5377 
544 
10929 
2068 
10981 
9620 
4341 
2749 
7853 
9697 
7861 
5238 
2923 
3149 
3799 
6804 
6157 
9752 
4572 
6885 
4254 
7524 
8362 
6053 
6425 
985 
1697 
4577 
713 
1546 
10291 
9352 
7066 
2351 
1931 
8342 
6231 
7092 
3819 
8243 
1682 
8474 
1769 
3154 
9001 
1646 
9614 
6213 
3991 
5991 
3477 
3464 
9349 
9369 
143 
883 
3183 
10164 
6594 
10814 
2740 
1391 
6842 
4849 
1722 
5595 
10963 
8343 
8394 
299 
10037 
6811 
7968 
9140 
8105 
3891 
1407 
6982 
4743 
507 
8175 
9553 
10369 
2488 
1138 
1729 
7599 
3459 
2954 
208 
10731 
340 
9070 
6830 
1330 
7864 
2550 
8218 
5660 
7482 
7851 
7842 
8850 
10123 
10847 
8697 
2269 
3826 
10810 
7725 
7104 
7865 
10371 
5010 
2193 
8681 
6728 
5716 
10950 
6591 
5013 
8674 
3017 
3195 
9610 
10249 
7338 
3110 
8225 
2839 
5157 
6022 
3159 
5097 
9648 
10682 
10413 
6774 
4418 
701 
10084 
3606 
2302 
671 
287 
2183 
3482 
5702 
9823 
4534 
9263 
3845 
8564 
3495 
7639 
6193 
1547 
877 
10144 
1829 
4096 
8871 
6519 
5629 
10768 
6503 
2769 
4503 
10831 
2456 
424 
10906 
7120 
7058 
6179 
8502 
6835 
2393 
9362 
4055 
7833 
3410 
1892 
8536 
283 
6280 
10995 
1226 
2182 
8979 
131 
7099 
7184 
5742 
9686 
9244 
696 
7959 
7291 
9505 
4519 
2267 
2957 
9216 
1935 
7472 
2518 
7774 
10208 
5735 
6123 
8667 
5114 
5674 
8518 
7591 
765 
1170 
6376 
3224 
8172 
5444 
6880 
5048 
2021 
7608 
7462 
5492 
10206 
8304 
114 
3221 
5260 
3370 
3961 
7760 
9541 
1208 
7611 
1181 
5320 
1566 
2494 
550 
6646 
8300 
6605 
6662 
6624 
6266 
10288 
5642 
7786 
10142 
835 
5820 
3589 
2325 
7871 
3932 
5764 
7305 
9879 
7304 
4929 
5462 
6330 
7600 
2497 
9328 
10346 
4153 
8253 
9850 
9801 
947 
7492 
8516 
9534 
9261 
6812 
4199 
3568 
8384 
8601 
9796 
8701 
10968 
1018 
726 
2349 
9345 
1855 
5567 
7084 
368 
5579 
4567 
10186 
4804 
8279 
621 
7124 
8199 
3688 
4800 
5949 
476 
7647 
3140 
769 
10840 
1054 
6946 
1973 
6491 
1401 
10728 
10477 
7500 
8065 
3357 
8397 
2386 
467 
7991 
2936 
469 
2146 
10532 
9084 
7340 
7239 
3498 
7142 
4854 
4064 
9028 
4809 
9932 
8955 
116 
992 
4766 
3798 
1470 
7680 
8066 
9707 
6220 
5835 
1160 
7883 
10794 
8566 
1878 
8448 
8475 
7146 
2337 
2329 
4558 
370 
1284 
2096 
4650 
5718 
7167 
10978 
1768 
6279 
1293 
8165 
8806 
8610 
7107 
5502 
7446 
4048 
6355 
2323 
8969 
2559 
3744 
4694 
9478 
4257 
3733 
10762 
2998 
6729 
4174 
1819 
2083 
9860 
9157 
7906 
7410 
1856 
2205 
4465 
7137 
8777 
8552 
8099 
1036 
6468 
9579 
6096 
4400 
6898 
1479 
10724 
5897 
1870 
8550 
6238 
9423 
7912 
8995 
1865 
757 
8193 
1308 
5065 
8077 
2214 
2745 
2003 
2435 
1562 
4233 
3873 
7013 
3203 
7324 
9123 
7306 
5180 
5724 
891 
8717 
1838 
574 
3734 
6333 
3298 
749 
6489 
9527 
7659 
6052 
9388 
10883 
2222 
1625 
1285 
26 
10001 
5872 
4996 
537 
8927 
4701 
7050 
6883 
986 
1205 
4806 
9915 
3536 
6893 
2797 
13 
1217 
1701 
987 
825 
1228 
300 
8939 
9516 
7516 
5823 
2521 
7606 
8030 
626 
8857 
5361 
367 
48 
2277 
6716 
4485 
6596 
157 
5670 
6321 
3708 
7115 
7296 
681 
2105 
435 
8971 
5415 
10490 
7646 
2357 
4192 
4462 
10345 
6152 
3605 
7720 
640 
3598 
4105 
5018 
9625 
9377 
8382 
9992 
3201 
6981 
567 
6659 
8909 
7663 
3790 
10436 
5978 
4905 
4546 
6702 
9407 
7387 
6674 
8680 
6972 
570 
8985 
3285 
8036 
4160 
8280 
1303 
6574 
1617 
7878 
6651 
70 
6428 
1711 
8340 
2576 
5838 
3578 
3742 
518 
5334 
8970 
5271 
7241 
4029 
6671 
9909 
10214 
10649 
2826 
2104 
2553 
5147 
8835 
1502 
9730 
7987 
4114 
6410 
3725 
7095 
3040 
4773 
1134 
3130 
3727 
457 
763 
10858 
1268 
3690 
1345 
535 
7915 
5115 
653 
8740 
5518 
2053 
3903 
9940 
10677 
6771 
10211 
7847 
4846 
1367 
6608 
9034 
9091 
7920 
2983 
7125 
9678 
2817 
2642 
6618 
8195 
9027 
10891 
1127 
9014 
2602 
10819 
345 
1110 
6037 
4878 
7247 
2377 
4857 
5880 
3947 
9739 
2264 
2911 
2324 
690 
5792 
7795 
9418 
3590 
1204 
2477 
7768 
6210 
10704 
2917 
8181 
10088 
5682 
9416 
4119 
4917 
2920 
811 
3169 
3312 
302 
2207 
9236 
5644 
934 
7884 
539 
6560 
3348 
10842 
4964 
7863 
3518 
1477 
6683 
4009 
4357 
2274 
10574 
10362 
4840 
1215 
2045 
4879 
8029 
9749 
3770 
1665 
6456 
4795 
6187 
6512 
6610 
2965 
5093 
2520 
3304 
5596 
10958 
4069 
4629 
8486 
10523 
9798 
8661 
8352 
8329 
3944 
5943 
8157 
4618 
10337 
7580 
6619 
952 
10873 
10719 
8312 
8851 
10722 
5553 
3143 
10361 
3474 
6747 
454 
7219 
4984 
10062 
3639 
3712 
5968 
4896 
6621 
8081 
9348 
6234 
9974 
10263 
111 
2086 
2690 
8847 
6852 
5988 
4745 
2925 
9414 
3179 
4100 
7330 
5806 
1290 
5441 
1850 
10675 
4624 
6800 
5029 
2452 
5516 
1622 
715 
9183 
3472 
4455 
4445 
1675 
10832 
10542 
4200 
3281 
8530 
1791 
9818 
10321 
3011 
3309 
7457 
1211 
2798 
8481 
10875 
6081 
272 
9573 
1001 
9033 
2970 
10679 
9703 
2806 
10985 
5204 
10283 
1366 
5330 
5503 
7582 
5032 
8532 
3124 
4700 
7910 
7761 
4120 
8325 
3837 
3098 
5452 
9010 
5600 
8636 
5950 
3693 
4591 
9230 
3772 
5598 
4284 
8849 
8846 
10286 
9137 
9933 
5376 
229 
8569 
1051 
9543 
4677 
7134 
2994 
5832 
3556 
4078 
8642 
4236 
9115 
4459 
8179 
369 
4897 
2838 
9524 
254 
4000 
271 
8128 
3270 
9580 
9467 
5269 
6255 
9586 
3067 
6950 
9593 
5466 
8691 
10468 
8792 
1806 
4042 
8989 
9783 
2113 
1579 
10215 
10952 
10933 
502 
8812 
10615 
935 
1197 
7061 
1126 
6133 
2909 
83 
3750 
2199 
8414 
8197 
9088 
3468 
10226 
2262 
10707 
9963 
9471 
10785 
478 
6453 
887 
6909 
9228 
1857 
8962 
2440 
2465 
2411 
9672 
2627 
4599 
4554 
8773 
1689 
9532 
6283 
810 
3230 
3486 
10639 
3473 
1119 
5439 
4847 
7450 
9533 
6092 
2713 
9144 
8565 
8446 
216 
5203 
1671 
3212 
2960 
3241 
1046 
3475 
4526 
10687 
1102 
8031 
1327 
1732 
7205 
8707 
6606 
203 
4810 
3602 
8025 
4714 
500 
7276 
5873 
55 
9264 
7643 
4562 
4452 
4705 
4711 
10266 
4187 
6555 
10242 
6184 
137 
3635 
741 
5087 
4615 
8033 
2534 
10783 
8052 
4386 
5294 
5723 
10750 
1933 
1917 
6816 
1358 
6429 
4115 
2530 
1906 
10859 
3797 
6114 
878 
3368 
10303 
9329 
4404 
4040 
8445 
6517 
7897 
5891 
961 
9024 
4129 
6999 
1467 
10258 
10698 
1325 
1088 
8013 
8284 
6768 
2961 
10474 
3442 
7089 
2974 
5519 
1553 
420 
2599 
5623 
62 
7804 
3326 
1233 
2950 
3777 
5422 
6318 
3492 
9176 
7943 
9456 
841 
7917 
3029 
6963 
5143 
2993 
6008 
9911 
4426 
7508 
4998 
521 
6829 
867 
10681 
8649 
2982 
3662 
6974 
7315 
2266 
213 
4037 
10781 
5977 
8376 
9746 
3564 
8220 
3116 
217 
4844 
1252 
5081 
394 
1573 
4310 
7708 
10887 
9556 
2941 
5967 
202 
481 
5451 
10774 
3620 
1705 
6363 
3735 
2532 
1583 
7737 
9318 
846 
7384 
915 
4828 
5801 
10475 
5477 
5606 
9434 
7683 
2610 
7657 
3594 
1083 
8221 
2480 
1178 
1896 
4136 
889 
2502 
9251 
2103 
6119 
1153 
9296 
563 
4717 
425 
10134 
802 
10194 
9555 
2898 
5299 
7565 
720 
2290 
10111 
4306 
1619 
2514 
2893 
4231 
8276 
188 
10601 
10691 
10530 
9072 
7658 
4326 
4903 
4823 
7010 
8645 
4908 
3897 
5672 
4375 
7230 
6672 
3184 
7363 
3810 
10272 
4010 
10156 
10446 
872 
9563 
6029 
9868 
3541 
8880 
9330 
1630 
4138 
777 
2629 
1089 
7258 
5062 
7925 
8461 
1730 
3779 
8719 
10922 
10597 
7797 
948 
4196 
4164 
6763 
9559 
1499 
4428 
4765 
6424 
9506 
1195 
585 
2094 
7995 
7746 
8886 
450 
5961 
8531 
6755 
3998 
7957 
3115 
6471 
2365 
10520 
2246 
596 
4937 
683 
4592 
4986 
1623 
7252 
2795 
7435 
2894 
2451 
3785 
10727 
4597 
214 
10189 
9788 
6904 
3354 
830 
9995 
3402 
7948 
3938 
1818 
8693 
9451 
8745 
1192 
9722 
2022 
4920 
7532 
2145 
2716 
1113 
2120 
6063 
8375 
6375 
4542 
2400 
8933 
1802 
1567 
9289 
2049 
1678 
1073 
7744 
1357 
4413 
4291 
5591 
8957 
519 
6450 
6833 
6140 
4011 
8643 
5688 
4122 
2354 
1984 
3645 
6611 
9663 
1792 
3331 
4834 
6641 
2579 
3121 
5016 
8064 
1639 
7476 
5037 
6432 
2803 
7726 
4002 
10010 
8634 
6934 
3649 
436 
1421 
4032 
7245 
3118 
4003 
1509 
6362 
3526 
6602 
10014 
6176 
5533 
10852 
4498 
10623 
6021 
6754 
1236 
1362 
10358 
1621 
1423 
443 
10331 
4748 
970 
8108 
2591 
6680 
8454 
6508 
8283 
1753 
6253 
3188 
8092 
3250 
1833 
3523 
5683 
7043 
1930 
4949 
10619 
5842 
8296 
6310 
9241 
5435 
1965 
5391 
7555 
10146 
8137 
6488 
9344 
7170 
3233 
5080 
9889 
5311 
9427 
4127 
1349 
1634 
5385 
9843 
8528 
7383 
3760 
10845 
758 
10642 
1588 
9669 
4243 
8239 
9513 
10458 
2810 
821 
4938 
218 
7813 
6035 
9587 
2785 
4460 
8865 
8967 
8504 
5707 
6373 
5488 
1137 
458 
3187 
10685 
10743 
7757 
2383 
644 
674 
6426 
8247 
2730 
7371 
3624 
7541 
4342 
4758 
3641 
7787 
9970 
9444 
52 
1874 
5994 
6382 
6353 
9036 
5560 
10107 
6459 
9592 
3909 
10970 
508 
35 
6150 
7584 
5364 
3695 
2776 
4307 
10212 
1343 
1224 
9667 
2414 
7808 
9113 
7392 
6124 
776 
8320 
7118 
9271 
632 
5268 
6501 
4642 
9256 
6224 
2082 
1943 
1174 
5235 
10515 
4409 
7520 
456 
6525 
6166 
3710 
3665 
6246 
693 
5126 
4880 
714 
4071 
2381 
4657 
10820 
5676 
7223 
8752 
10082 
9998 
4118 
1235 
8883 
6137 
2030 
6380 
10268 
10934 
8203 
1442 
317 
9462 
3294 
5765 
2016 
2714 
2815 
1452 
5153 
711 
10040 
2572 
8664 
9876 
10612 
1463 
9367 
9156 
7248 
5368 
3049 
532 
7073 
10626 
5277 
7431 
2385 
6048 
5379 
9125 
2657 
2852 
5007 
9802 
3375 
2449 
2284 
3763 
5168 
1827 
8323 
6294 
10928 
8047 
3660 
2229 
7374 
1253 
5554 
9716 
2198 
2217 
5731 
7805 
2286 
3 
9253 
5551 
2529 
9161 
1350 
8310 
2643 
1406 
5777 
2540 
10972 
3037 
6917 
1881 
7575 
8017 
10445 
577 
1424 
3141 
185 
6968 
8138 
3470 
4090 
2872 
5685 
4644 
9403 
2901 
634 
866 
10375 
5432 
7408 
8131 
4082 
4349 
8724 
8155 
5778 
2292 
9910 
175 
190 
7983 
37 
2248 
8356 
1718 
9934 
2160 
2924 
3330 
6919 
5834 
8785 
8071 
9692 
1049 
4839 
9988 
66 
240 
8117 
3352 
2765 
10676 
7837 
9383 
9906 
10644 
7617 
8262 
9607 
9944 
1459 
10184 
2507 
1279 
5030 
2531 
9255 
9782 
4130 
6173 
7686 
7263 
6558 
4563 
6819 
906 
940 
10822 
9819 
10608 
8831 
2176 
641 
9869 
685 
227 
4509 
4933 
2125 
4755 
10953 
7418 
6487 
4457 
5281 
4395 
4225 
8703 
1668 
163 
2544 
25 
6313 
4103 
7233 
8567 
7552 
3625 
8360 
649 
1136 
10042 
7082 
9649 
7312 
945 
3800 
6068 
9855 
3955 
8964 
6502 
1631 
2551 
4684 
4001 
10326 
911 
3240 
2114 
2245 
1105 
5390 
4244 
10946 
1642 
8524 
4536 
8741 
1514 
10219 
4281 
1428 
9931 
5668 
1651 
622 
614 
8721 
3651 
1059 
6154 
5925 
6887 
3981 
8743 
8582 
3045 
1008 
1750 
8163 
6993 
8150 
4813 
10273 
5732 
545 
6252 
10557 
438 
9671 
9907 
5 
9101 
8572 
9552 
7131 
9429 
4403 
3648 
1923 
3194 
8529 
1068 
591 
1146 
5816 
5082 
9776 
1481 
4389 
2420 
9364 
3747 
10545 
703 
8215 
7438 
2191 
2511 
7602 
5557 
3107 
10379 
3551 
2060 
1389 
7830 
6957 
5839 
7445 
8786 
928 
9274 
7770 
7742 
7709 
5590 
4328 
5409 
9507 
9441 
4150 
1010 
9862 
8451 
9442 
3851 
5038 
7788 
1667 
2394 
1956 
9145 
3575 
2168 
6828 
2738 
10432 
2854 
1525 
7122 
7049 
10999 
2185 
8068 
6903 
10836 
6138 
2698 
5244 
4372 
722 
5639 
9430 
2287 
7203 
7014 
9204 
2505 
10674 
3399 
9945 
6544 
7928 
4622 
3691 
790 
1336 
9670 
10399 
1398 
10796 
10757 
498 
4902 
3859 
10412 
10568 
10767 
139 
2849 
8747 
6290 
10078 
232 
8737 
5989 
3208 
10328 
10780 
2967 
5243 
6293 
3676 
4771 
1660 
9529 
1882 
3156 
6583 
752 
8592 
615 
9807 
8096 
4170 
1399 
4981 
4056 
7274 
8843 
8348 
5256 
6167 
3292 
7994 
5440 
1270 
2883 
8187 
4633 
3849 
9872 
8229 
121 
6139 
3161 
10356 
10170 
5461 
8573 
1410 
9939 
5894 
2281 
3519 
9093 
10260 
2784 
2194 
753 
6440 
2573 
1486 
1846 
4318 
9982 
4770 
1601 
6300 
3173 
9419 
7407 
4433 
10485 
1188 
5769 
2564 
4983 
2978 
6078 
474 
9297 
4548 
7984 
10106 
1435 
4061 
10051 
164 
5602 
9924 
3379 
7213 
10422 
7902 
3393 
1103 
5392 
4075 
1755 
7875 
6175 
6616 
4737 
6171 
6383 
4575 
4449 
6143 
8120 
5106 
9235 
3654 
5460 
6717 
6356 
10669 
1437 
797 
8091 
3915 
7154 
9792 
4250 
2326 
4606 
5254 
3805 
5213 
108 
1699 
7667 
5350 
204 
1203 
4261 
10925 
4132 
2662 
7517 
7689 
5542 
5351 
9863 
1685 
8966 
7700 
7414 
5136 
2891 
9096 
6039 
4113 
8067 
9884 
3966 
9609 
2112 
8144 
5998 
5426 
9095 
5545 
6655 
3857 
7695 
1013 
6556 
9272 
5331 
5703 
4363 
3426 
4305 
3562 
305 
8810 
2995 
4910 
3970 
4738 
5853 
9892 
10764 
3681 
9984 
6368 
10417 
2175 
1845 
8219 
4097 
10302 
5242 
2571 
4338 
9083 
2971 
3663 
8506 
5601 
5837 
8465 
1606 
6843 
7637 
8918 
10352 
8102 
10243 
6344 
10325 
5374 
3144 
2092 
8613 
7699 
2 
3658 
10518 
346 
10801 
9882 
2517 
4516 
7672 
4680 
8491 
6083 
10701 
7126 
7207 
5453 
652 
2722 
3489 
709 
5971 
196 
3506 
9517 
3002 
7860 
5360 
10450 
7289 
4263 
1436 
2609 
3085 
5580 
46 
5909 
10942 
3574 
9359 
7838 
5537 
8299 
8775 
1556 
3683 
4843 
7601 
8024 
1341 
7422 
2356 
8153 
3424 
1238 
4302 
9864 
10304 
5550 
8641 
5284 
3484 
7001 
5686 
10672 
4685 
315 
814 
9925 
8101 
9040 
235 
4106 
7404 
1276 
6097 
5710 
5939 
10235 
5073 
5287 
8427 
9699 
2142 
3544 
3765 
10174 
2926 
1034 
10442 
5318 
4873 
569 
5637 
9993 
2130 
5938 
9143 
2786 
6550 
5142 
5871 
6307 
7192 
10506 
6644 
415 
7893 
4581 
4761 
408 
10120 
5878 
223 
2282 
2405 
6006 
7718 
1686 
9979 
9990 
524 
4093 
3162 
1184 
7343 
10564 
1306 
7739 
10131 
6416 
5052 
10057 
1778 
6386 
8333 
3138 
4885 
4767 
3911 
4256 
8076 
3042 
8686 
2099 
485 
6090 
5473 
9323 
8041 
8910 
6461 
4502 
9365 
6337 
1425 
2729 
6604 
7747 
10191 
4997 
2089 
3284 
6243 
10293 
6990 
2289 
5024 
5417 
960 
9226 
10803 
7490 
9455 
9460 
2138 
390 
9600 
5211 
7153 
170 
6076 
1289 
9973 
3050 
3457 
3899 
10033 
5040 
10329 
520 
2853 
2109 
2916 
8049 
7953 
905 
10092 
6571 
1609 
6913 
625 
5152 
908 
5378 
10775 
4366 
5759 
7331 
2342 
4588 
17 
4959 
8095 
10559 
7271 
10865 
4693 
7681 
5014 
2934 
7635 
5286 
7038 
4303 
3214 
1002 
7471 
2972 
5800 
3923 
5506 
9797 
6522 
1643 
9026 
2700 
5150 
3764 
4579 
5031 
8084 
6486 
3076 
7960 
6732 
9302 
6221 
10410 
8046 
6074 
5927 
6775 
6105 
3855 
979 
1757 
4724 
1695 
10102 
4634 
2800 
9897 
8294 
4907 
9837 
4739 
1379 
10136 
1901 
6685 
9635 
1893 
2606 
5526 
4525 
8170 
4229 
2567 
4432 
10230 
4945 
4584 
5338 
1331 
1563 
8546 
8666 
10878 
2224 
5468 
10893 
9666 
2448 
6125 
2832 
8968 
4822 
453 
8755 
5092 
7971 
3148 
1670 
10060 
8778 
89 
1657 
3317 
4944 
7869 
747 
1785 
7284 
5342 
8178 
8945 
8622 
7625 
8783 
1369 
2858 
8043 
4924 
8830 
4481 
8038 
9160 
4852 
1511 
7985 
5663 
3671 
7090 
156 
2596 
5022 
6056 
2253 
9099 
2166 
281 
259 
4197 
7749 
10778 
2699 
6438 
7632 
6554 
1746 
5531 
2751 
289 
4763 
5006 
4719 
7321 
5479 
4351 
473 
9017 
3623 
8436 
4837 
7509 
7579 
5847 
10956 
2583 
1403 
172 
10754 
9682 
1824 
676 
4036 
8293 
10372 
1162 
3035 
5476 
8242 
8658 
5405 
9067 
3479 
5027 
7328 
5458 
7398 
290 
2608 
1332 
10381 
6024 
245 
1596 
3222 
2766 
82 
57 
10338 
9775 
3199 
6562 
5762 
4249 
1504 
619 
10257 
2931 
7076 
4480 
7802 
2402 
6912 
930 
6872 
73 
102 
2009 
4881 
5811 
10582 
2443 
849 
8452 
10912 
1300 
3791 
6715 
10311 
2170 
4152 
8764 
2705 
6908 
4185 
3465 
10162 
10373 
6573 
10246 
6236 
2017 
3601 
6475 
3483 
4941 
4126 
5356 
5852 
10924 
6692 
10895 
2959 
7176 
2296 
8430 
2300 
8982 
6477 
6865 
4851 
2607 
1165 
2879 
6783 
4692 
503 
4928 
4859 
10011 
2644 
6017 
8109 
8618 
7923 
6258 
10405 
10735 
7292 
10127 
541 
2834 
6658 
8539 
9953 
4871 
6799 
8818 
7180 
1488 
7633 
9836 
838 
3977 
5720 
7815 
9817 
9530 
4769 
1704 
9905 
842 
419 
8942 
4842 
7199 
1100 
9701 
10539 
1999 
4435 
5278 
10354 
4898 
8072 
6764 
360 
3113 
6857 
6845 
3177 
3009 
9327 
6447 
7173 
10821 
8370 
8297 
3565 
1607 
9615 
7385 
6920 
1344 
5053 
5812 
5662 
4511 
8725 
3215 
8940 
6196 
5867 
9950 
1318 
2689 
3278 
5196 
2524 
2445 
959 
10241 
2321 
8477 
10947 
427 
3325 
178 
2851 
135 
9733 
3367 
2442 
9770 
10341 
3997 
4309 
10192 
2174 
7510 
407 
7244 
3271 
5455 
9645 
5306 
56 
6328 
2825 
10439 
3452 
2831 
8008 
1728 
5483 
7031 
243 
8751 
8899 
7378 
3811 
5863 
8742 
9391 
195 
1521 
7803 
4194 
3786 
10938 
6899 
4593 
8808 
3430 
517 
1272 
9097 
4429 
903 
9168 
580 
8140 
5883 
4312 
8637 
2814 
5446 
4087 
10312 
4774 
6960 
904 
5608 
4586 
6996 
8396 
4578 
8494 
1225 
1458 
5119 
534 
7365 
2019 
9382 
3248 
8289 
5921 
3793 
4235 
2081 
10749 
9886 
10021 
6446 
10930 
5046 
4080 
8706 
9222 
4329 
8116 
106 
5746 
9246 
1808 
7016 
10979 
9372 
944 
2542 
3056 
3886 
9814 
7193 
10569 
2878 
4699 
20 
405 
362 
2140 
8729 
2519 
7329 
10280 
9859 
140 
3485 
4486 
2977 
6510 
4443 
804 
7337 
9601 
10772 
5864 
6964 
9504 
222 
8357 
8961 
2807 
3223 
10085 
2230 
7077 
7282 
6777 
7947 
10589 
6884 
4207 
10797 
7012 
5738 
4116 
7358 
4067 
3157 
1836 
529 
8249 
879 
6372 
9411 
5096 
5657 
9453 
2945 
6135 
2906 
5833 
921 
10239 
10721 
9858 
3709 
10265 
2892 
6396 
3055 
10855 
700 
9977 
5589 
611 
9291 
3072 
8928 
4778 
6144 
1885 
886 
9469 
3028 
5756 
3928 
2061 
6148 
8254 
9757 
10616 
8057 
5797 
10920 
248 
439 
7529 
7397 
8489 
3843 
4759 
7962 
1593 
9408 
2555 
2865 
2933 
1388 
8822 
3615 
5412 
10179 
750 
3880 
6900 
833 
6209 
931 
10853 
10250 
374 
1419 
4467 
778 
5982 
4454 
8815 
8166 
412 
460 
647 
6297 
10292 
3041 
1007 
9769 
9245 
7951 
2148 
8365 
4722 
4950 
2621 
1677 
7251 
9209 
4020 
10533 
4026 
5303 
2792 
737 
7569 
6831 
2011 
1291 
295 
2701 
6012 
9584 
5810 
7190 
1735 
4561 
5734 
3993 
5582 
7698 
5070 
5475 
9116 
10423 
8521 
717 
10063 
1900 
9481 
8444 
1748 
9078 
6585 
4544 
6994 
183 
3316 
6084 
36 
4527 
5202 
9412 
428 
184 
6701 
8135 
5960 
888 
8999 
7559 
10077 
7200 
801 
495 
2548 
1673 
3359 
6743 
9186 
4463 
3455 
6590 
7543 
6626 
6711 
7707 
3549 
5174 
6082 
666 
5740 
5535 
6324 
1851 
6273 
2937 
5794 
4652 
780 
9803 
7867 
2236 
6630 
892 
5965 
5515 
950 
3740 
8051 
1758 
7221 
10896 
3545 
3026 
6856 
876 
4658 
10333 
7551 
6582 
511 
9346 
3256 
936 
6772 
594 
2257 
4636 
3622 
10566 
7116 
10277 
4939 
10395 
6422 
6745 
8599 
3830 
7447 
3650 
6160 
875 
2298 
5312 
10145 
4517 
7501 
9956 
2646 
4182 
8145 
7512 
1439 
527 
3391 
7553 
5224 
6794 
10745 
9358 
5314 
8903 
5456 
21 
10466 
2724 
3070 
10340 
8673 
4477 
10231 
2062 
6786 
3440 
2525 
8663 
5819 
6575 
8656 
1168 
8395 
9277 
63 
8440 
3090 
996 
10829 
3527 
5916 
10069 
200 
3679 
7778 
10841 
9848 
5984 
10927 
6399 
6547 
2703 
7204 
2712 
2768 
5701 
3718 
2156 
9547 
10481 
2395 
7634 
6085 
2562 
6203 
1632 
3318 
8126 
241 
2249 
9401 
1809 
10951 
9495 
6987 
5280 
8593 
5033 
1789 
10744 
6795 
6055 
5758 
8913 
5855 
9151 
8744 
2036 
5151 
6614 
10824 
3792 
5974 
3992 
5165 
24 
2431 
103 
7141 
10497 
4141 
8537 
8073 
7939 
6988 
1449 
2379 
1037 
4315 
10996 
10974 
7240 
922 
702 
9549 
5138 
8560 
5335 
8100 
10949 
2409 
4239 
5250 
7293 
5692 
7566 
10125 
6980 
9278 
2418 
4514 
1194 
2990 
9962 
8234 
858 
4062 
7907 
9200 
9154 
5748 
1232 
9673 
7451 
6708 
5229 
10386 
8201 
4407 
100 
4076 
8409 
4337 
4971 
7216 
7604 
3336 
5512 
6434 
1441 
2203 
6 
5980 
10086 
8575 
7595 
266 
8302 
8405 
6839 
10884 
1266 
3749 
8958 
8086 
328 
3661 
885 
6388 
766 
1447 
2597 
3627 
8411 
292 
3614 
6202 
3206 
617 
2344 
7415 
6976 
4301 
9594 
1038 
3985 
9199 
2744 
4324 
5108 
561 
4617 
1698 
8104 
1702 
6467 
6632 
10908 
4886 
5714 
9519 
322 
2227 
4801 
10153 
6607 
566 
4356 
43 
10374 
16 
5041 
2890 
10544 
389 
10483 
5666 
9821 
9751 
3963 
4098 
10656 
9696 
1108 
9109 
7715 
1790 
4176 
5784 
3456 
5337 
2918 
4921 
2332 
8796 
6682 
312 
9651 
4183 
2651 
1395 
1804 
10015 
8862 
7705 
8597 
9389 
9326 
5564 
3253 
8159 
9355 
9075 
4732 
4883 
9825 
1378 
5822 
1392 
9207 
5993 
7697 
5933 
4631 
10837 
5184 
7026 
101 
998 
8774 
1693 
8821 
5885 
7467 
1222 
3775 
2040 
10913 
7927 
7759 
3926 
8505 
3783 
10932 
5034 
6278 
8894 
8216 
3374 
10378 
1780 
9688 
8956 
10133 
8354 
10390 
123 
5757 
1316 
291 
2904 
6172 
5447 
3434 
6042 
10806 
1495 
8526 
3554 
6734 
8936 
9282 
10543 
3949 
548 
10572 
6722 
7151 
3874 
4630 
9841 
9805 
4184 
7714 
3377 
5333 
2658 
3488 
1650 
8670 
9303 
9511 
8387 
8823 
6371 
5917 
351 
8879 
1955 
2857 
373 
5327 
2204 
10940 
7745 
10240 
10332 
2153 
10662 
4507 
8525 
2859 
1206 
1669 
6212 
3937 
5577 
9754 
167 
1471 
3689 
3872 
7498 
8938 
1305 
4980 
10954 
9128 
4662 
8738 
3931 
1382 
9007 
723 
2054 
9784 
9294 
5347 
10305 
2683 
609 
10384 
4336 
9763 
8410 
7088 
6656 
8800 
5094 
2293 
8378 
3030 
2172 
9124 
3664 
5214 
10061 
5857 
10665 
8372 
9567 
10287 
946 
440 
10708 
3525 
7380 
9022 
5430 
2706 
4267 
7294 
1076 
2630 
7021 
3885 
3136 
2590 
9496 
4746 
8255 
3022 
646 
5728 
10115 
733 
7269 
2242 
187 
8129 
4091 
7766 
7662 
10756 
1368 
9893 
8589 
8640 
9896 
8442 
6752 
7546 
6639 
9736 
4931 
3816 
6966 
3417 
5511 
10394 
951 
1231 
264 
3389 
3569 
9461 
2762 
9283 
10173 
6401 
2149 
7254 
984 
7738 
6168 
1071 
4768 
8935 
2685 
10808 
1977 
8712 
3319 
3168 
4417 
7440 
2949 
3151 
2150 
1031 
3358 
10880 
9370 
2632 
7171 
3252 
7789 
4047 
2963 
6272 
7765 
4531 
1887 
8829 
822 
10670 
2526 
5776 
2303 
210 
9045 
9494 
2566 
5896 
8196 
7964 
3669 
7421 
6836 
9900 
2299 
10259 
1834 
10469 
8669 
10234 
5049 
3419 
7618 
2134 
6533 
4524 
3229 
5288 
7858 
3755 
6749 
8147 
7811 
1135 
2741 
3423 
4293 
997 
5695 
5848 
7570 
5276 
10971 
8902 
2836 
7325 
4005 
735 
9231 
1145 
10300 
10348 
9729 
10538 
688 
4066 
4476 
2279 
956 
251 
8644 
8708 
772 
664 
6959 
8213 
1468 
4787 
6319 
7521 
1636 
10807 
8836 
8224 
4836 
6668 
8498 
7563 
4582 
3631 
4541 
7111 
7413 
5964 
9582 
2283 
10982 
9762 
212 
7206 
8718 
5959 
10787 
6529 
3509 
7201 
3893 
9734 
9393 
1569 
7732 
9368 
8006 
4489 
819 
2719 
7669 
4004 
7504 
3673 
6345 
9332 
2162 
2625 
234 
8306 
3864 
7626 
3172 
6779 
155 
543 
6576 
10509 
1157 
7704 
4549 
1191 
8007 
5815 
5825 
4072 
9472 
3337 
2856 
3132 
2623 
1797 
1708 
1727 
5902 
9172 
9420 
3743 
8403 
10969 
7286 
10795 
3163 
2614 
558 
7873 
501 
9856 
2538 
6902 
98 
1227 
9605 
8714 
2812 
8606 
1299 
496 
10683 
2251 
7574 
3238 
6437 
4904 
7713 
3205 
7008 
9774 
4212 
9677 
9153 
941 
9539 
10434 
7428 
4317 
1629 
10350 
4820 
4539 
10602 
4637 
7430 
4052 
1029 
9926 
3480 
10233 
1028 
1958 
8929 
303 
6130 
5017 
7470 
8733 
8921 
7442 
9315 
9994 
8011 
995 
1404 
6296 
6679 
6058 
1296 
9179 
7022 
4612 
6813 
7495 
9930 
6311 
9025 
9542 
2940 
4678 
9700 
7196 
6285 
3073 
9486 
530 
5890 
2484 
3038 
9901 
2037 
6524 
865 
4437 
6821 
1166 
2059 
4607 
5592 
5809 
4858 
8781 
9480 
2554 
10854 
4430 
1241 
5659 
1822 
9219 
10517 
5125 
2491 
4712 
4611 
6095 
6370 
10863 
10730 
9269 
4790 
3706 
6103 
9706 
1787 
3558 
10578 
1528 
4304 
4319 
6271 
9404 
9622 
452 
1095 
22 
5914 
6275 
9731 
7641 
6155 
5230 
10018 
938 
6827 
516 
5012 
8180 
1889 
5712 
5028 
4201 
1979 
3147 
5549 
2102 
5445 
10262 
7389 
655 
5900 
7327 
4698 
10414 
601 
5826 
10228 
917 
8541 
8319 
8621 
3646 
2490 
10383 
6652 
6737 
2498 
3052 
4228 
3987 
639 
1400 
8264 
7610 
3925 
2067 
5362 
9239 
6797 
1212 
7888 
7523 
6286 
2388 
5904 
9685 
8503 
2025 
5352 
8507 
7494 
4934 
2962 
275 
1793 
10459 
4411 
10885 
2964 
5547 
6079 
1361 
8980 
1456 
5905 
4266 
4864 
5212 
2678 
493 
2406 
3995 
2905 
8412 
8 
6939 
1460 
7741 
9975 
10012 
3520 
2847 
5117 
9229 
4274 
3075 
8417 
5658 
5640 
8256 
3078 
8629 
9917 
1440 
8351 
5104 
10079 
3355 
3235 
2273 
6684 
2536 
725 
1492 
5849 
336 
8422 
8484 
5319 
3057 
1123 
15 
8579 
9426 
8441 
1016 
5946 
10438 
8558 
7855 
6688 
2363 
8485 
7979 
2805 
3066 
10702 
2197 
4166 
3862 
9165 
8983 
8993 
10919 
9578 
9487 
4605 
1464 
1888 
4252 
3583 
10935 
6287 
6949 
901 
8607 
8840 
9502 
6109 
6007 
9668 
6354 
5893 
3403 
5539 
5050 
1603 
8672 
3591 
391 
9583 
9852 
2355 
10480 
8449 
10227 
414 
4958 
219 
344 
787 
10327 
236 
8551 
2641 
2665 
7041 
5638 
8887 
10493 
2652 
5575 
136 
6657 
6694 
9923 
2938 
6075 
10095 
2501 
10298 
5581 
8544 
10463 
6094 
7360 
6403 
1681 
1899 
4697 
9655 
7674 
237 
3715 
7217 
2660 
7980 
8236 
246 
6013 
965 
3242 
6765 
9786 
7212 
10370 
6844 
4222 
5788 
482 
6991 
6033 
7311 
9347 
6115 
10734 
7874 
2430 
6986 
8750 
5146 
712 
2008 
4900 
7334 
2200 
3266 
7227 
10939 
6071 
8393 
6807 
10380 
5711 
3363 
9898 
4619 
9188 
5470 
1760 
9162 
3422 
9546 
10053 
9184 
8250 
2613 
6969 
8882 
5133 
5669 
3773 
1535 
4322 
5648 
4492 
5083 
5869 
2725 
10267 
3077 
5123 
2896 
10604 
7751 
2240 
1826 
3421 
10766 
1185 
8447 
6040 
9270 
7272 
2569 
3920 
10198 
8805 
4440 
10168 
7319 
513 
7612 
10110 
6128 
2327 
6526 
3431 
2587 
2353 
10570 
5673 
775 
1953 
6637 
6929 
3204 
5124 
5109 
2711 
5653 
8684 
5693 
7070 
4361 
1307 
2824 
2074 
6922 
3322 
1180 
2347 
1347 
8994 
9715 
5423 
4380 
6304 
9175 
3668 
6640 
1919 
4856 
4253 
3696 
10909 
6941 
9799 
668 
9735 
3572 
1164 
1595 
10376 
7489 
2535 
10026 
6165 
497 
1582 
6045 
9741 
2461 
9570 
6649 
8577 
1891 
7165 
7432 
734 
5654 
242 
9838 
7188 
5562 
9399 
8184 
2141 
6849 
9177 
3467 
853 
7775 
8240 
3922 
9105 
1351 
4853 
5089 
4285 
5120 
261 
330 
7123 
10141 
8373 
2547 
10815 
1263 
1377 
10296 
6664 
5687 
2721 
8471 
6631 
3592 
980 
7876 
3296 
4967 
6248 
6580 
6235 
7772 
3453 
4369 
7898 
6000 
2091 
10467 
1376 
8151 
294 
6073 
699 
8467 
7236 
7355 
861 
10108 
4117 
8568 
6207 
7918 
9410 
10016 
4092 
1022 
1529 
1940 
6402 
5709 
5428 
7848 
10023 
10364 
8055 
6559 
7958 
9557 
9077 
1672 
3839 
9060 
2044 
2611 
8677 
325 
6134 
2143 
6572 
6979 
756 
160 
4255 
10510 
1313 
6823 
3315 
2508 
7977 
4383 
5191 
7224 
1353 
5339 
6490 
10964 
1453 
1006 
5767 
10537 
5107 
10339 
5101 
7755 
9324 
2771 
5528 
4689 
3388 
5530 
5558 
10196 
759 
9767 
4691 
10777 
1086 
3324 
3293 
10827 
2628 
1840 
8922 
9397 
3732 
5632 
2238 
6420 
1928 
9314 
6518 
7827 
1405 
1109 
5457 
4346 
7499 
5963 
7590 
1762 
633 
1050 
3952 
5605 
3726 
1474 
1042 
2133 
6413 
7581 
7938 
7280 
6952 
1044 
8123 
2268 
7463 
5163 
10890 
8932 
1575 
2902 
3152 
276 
5122 
3823 
3251 
7899 
8042 
10943 
6309 
9899 
6536 
1761 
2164 
5279 
7309 
7353 
1726 
7650 
2065 
3411 
1512 
4535 
10740 
2638 
6069 
8426 
1220 
1552 
2058 
6163 
4178 
3542 
8630 
5830 
2755 
4398 
10997 
9086 
8905 
3752 
3879 
7275 
10071 
9634 
1264 
8004 
7367 
704 
854 
9885 
6384 
6762 
8130 
2563 
4594 
10428 
798 
774 
8141 
4330 
9132 
5263 
413 
5954 
9064 
8061 
1996 
9957 
1586 
445 
3406 
10598 
3597 
6132 
10404 
1409 
10587 
7486 
2782 
5349 
8205 
7174 
3754 
10763 
2014 
9964 
6569 
1752 
9054 
5438 
9385 
8991 
2874 
9948 
5996 
1397 
8421 
6274 
5529 
2098 
3616 
2462 
10991 
5615 
4384 
5252 
4860 
1981 
4709 
6411 
7083 
8946 
3460 
10416 
8265 
9258 
3686 
5813 
3034 
9087 
5474 
536 
627 
2213 
177 
5134 
9793 
8981 
6914 
2723 
8401 
8425 
5427 
1248 
3227 
6670 
9955 
8816 
3226 
8780 
8324 
3491 
9866 
4653 
6546 
7518 
9658 
10948 
6183 
1739 
6923 
9136 
4520 
579 
6589 
1814 
3753 
3083 
6500 
3756 
3387 
1652 
2154 
10622 
7033 
10315 
2432 
8186 
7222 
4877 
786 
7351 
5681 
10747 
3670 
6627 
2416 
4643 
8399 
6720 
6787 
10299 
7558 
9675 
2294 
9464 
8736 
2626 
10839 
8377 
6520 
9596 
4923 
8332 
4441 
1747 
8337 
9806 
10096 
9049 
3443 
3983 
5140 
6276 
8617 
5467 
3890 
5325 
1070 
5404 
8127 
430 
9257 
10025 
6840 
1770 
5420 
10813 
429 
1063 
10075 
2833 
4690 
6928 
8878 
3436 
1144 
1725 
10917 
9728 
3714 
54 
2684 
6104 
2047 
1417 
2779 
1515 
551 
7832 
7914 
8257 
10005 
6584 
3119 
3273 
1167 
5408 
10553 
10275 
9243 
3267 
7138 
7859 
3918 
3429 
10765 
3576 
3096 
4565 
6753 
1644 
6862 
10562 
10911 
3713 
1831 
953 
1949 
5958 
7670 
3553 
7613 
2592 
966 
6931 
11 
4505 
8431 
4824 
5846 
9520 
7078 
5340 
1615 
9687 
522 
5413 
1189 
9588 
10492 
4794 
9069 
7185 
6041 
9558 
2117 
8687 
1159 
3104 
10118 
7921 
6693 
9997 
402 
7758 
3044 
1099 
9575 
9023 
4391 
1381 
2585 
9710 
5421 
404 
4676 
499 
5956 
10218 
4081 
10104 
10657 
7666 
7172 
4789 
1370 
1649 
3232 
1741 
8651 
8132 
5332 
2075 
5858 
9846 
4695 
10872 
1432 
10755 
4442 
2616 
5898 
385 
10903 
3557 
3087 
1745 
4752 
3840 
2570 
7896 
988 
2136 
8685 
1522 
10022 
9764 
2841 
33 
8345 
8904 
1957 
6241 
1169 
3902 
8107 
3178 
7056 
9206 
7464 
10632 
9316 
8535 
4576 
5882 
8732 
5513 
9535 
4471 
1061 
4394 
3300 
1176 
5246 
8419 
314 
4688 
10408 
2882 
5521 
9633 
9566 
3916 
3848 
9951 
1390 
5067 
1087 
593 
7009 
2135 
9562 
1190 
10748 
8174 
5817 
1118 
5929 
4421 
10482 
6542 
2330 
5189 
4948 
4537 
3768 
7375 
8305 
3815 
2417 
1280 
5886 
417 
6405 
8483 
1620 
7419 
10804 
7357 
2693 
6065 
9888 
3921 
6027 
10143 
7147 
472 
10563 
23 
1612 
782 
5071 
9394 
9748 
2958 
7573 
7342 
5544 
9589 
4035 
1516 
65 
1830 
3958 
1112 
3383 
9853 
392 
4461 
8614 
9518 
353 
19 
7079 
5035 
6497 
8113 
7399 
9376 
1599 
6227 
926 
7341 
10973 
4202 
5283 
1258 
3125 
9723 
3164 
3097 
1823 
5442 
5293 
4926 
3802 
5296 
3571 
6242 
5540 
5015 
9182 
7426 
79 
10113 
3869 
1764 
6995 
119 
9709 
9306 
8802 
6760 
3610 
5957 
1298 
1879 
5664 
6820 
10580 
3175 
5219 
8241 
6406 
9829 
10633 
2235 
3531 
2178 
7268 
5025 
6192 
8594 
8407 
785 
8189 
7596 
5953 
6907 
10773 
2259 
3428 
5715 
7736 
3048 
8748 
1082 
268 
1959 
8379 
881 
1812 
8898 
6940 
7794 
1242 
3721 
7810 
8646 
9309 
2968 
7320 
146 
4288 
1321 
8881 
7299 
8154 
8050 
3408 
761 
8739 
3566 
4259 
10508 
6228 
7427 
2930 
279 
1773 
909 
4112 
7456 
10324 
5671 
7992 
2441 
7377 
6336 
4651 
3092 
5691 
1149 
6474 
10554 
10511 
7934 
5079 
8270 
10862 
466 
10983 
4750 
549 
8864 
4008 
4508 
7550 
10008 
8950 
3579 
3394 
2396 
3362 
147 
7028 
843 
9043 
9249 
3806 
2546 
9015 
8090 
2500 
10066 
1538 
9612 
9691 
1820 
7246 
105 
7145 
3000 
6773 
5612 
8085 
2389 
2453 
50 
3917 
2556 
556 
158 
4510 
8227 
5131 
7652 
3420 
4102 
1915 
4095 
3881 
9281 
9058 
9098 
4528 
3071 
339 
1032 
5275 
2123 
2439 
9521 
2770 
773 
5948 
1626 
3588 
1259 
3820 
514 
4595 
1385 
4272 
10360 
8366 
6971 
4352 
10585 
335 
1905 
7955 
6578 
1179 
5149 
3282 
6339 
7483 
8628 
1694 
9827 
9356 
8335 
1655 
3707 
3936 
4734 
6736 
6392 
5514 
6002 
10094 
10870 
8893 
8455 
6393 
8476 
1763 
6298 
4447 
6492 
7359 
2305 
1454 
3979 
1030 
1548 
4845 
58 
10313 
9674 
8177 
3210 
5573 
8804 
9013 
8513 
3507 
5176 
5418 
6537 
1249 
5181 
1156 
6292 
7270 
1246 
4585 
4017 
5300 
6725 
8453 
3283 
990 
6465 
6623 
2295 
9343 
3814 
4070 
10495 
8954 
7348 
9794 
9822 
7242 
181 
3047 
572 
1141 
6190 
2819 
8263 
384 
2674 
2943 
8016 
4777 
5495 
3176 
7908 
2375 
7036 
2888 
9695 
10323 
30 
130 
1282 
564 
9895 
4731 
8161 
8608 
6036 
4786 
9804 
1147 
10686 
7728 
6697 
3065 
10013 
2228 
6834 
6565 
8432 
9976 
4385 
3106 
10382 
5088 
7963 
635 
7961 
6223 
8214 
5766 
10009 
6244 
9721 
3054 
7690 
5009 
3513 
1572 
7534 
9445 
3462 
684 
3432 
4783 
2603 
1640 
8557 
2886 
3261 
1674 
10610 
1709 
8106 
7187 
2152 
10741 
4702 
6891 
3010 
1384 
2318 
3327 
2489 
9194 
1277 
4741 
4374 
8856 
10488 
3515 
44 
9585 
4884 
5951 
4532 
9870 
2980 
134 
5078 
5937 
323 
2121 
3463 
2345 
8162 
7313 
8841 
6568 
8947 
789 
8381 
9839 
4571 
5113 
10718 
9694 
6360 
10181 
1430 
5396 
9422 
2823 
2680 
8060 
2565 
8770 
7130 
10715 
7834 
1895 
6706 
9117 
9003 
1148 
6587 
6869 
7105 
5178 
7852 
5156 
332 
7879 
862 
10359 
8675 
257 
4393 
10178 
1115 
1411 
8799 
4167 
5054 
1142 
6998 
9712 
3546 
3146 
5789 
7318 
4021 
5436 
5105 
6509 
3008 
9528 
612 
1106 
3504 
8926 
6218 
2314 
3381 
8191 
5061 
2537 
308 
10199 
2234 
9213 
1807 
3425 
10561 
2914 
7655 
697 
1924 
6365 
7522 
4077 
9031 
5313 
1229 
3236 
10058 
5556 
4915 
3559 
5129 
4241 
2781 
1074 
8035 
319 
2600 
7253 
5001 
4217 
10941 
4147 
660 
6306 
8439 
7297 
10255 
2472 
3291 
1894 
1648 
5785 
5841 
1004 
7231 
7607 
6264 
9927 
1921 
8349 
9169 
10155 
589 
5574 
10425 
3397 
2811 
9489 
1274 
7362 
10955 
4799 
4909 
3722 
6195 
6691 
874 
8369 
8543 
7152 
6841 
8555 
9458 
1245 
3139 
1213 
3114 
5267 
3469 
7675 
2675 
2973 
5128 
115 
6359 
4906 
8842 
8914 
1927 
10064 
7779 
1250 
5193 
2929 
8136 
2110 
109 
2679 
9337 
4279 
3888 
5614 
6381 
4863 
3682 
8470 
9221 
6316 
6049 
1937 
2106 
5365 
9795 
4204 
3255 
10576 
2634 
6948 
1200 
5844 
7572 
643 
4334 
1951 
10465 
2361 
4016 
7002 
10039 
2209 
8668 
1922 
8413 
1069 
3321 
2020 
2709 
313 
1314 
4874 
6289 
1994 
9198 
6349 
3941 
2840 
6612 
7136 
4260 
6499 
1408 
6080 
6044 
1627 
4645 
9477 
6421 
7525 
8014 
6897 
5947 
5472 
884 
616 
5945 
10344 
9011 
3449 
7677 
8726 
8782 
10426 
6705 
5571 
505 
10771 
659 
9874 
4339 
7256 
4574 
10487 
523 
1131 
6496 
2189 
9402 
8012 
8034 
447 
4966 
5148 
4992 
5697 
10193 
5161 
7265 
598 
228 
1749 
7162 
4911 
10900 
2419 
231 
3804 
5915 
9008 
1774 
5690 
38 
6162 
3496 
6452 
10567 
7335 
6628 
7081 
2732 
7211 
4396 
5727 
6019 
6515 
4957 
10205 
9300 
4050 
10068 
7132 
9845 
604 
9259 
5791 
7696 
6259 
4121 
4148 
3306 
8003 
8359 
6418 
333 
1779 
9196 
2515 
4382 
1947 
7332 
2000 
5493 
9152 
820 
2727 
799 
7554 
5058 
4473 
9240 
8019 
10565 
4751 
6342 
8892 
2362 
3361 
4209 
9883 
8371 
4149 
1541 
6735 
5799 
3613 
316 
400 
5297 
8689 
10116 
7870 
18 
2802 
4013 
4866 
3717 
2232 
10289 
6586 
7237 
3404 
4420 
7836 
6351 
2921 
4214 
10098 
6625 
7631 
9195 
4545 
4242 
3577 
4358 
4101 
7474 
343 
99 
8093 
691 
8391 
3137 
4672 
3339 
9322 
816 
3476 
6101 
4995 
5208 
5232 
4665 
2031 
4638 
10835 
6882 
9019 
1992 
9062 
3535 
2617 
5008 
8671 
2119 
6284 
4654 
9360 
3158 
3127 
4754 
638 
1375 
6282 
3870 
1445 
10452 
5328 
5689 
844 
5995 
10486 
7727 
9832 
7750 
6398 
10167 
4793 
781 
9439 
3346 
3829 
8112 
9717 
5217 
118 
148 
6214 
8069 
1090 
8428 
6216 
7719 
2398 
142 
6061 
3313 
8048 
547 
7406 
9074 
10784 
8285 
9068 
3543 
8766 
5850 
2333 
6408 
1765 
8749 
5624 
3433 
1027 
5684 
784 
6358 
9664 
6699 
3607 
4764 
61 
2352 
2577 
9747 
4729 
1507 
10630 
6346 
6739 
2735 
8616 
8754 
6832 
7067 
9202 
3275 
8273 
8118 
6507 
6878 
10076 
9119 
2787 
409 
3611 
3051 
1487 
5747 
5004 
10223 
9871 
2212 
7630 
3913 
2481 
10648 
10921 
9350 
7349 
9497 
10798 
10848 
7941 
10856 
4728 
7844 
9847 
7063 
9560 
5369 
4970 
8951 
1798 
6539 
672 
8114 
10238 
10596 
1883 
736 
8301 
5341 
538 
1737 
9041 
9881 
5469 
5228 
3032 
10620 
2903 
4287 
9374 
7148 
1545 
971 
5942 
2861 
10318 
1084 
6855 
1 
479 
7048 
10668 
7644 
2539 
249 
732 
6263 
3165 
3481 
3398 
7542 
5357 
3599 
7807 
949 
10032 
5665 
1267 
2509 
2736 
10541 
1260 
6498 
5805 
4821 
9565 
209 
5233 
7411 
8943 
4143 
6925 
2147 
5739 
4788 
6483 
3254 
5717 
8832 
8863 
3865 
464 
10180 
3781 
8975 
4890 
3898 
5215 
4320 
630 
9903 
5471 
6357 
5617 
149 
6791 
5406 
10347 
10160 
9946 
1494 
6613 
6566 
4529 
8408 
1551 
8715 
10671 
10484 
2997 
9894 
10041 
423 
1045 
5705 
5336 
6506 
805 
4387 
4390 
5572 
10377 
2932 
10090 
4402 
662 
10464 
3860 
5585 
9800 
8111 
1244 
2813 
9325 
5802 
4451 
9493 
7064 
8600 
10980 
7856 
3933 
1427 
3801 
4596 
4211 
847 
9321 
9942 
8682 
963 
1813 
5220 
6237 
10584 
8908 
5903 
509 
3875 
1196 
9912 
3634 
5011 
9861 
5749 
10812 
9167 
8734 
1868 
7159 
7949 
7454 
422 
9500 
1867 
4735 
4930 
4726 
1890 
5667 
2410 
288 
7577 
10355 
10556 
5814 
2360 
7507 
10659 
10666 
2276 
8768 
8328 
7054 
4614 
9968 
8433 
10752 
895 
2169 
5494 
1431 
1508 
2470 
9713 
5808 
642 
2754 
9012 
6141 
1491 
4039 
1097 
10770 
933 
9704 
7149 
6025 
7155 
1322 
1020 
7075 
5315 
6229 
2401 
1721 
5419 
9037 
8756 
7791 
8923 
7903 
10047 
3109 
6473 
6792 
2122 
3395 
8208 
1101 
8897 
6548 
5424 
5525 
7922 
10065 
3687 
2671 
4608 
4084 
6894 
9498 
2328 
7734 
5541 
1688 
9454 
10171 
5566 
6724 
4727 
5706 
7721 
1661 
9092 
8429 
1483 
10054 
6348 
10200 
6514 
2101 
31 
1207 
7372 
4057 
7843 
3288 
2088 
10729 
3861 
7295 
480 
10056 
10600 
9449 
463 
9983 
5000 
893 
10690 
1555 
5207 
993 
6225 
10248 
9090 
10519 
9777 
10335 
4162 
5795 
2157 
3502 
2118 
5743 
6185 
4226 
10898 
3871 
4156 
5172 
3767 
1120 
9904 
8730 
4954 
1734 
49 
6038 
1216 
2830 
10270 
10067 
2348 
6093 
6251 
2077 
1334 
1597 
7592 
9638 
7651 
6170 
1914 
10680 
72 
5077 
8911 
1904 
10871 
3427 
125 
10456 
6785 
468 
5912 
1098 
8716 
3942 
7368 
8020 
2549 
4142 
2845 
192 
3089 
5292 
9273 
10457 
4370 
3844 
7469 
10030 
4041 
9726 
5072 
484 
6531 
7945 
10427 
3350 
10617 
7417 
8152 
5218 
10225 
10857 
9155 
6782 
6916 
11000 
4245 
2873 
4953 
2895 
449 
7585 
1383 
6423 
5647 
3478 
8915 
7140 
7587 
9969 
8286 
1781 
7491 
3444 
7108 
4163 
5095 
3852 
7877 
4504 
4311 
6003 
5237 
306 
8287 
4139 
378 
8654 
7894 
129 
1261 
10099 
5828 
6088 
2789 
5363 
5548 
5928 
3612 
6741 
10500 
1072 
1482 
5498 
6676 
9725 
4051 
3335 
7347 
2387 
5055 
9450 
4124 
8458 
3719 
4826 
2241 
5719 
10494 
4815 
5798 
7032 
9130 
8965 
10441 
8578 
2447 
2218 
2887 
3609 
4600 
9304 
3435 
2731 
9689 
670 
4495 
191 
1558 
8168 
587 
5060 
4282 
5507 
6817 
724 
1972 
4474 
2256 
3758 
525 
7826 
1281 
4628 
8868 
2412 
10738 
1304 
3935 
6412 
10696 
5604 
5713 
6915 
3608 
2408 
9357 
442 
470 
813 
376 
1590 
6254 
9361 
9810 
4431 
1801 
9118 
7823 
7986 
5895 
8538 
770 
1093 
7065 
10664 
9650 
4448 
1240 
10967 
9613 
6034 
2669 
6046 
5790 
2378 
6281 
7538 
9779 
8457 
4172 
4362 
9812 
3333 
8797 
6953 
2487 
5804 
4681 
6689 
5182 
74 
706 
365 
8647 
8336 
1862 
686 
4031 
2582 
6062 
5981 
606 
9354 
7243 
3967 
5744 
6731 
8761 
3678 
1394 
9114 
10904 
2796 
2469 
6970 
10496 
9544 
5783 
10550 
3001 
7029 
7990 
7112 
10916 
2952 
9484 
2188 
10073 
4580 
1060 
8858 
4557 
8045 
5597 
9652 
3024 
2392 
9842 
2317 
10705 
9447 
7266 
8063 
1530 
620 
5399 
10918 
6240 
6687 
8167 
6201 
5020 
1057 
9051 
1012 
6458 
461 
898 
2835 
1936 
1692 
10307 
2875 
7160 
7459 
7537 
9826 
10966 
10516 
133 
586 
3633 
10945 
2272 
1517 
5190 
2313 
7764 
6564 
5116 
4208 
3887 
8861 
6463 
8620 
2018 
7354 
5865 
8931 
9643 
459 
983 
4552 
3129 
1736 
8344 
6470 
6549 
7257 
5970 
3914 
6540 
6451 
743 
1584 
10869 
6643 
791 
197 
3441 
9492 
490 
573 
8758 
1273 
4058 
1608 
4666 
3882 
9978 
2306 
6837 
5646 
7970 
2265 
8010 
2605 
2367 
8252 
5831 
3812 
6557 
3824 
6924 
434 
6057 
4706 
273 
9661 
4667 
7018 
8960 
5295 
67 
4925 
85 
3039 
3382 
5940 
3185 
7386 
8872 
357 
2820 
1443 
4975 
256 
9340 
10790 
8182 
7057 
4955 
1472 
6445 
4994 
7370 
1465 
9094 
3984 
1066 
8891 
4500 
7460 
8406 
654 
897 
3959 
3728 
6182 
3600 
9831 
2794 
1256 
3619 
8984 
1396 
10860 
5358 
9432 
7093 
8398 
5487 
10319 
77 
540 
5504 
7376 
4775 
4023 
5135 
3027 
2220 
5141 
2620 
8763 
8627 
3745 
4960 
10595 
631 
8460 
9459 
7086 
4649 
10261 
8948 
3287 
9242 
10308 
10221 
2648 
8854 
8828 
9568 
5619 
8986 
7119 
298 
117 
3821 
2111 
7481 
5366 
6860 
10505 
562 
3307 
1484 
10132 
5754 
310 
9076 
4543 
382 
1065 
9366 
4354 
2899 
5359 
7339 
3023 
3228 
5099 
1683 
7345 
1594 
3989 
6032 
5302 
3216 
3517 
7932 
10297 
8235 
6629 
10959 
4206 
9287 
1493 
1581 
5887 
2137 
5680 
5499 
9390 
6233 
5481 
8605 
3653 
1966 
379 
3736 
2922 
7168 
3723 
1329 
2369 
1513 
7829 
2010 
4496 
2757 
1733 
9066 
4976 
3193 
10429 
6802 
5505 
8185 
9603 
4733 
6164 
8146 
4991 
667 
9384 
4392 
2552 
4993 
1005 
7220 
7817 
1991 
4715 
1094 
5555 
7144 
1302 
7723 
8058 
9375 
1916 
4977 
4012 
5414 
7210 
4573 
8032 
10105 
1800 
7818 
3262 
4889 
942 
6906 
9759 
10641 
1457 
6394 
7249 
8303 
1422 
9718 
10599 
2955 
2474 
7952 
974 
6997 
3647 
1114 
9319 
4538 
10148 
7648 
964 
8920 
7034 
5500 
8625 
69 
3414 
4501 
4094 
2747 
9107 
8210 
1352 
9750 
8246 
2855 
1574 
2258 
4802 
9808 
9919 
3787 
7102 
3003 
6145 
5401 
5459 
10594 
7733 
9928 
10866 
1091 
5239 
8322 
7691 
8385 
5999 
8176 
1526 
8309 
2128 
1133 
3245 
5643 
4718 
4043 
2450 
10295 
7603 
9057 
3133 
695 
730 
446 
6335 
1537 
2475 
902 
6719 
10114 
7250 
9305 
3603 
10605 
7515 
1713 
10534 
10284 
10661 
9146 
8230 
2043 
5636 
4621 
1641 
4415 
6066 
9292 
10575 
5223 
7503 
2734 
7661 
1610 
5400 
9232 
2976 
10901 
7619 
8368 
9233 
5803 
4345 
1549 
1111 
10281 
10793 
2429 
5908 
10222 
7161 
5997 
9922 
2301 
8859 
607 
3396 
5486 
840 
510 
5508 
6478 
6028 
3809 
10050 
7562 
10151 
7225 
3943 
3900 
705 
6881 
8088 
88 
9248 
10624 
8907 
4111 
2066 
4965 
2654 
1278 
6326 
4397 
4321 
6129 
6485 
3973 
4805 
10310 
8912 
9149 
4484 
3259 
7177 
718 
3818 
7449 
10254 
4560 
2653 
5291 
7027 
8924 
3573 
3021 
3677 
8837 
6364 
4388 
1496 
2618 
3323 
10984 
2506 
366 
6961 
6329 
1177 
10546 
2308 
9108 
2533 
5753 
9173 
2260 
4089 
3198 
2589 
7381 
9189 
4218 
5282 
7007 
9417 
1420 
8604 
9425 
6117 
2126 
2756 
3975 
5918 
3516 
10800 
9053 
9986 
4373 
8624 
3260 
1075 
5821 
2717 
5407 
1990 
7098 
3692 
739 
6758 
3636 
3439 
3117 
4367 
6870 
2987 
431 
7229 
7773 
8787 
4278 
2947 
2464 
8326 
6665 
3731 
5879 
2612 
7255 
8192 
871 
9640 
2615 
153 
4670 
8278 
6494 
4439 
3524 
10074 
1539 
10140 
1756 
3202 
1864 
1570 
3493 
5247 
1783 
10187 
962 
8364 
6030 
5620 
6265 
8974 
597 
6018 
5154 
7544 
1929 
8556 
1858 
10864 
6848 
9446 
943 
10688 
3847 
8727 
2376 
5919 
9811 
6317 
9409 
6750 
658 
8139 
8495 
10028 
6748 
2939 
1152 
8493 
5931 
4479 
2034 
10527 
5599 
10733 
4365 
8635 
663 
1247 
9644 
7409 
645 
5755 
6404 
6704 
3219 
687 
252 
8226 
4553 
9298 
47 
9833 
4469 
1945 
2752 
10540 
7300 
10138 
6599 
8087 
10613 
10689 
9745 
10528 
1810 
6809 
1835 
8953 
2192 
491 
1309 
10504 
1079 
10593 
6414 
4882 
3738 
8228 
6776 
10366 
1531 
10256 
6945 
1506 
982 
4262 
10365 
4360 
4060 
4952 
10188 
4019 
9662 
10100 
5234 
3982 
5730 
6808 
1275 
10703 
7110 
8089 
10097 
4730 
4456 
6116 
1387 
8520 
9085 
2035 
2619 
1473 
1980 
6198 
7800 
9073 
9378 
2226 
4641 
3697 
10269 
7310 
3064 
9056 
8054 
6889 
3069 
8722 
8438 
3263 
1998 
7361 
8769 
5023 
8314 
10204 
1533 
2900 
9106 
5222 
3644 
8662 
10552 
7854 
2992 
6206 
4825 
3626 
2239 
3846 
6858 
1794 
9815 
7514 
7238 
285 
51 
4625 
2870 
10816 
9435 
851 
6448 
10454 
1096 
1578 
3276 
2309 
3128 
3748 
5343 
7645 
9791 
7497 
4191 
3095 
7731 
3269 
5610 
10479 
5854 
5074 
939 
2463 
9440 
6156 
6409 
9267 
1199 
555 
2428 
6530 
10625 
4990 
5509 
2659 
7215 
3243 
3249 
10761 
8361 
10217 
2341 
4134 
182 
5179 
224 
9656 
5534 
9629 
10451 
3842 
8267 
4381 
9380 
10751 
8070 
1767 
1161 
2029 
7892 
1462 
9038 
6769 
9415 
9285 
4785 
7978 
2541 
10892 
10237 
8496 
10915 
7560 
39 
7649 
8798 
4707 
1371 
1614 
10637 
2557 
9705 
7000 
6107 
8223 
8972 
3994 
7989 
7586 
9170 
6191 
3521 
1869 
4015 
4444 
4379 
5763 
4781 
2403 
9428 
6936 
7620 
6379 
5118 
4518 
9217 
9581 
3448 
5741 
8704 
10210 
107 
6295 
296 
4683 
10851 
1941 
8549 
280 
1364 
7835 
6669 
8456 
2338 
3286 
5768 
2848 
4566 
1876 
4065 
2373 
3674 
2063 
1714 
1912 
8753 
7023 
3166 
1187 
2561 
10993 
10627 
1717 
4922 
6513 
4414 
8053 
767 
4704 
991 
560 
8545 
3533 
1897 
2513 
914 
397 
2270 
10655 
10135 
2822 
3437 
7350 
8119 
2927 
10699 
10035 
4841 
2177 
5661 
9431 
3762 
8110 
6457 
629 
1968 
4340 
4290 
8021 
4221 
90 
7071 
8523 
4551 
8327 
9683 
9577 
2071 
6933 
10391 
9341 
10638 
2423 
4696 
8134 
4808 
896 
225 
4273 
6180 
433 
9110 
7179 
3018 
8037 
1543 
4144 
10430 
7164 
2421 
860 
9002 
4838 
3279 
7114 
6417 
3587 
7 
9424 
1841 
692 
2343 
9918 
154 
583 
740 
5780 
2479 
6245 
6482 
7059 
3863 
5576 
8103 
10547 
8353 
994 
6712 
1600 
10628 
7281 
8652 
2821 
8190 
6277 
6570 
7615 
7513 
8873 
2809 
9732 
8416 
6863 
5836 
6653 
6535 
5745 
1952 
4110 
3342 
731 
9681 
8511 
5272 
3656 
4466 
8833 
3555 
1723 
3272 
3033 
10472 
7394 
8867 
6895 
7654 
1490 
2715 
186 
6230 
8261 
10201 
9665 
3940 
9237 
10992 
9960 
9488 
10392 
954 
7638 
4034 
2877 
9334 
5501 
3988 
10828 
694 
4598 
8683 
10673 
1503 
3334 
8554 
10579 
7642 
999 
7455 
2673 
4155 
800 
211 
5645 
9830 
1342 
3405 
10986 
2677 
4125 
5465 
2780 
9490 
3945 
2574 
10357 
2842 
8576 
1518 
8443 
263 
29 
2635 
9071 
9641 
9561 
2310 
8245 
1647 
9766 
3675 
5793 
603 
9938 
1853 
5170 
4215 
3007 
6846 
3912 
716 
2584 
8976 
6905 
94 
9476 
7465 
4682 
6064 
924 
8462 
2201 
3570 
7924 
9201 
6781 
3960 
8765 
665 
1140 
3822 
4899 
2790 
2885 
9623 
5992 
6675 
2070 
855 
4146 
9509 
10309 
1910 
6260 
8793 
6427 
1918 
9914 
6876 
7703 
5021 
4128 
9159 
6818 
487 
10910 
7097 
375 
2493 
10692 
6374 
5137 
10818 
8820 
3567 
1348 
1969 
7790 
7850 
6756 
4710 
2255 
4613 
10387 
5851 
5324 
9947 
9166 
2050 
2076 
6874 
6159 
2173 
9421 
6385 
900 
8870 
7623 
836 
7053 
6826 
1218 
829 
9284 
5431 
2038 
6377 
6462 
9203 
3102 
8562 
6778 
4713 
8762 
9937 
5987 
7113 
9627 
10159 
3239 
7424 
1731 
2124 
8869 
8158 
1255 
6967 
3751 
7831 
9989 
8728 
6106 
1067 
1380 
8143 
3384 
4742 
10119 
477 
7629 
588 
6859 
9475 
3332 
4006 
7364 
9523 
377 
2516 
10889 
2026 
7792 
5679 
81 
4961 
4848 
863 
6742 
1938 
3901 
3025 
4335 
4313 
4107 
8595 
8791 
3788 
5634 
512 
3560 
8934 
3503 
5192 
9039 
9967 
2996 
9828 
8824 
10998 
2668 
8482 
5901 
744 
2335 
7166 
9935 
7730 
4332 
9943 
9491 
4515 
10902 
6824 
6249 
8937 
2366 
913 
2649 
10294 
968 
8825 
7024 
10460 
6700 
2575 
1817 
8415 
8200 
8735 
120 
3892 
1645 
1128 
10245 
3345 
7228 
6481 
3528 
9576 
10700 
3082 
5910 
2364 
8479 
1604 
929 
5522 
10385 
9621 
2319 
5187 
4659 
7814 
8997 
748 
3757 
8522 
8694 
488 
3122 
10437 
2186 
4161 
5725 
10444 
6709 
8124 
9965 
7017 
6466 
8659 
10868 
10420 
2466 
5166 
894 
7502 
2243 
2881 
3338 
4292 
3655 
9018 
2640 
9626 
4464 
1776 
4947 
6441 
2889 
7583 
253 
5437 
8527 
10611 
7273 
10631 
7975 
5197 
9158 
9959 
5130 
1122 
9854 
10926 
411 
2404 
6005 
2694 
6430 
4893 
5236 
2746 
2986 
9050 
10177 
9531 
4760 
590 
3101 
321 
857 
967 
9840 
10581 
5786 
8233 
3091 
395 
1451 
7234 
78 
8638 
6303 
1961 
9134 
7872 
8803 
4137 
8271 
10157 
6943 
7277 
4325 
3956 
6992 
8005 
1743 
4248 
1469 
6642 
8570 
5650 
1828 
1295 
657 
9646 
1775 
4570 
10290 
2695 
9877 
1738 
3182 
10931 
10792 
10447 
7473 
2676 
2437 
3142 
5206 
260 
3904 
4014 
3290 
8540 
5449 
4408 
1175 
746 
6415 
5381 
7993 
10588 
10592 
2023 
4968 
7822 
7412 
10397 
6270 
4646 
7965 
9363 
8510 
2868 
9891 
168 
6268 
9616 
3043 
3347 
9514 
7812 
9920 
4246 
8164 
1324 
10112 
2297 
9659 
4350 
6009 
10606 
270 
6890 
247 
3511 
3895 
2708 
4661 
10830 
832 
5127 
8519 
2560 
2862 
4855 
1871 
10449 
8122 
4478 
8809 
8895 
1317 
347 
10535 
6158 
6636 
4099 
1214 
3445 
3704 
7336 
2473 
6650 
10209 
7484 
5195 
8779 
7931 
7235 
10019 
10651 
7496 
755 
2672 
10317 
1182 
9598 
10336 
8363 
9785 
9279 
7127 
1294 
2496 
8463 
6543 
3930 
8632 
8148 
4405 
5633 
2322 
576 
8917 
6645 
53 
7039 
5737 
5655 
5167 
812 
2064 
8760 
4779 
5198 
5309 
1983 
1292 
2252 
5158 
7664 
3596 
7094 
8508 
978 
4716 
5005 
9126 
10020 
2863 
4686 
4703 
10070 
5098 
10334 
2704 
6955 
7030 
6896 
9545 
5708 
4811 
9637 
7519 
5517 
10524 
8853 
6197 
5226 
1337 
5543 
6226 
5729 
5159 
8133 
6267 
4956 
7186 
7930 
5188 
350 
4283 
3835 
9211 
3450 
6291 
4054 
2860 
5258 
4721 
9223 
661 
230 
10960 
738 
9342 
976 
10072 
7762 
7181 
2002 
8990 
2374 
5171 
9550 
8009 
1662 
1154 
282 
1637 
1434 
8884 
689 
2948 
6942 
2774 
3637 
880 
7344 
4756 
6579 
6136 
5169 
4807 
742 
2359 
9503 
7722 
4499 
1080 
6864 
7369 
10165 
267 
937 
1911 
9381 
2108 
918 
9526 
68 
3186 
2773 
2219 
8692 
1715 
4300 
5039 
8400 
8772 
250 
5779 
489 
6350 
441 
1534 
3884 
9787 
3841 
3123 
2720 
3308 
7956 
8001 
5635 
5962 
10802 
10322 
989 
6678 
9265 
6077 
3908 
10271 
6803 
7849 
7011 
5983 
6667 
9448 
7678 
8392 
5877 
5613 
2316 
5112 
7740 
1782 
6984 
5527 
1209 
831 
2085 
528 
9193 
4227 
6181 
265 
3181 
571 
4028 
3289 
6352 
1720 
7556 
3145 
8338 
9653 
3005 
3068 
8079 
10006 
8633 
1696 
1497 
6766 
5329 
5698 
455 
10877 
4951 
9981 
6435 
4564 
7763 
7982 
5111 
2624 
421 
3905 
5394 
6710 
1315 
7439 
7506 
3167 
6796 
1193 
5371 
9250 
2084 
10083 
4736 
10264 
3968 
2247 
4487 
8251 
4587 
2415 
8676 
9214 
5063 
575 
274 
5726 
8026 
6854 
2254 
1786 
8404 
3500 
2483 
9961 
10175 
613 
7567 
4237 
8160 
10139 
5626 
10512 
6476 
2482 
2778 
7886 
4512 
3211 
9044 
8492 
10962 
5990 
5955 
1173 
342 
6454 
161 
1554 
584 
7857 
6875 
2829 
9150 
10525 
8919 
2007 
28 
9813 
1326 
4079 
9048 
4985 
3234 
5911 
9139 
2116 
9499 
462 
4277 
7880 
5395 
8473 
624 
269 
4033 
3795 
1719 
7287 
2095 
132 
9333 
7540 
3877 
6861 
10489 
6455 
8877 
10737 
2391 
2687 
7973 
6561 
8977 
5751 
10150 
4687 
9398 
10166 
7403 
4151 
5177 
3505 
3103 
3461 
729 
4817 
8767 
2476 
719 
7317 
9865 
5796 
7942 
5969 
8501 
6442 
6563 
8040 
4590 
6390 
10130 
3858 
3980 
5532 
9966 
4655 
8807 
1576 
5827 
1363 
9632 
1766 
4086 
383 
6600 
1346 
6288 
554 
7096 
3737 
9768 
8876 
5787 
2696 
3986 
4833 
9212 
5482 
1907 
6751 
7052 
7051 
10658 
5091 
8194 
4323 
6951 
8844 
3672 
10660 
3964 
10560 
618 
8695 
839 
10861 
10433 
7806 
1116 
3584 
3060 
1356 
2492 
3512 
6935 
4521 
10867 
5587 
8888 
10278 
1058 
9740 
8330 
1707 
4540 
7461 
9597 
9121 
1041 
3020 
387 
3585 
4932 
8198 
4819 
10121 
2304 
5881 
4240 
5889 
568 
2633 
7323 
6400 
356 
5090 
1971 
6789 
5840 
1843 
3667 
10923 
8367 
5607 
5976 
2818 
8472 
1854 
10725 
4927 
1360 
5264 
5375 
4988 
2216 
3698 
9127 
4973 
8890 
10834 
7390 
4133 
7068 
10049 
2312 
9463 
2331 
7346 
10882 
3487 
6108 
3595 
1795 
10137 
4669 
1418 
7025 
10844 
882 
578 
4891 
8074 
5818 
3311 
2804 
2179 
1653 
9021 
2748 
34 
1872 
1954 
3850 
2382 
6615 
486 
1117 
7143 
2336 
8900 
7208 
7712 
6930 
1257 
1815 
3866 
8542 
10526 
6023 
5086 
2407 
4827 
4376 
10398 
1821 
5289 
5829 
10253 
5538 
9308 
6126 
9606 
3784 
4269 
10548 
8156 
3061 
4203 
5771 
6047 
8238 
9320 
9029 
138 
5253 
809 
76 
10629 
1461 
8547 
327 
9636 
3604 
5183 
1550 
8845 
3376 
10531 
7356 
10726 
2190 
444 
4 
3372 
10093 
8212 
9590 
10782 
2380 
10583 
5346 
815 
8988 
4679 
179 
803 
349 
10453 
9630 
8311 
60 
5186 
2434 
8334 
1476 
932 
9617 
4589 
3004 
9185 
4412 
10316 
1964 
8183 
3703 
6312 
238 
5906 
2827 
6146 
1402 
6118 
5290 
10502 
9046 
7687 
6331 
3063 
262 
6588 
6178 
6232 
2368 
10440 
5497 
1950 
4268 
8374 
10591 
8699 
7178 
783 
5194 
2458 
5185 
7301 
8619 
852 
10342 
873 
4169 
7072 
7288 
10886 
5321 
7226 
3652 
363 
7809 
4018 
2097 
3867 
1690 
7996 
5700 
3409 
3540 
7091 
3105 
40 
6521 
3349 
3006 
2486 
10846 
10989 
2828 
10590 
7183 
145 
7528 
1171 
6801 
7452 
9009 
7493 
6204 
198 
3084 
3031 
5416 
6340 
10678 
7769 
9406 
1805 
7735 
1988 
7710 
4286 
8125 
8580 
6740 
9405 
10712 
7202 
4348 
9006 
9042 
10652 
9501 
8698 
8316 
792 
9753 
6677 
1560 
8801 
6391 
7685 
8696 
6806 
1664 
2438 
406 
6727 
7278 
2850 
9515 
5317 
3702 
1151 
7531 
3471 
1932 
7037 
6389 
1415 
4936 
2471 
3730 
7055 
7308 
5622 
8655 
7169 
9824 
7624 
10409 
10172 
9628 
4104 
6100 
9574 
4792 
1926 
3013 
4083 
9030 
326 
3244 
8561 
9647 
1993 
7724 
9602 
10462 
848 
890 
1297 
595 
10636 
4601 
337 
7729 
1589 
9548 
2650 
5384 
10036 
8044 
42 
9353 
10603 
4123 
1706 
10791 
1967 
912 
8690 
8244 
1186 
3086 
3386 
4027 
1700 
9875 
5627 
6127 
2869 
215 
8437 
7578 
2233 
5546 
9254 
9611 
2244 
2639 
4424 
6186 
8080 
6460 
7711 
5570 
2320 
9482 
152 
10558 
8702 
9510 
864 
977 
2775 
7307 
2759 
9310 
2951 
3883 
4458 
2042 
5966 
5373 
4776 
9180 
5924 
7840 
2048 
7866 
6592 
1744 
6730 
2710 
4232 
5920 
10732 
7044 
1026 
8115 
1426 
9525 
8705 
1978 
1863 
5367 
8709 
6343 
7003 
1446 
1754 
5583 
4894 
8639 
6660 
4157 
856 
8533 
9916 
4425 
9727 
304 
1886 
7429 
6868 
8875 
193 
7545 
6784 
10052 
4555 
3780 
10236 
8650 
1816 
9339 
4355 
9286 
8018 
3258 
8341 
127 
3643 
2390 
10888 
2871 
1286 
9619 
2594 
432 
3036 
9351 
3827 
8231 
7298 
3720 
9985 
4513 
7588 
8952 
6026 
1742 
5694 
10905 
3529 
2433 
3320 
5450 
3808 
4757 
6541 
7640 
9971 
4295 
3834 
10029 
6703 
3957 
3889 
8653 
1532 
8941 
504 
1129 
1009 
10400 
5388 
2636 
7448 
9317 
10809 
1540 
1624 
3112 
3838 
380 
4830 
7379 
3514 
957 
6603 
10758 
4353 
9714 
708 
2280 
3093 
4331 
9479 
7117 
8746 
5262 
2221 
10363 
6010 
5410 
2180 
1338 
2012 
5261 
5845 
10573 
1712 
3341 
3593 
6815 
1880 
4314 
4620 
1198 
1501 
9395 
2285 
958 
3771 
8002 
4205 
728 
1485 
637 
9433 
1269 
5930 
5485 
1025 
8596 
5630 
4030 
5677 
4803 
1902 
80 
5721 
7420 
2783 
2013 
6793 
6921 
4434 
6918 
307 
4816 
4401 
8996 
2763 
5429 
6188 
5593 
8388 
1989 
727 
6347 
5520 
7895 
7946 
7598 
3617 
9387 
4627 
2346 
5069 
651 
3418 
2598 
8586 
3924 
5781 
2793 
5722 
5382 
3990 
927 
364 
7997 
823 
4280 
2568 
6673 
6121 
10478 
9485 
8028 
4180 
9991 
1323 
5354 
2777 
9851 
6189 
3939 
5944 
3209 
8000 
7561 
4725 
2339 
8459 
7609 
128 
4604 
10899 
5160 
4812 
1860 
8814 
1019 
7628 
2808 
10975 
4450 
1925 
10522 
7139 
2334 
10421 
6205 
4747 
5761 
7194 
5145 
9275 
8282 
3213 
4024 
1283 
8826 
8585 
1542 
6322 
8339 
2667 
5733 
10306 
5045 
8469 
7780 
10476 
1062 
7103 
5874 
4850 
10874 
9171 
7191 
5611 
6696 
1033 
9778 
7080 
7777 
2664 
2543 
6098 
4258 
6648 
8346 
7133 
284 
10401 
6932 
2656 
6871 
8217 
10087 
3953 
1201 
1143 
3746 
3878 
4276 
582 
4559 
189 
220 
3999 
4723 
3019 
1132 
5563 
5523 
7479 
7911 
4173 
1014 
5876 
5656 
3769 
10684 
9954 
2196 
165 
9004 
4416 
5651 
8169 
806 
3016 
10663 
10004 
14 
6553 
448 
8380 
9452 
5068 
7382 
9032 
8713 
8590 
5386 
9536 
6666 
10154 
605 
3563 
5132 
3207 
87 
5621 
9224 
8885 
5103 
2884 
10031 
10640 
4609 
6050 
8852 
6886 
5941 
3974 
341 
2510 
8678 
180 
10402 
9537 
7783 
981 
10351 
4493 
4198 
6983 
1053 
7264 
10443 
2919 
4632 
10513 
9396 
1962 
3962 
1771 
7636 
4073 
4663 
9816 
6609 
7260 
1997 
6174 
7441 
386 
9878 
3530 
5393 
9835 
3314 
2372 
5398 
3522 
9059 
358 
8298 
2455 
6043 
1602 
2028 
6938 
9890 
8094 
3711 
6962 
10621 
7366 
2910 
5210 
7209 
899 
8478 
10220 
416 
3160 
4270 
9104 
10117 
4797 
6262 
9335 
9958 
9952 
581 
10742 
8308 
8987 
1466 
4131 
5434 
8207 
4446 
8813 
6532 
2670 
2171 
5584 
6419 
2733 
4475 
4423 
2422 
1796 
2005 
1633 
3548 
6822 
7488 
1920 
9624 
6926 
4438 
3581 
10501 
7316 
4265 
1564 
3191 
6102 
1055 
4289 
9571 
4668 
2846 
5433 
4327 
2915 
9936 
6713 
1239 
3657 
2291 
8288 
5164 
5862 
531 
8355 
124 
3630 
3666 
6194 
1489 
5616 
5383 
5868 
6595 
4491 
2499 
3171 
45 
1339 
7150 
3876 
8487 
1003 
9684 
301 
4626 
8648 
4165 
71 
6493 
10024 
4610 
6431 
3438 
7060 
6714 
1237 
4818 
8082 
6798 
9468 
8258 
6892 
5102 
5922 
4168 
7881 
2691 
5425 
6147 
6638 
1580 
4943 
113 
975 
1480 
7673 
9392 
4175 
1970 
9522 
3927 
845 
3828 
4025 
4720 
8723 
1312 
10213 
9512 
10654 
656 
10823 
2155 
10811 
4533 
9711 
5923 
10048 
2311 
10349 
9873 
4216 
9190 
483 
3684 
7974 
9055 
2718 
6153 
6308 
9266 
4053 
5843 
5861 
5536 
309 
9760 
4186 
1848 
8389 
1085 
1777 
8290 
3378 
3108 
7969 
6484 
8949 
4946 
10407 
2663 
6436 
9227 
10779 
7621 
9111 
7887 
8497 
8211 
6635 
4230 
10285 
5491 
8598 
3080 
465 
1412 
7015 
824 
5308 
4887 
4979 
4603 
10650 
6161 
8056 
4772 
293 
3534 
7279 
1616 
5986 
10038 
4522 
4914 
3552 
6091 
1163 
10723 
4219 
6200 
2801 
8583 
10091 
199 
818 
32 
6695 
10849 
4530 
602 
9005 
1510 
1429 
1598 
10937 
4224 
6011 
7005 
9849 
93 
7536 
6593 
5569 
8771 
610 
4108 
8901 
850 
9290 
1536 
1687 
3353 
10419 
5907 
10759 
9181 
2001 
9755 
6054 
7047 
7074 
8612 
4895 
9020 
10027 
5559 
10957 
3189 
1985 
10247 
3659 
3365 
6954 
7905 
7944 
3766 
6718 
3150 
2985 
3015 
1676 
10 
3180 
2912 
5248 
7487 
8860 
7423 
4190 
7782 
4635 
4674 
4378 
6301 
3638 
1328 
7597 
3490 
5036 
8660 
2728 
3580 
7660 
110 
1837 
1107 
6480 
10216 
5524 
297 
3217 
3946 
2622 
2350 
6879 
5249 
552 
10746 
1561 
122 
2504 
10415 
8602 
6247 
3701 
1527 
10499 
10936 
5888 
10197 
5773 
4343 
4046 
96 
3705 
8435 
6790 
710 
7954 
3012 
9047 
10693 
4220 
2655 
352 
2425 
6516 
9262 
1934 
4892 
151 
10987 
9867 
9276 
6439 
9738 
4784 
8098 
2880 
8623 
7564 
10411 
7694 
6131 
2370 
8022 
2090 
4987 
471 
1663 
9138 
239 
7434 
6338 
10645 
10003 
4568 
2843 
5578 
6721 
9599 
9698 
1150 
6661 
396 
4875 
10653 
7437 
9473 
5760 
9591 
5752 
9174 
4935 
4749 
9720 
3499 
10128 
9941 
9260 
10195 
7900 
1666 
7425 
5484 
6511 
2742 
6975 
4359 
7688 
5199 
8588 
1523 
4251 
2637 
7314 
7756 
682 
10461 
8059 
3628 
2427 
7828 
1638 
8944 
2799 
7393 
5225 
4978 
9844 
9247 
8499 
5860 
8291 
10990 
1654 
2078 
9719 
334 
162 
5387 
10695 
2907 
3896 
3135 
5307 
751 
721 
2426 
6538 
6577 
1386 
6332 
4989 
2984 
3094 
8609 
6217 
6958 
4798 
7593 
7904 
3310 
1571 
7692 
3295 
6634 
6067 
418 
7781 
10833 
10907 
6723 
8062 
8318 
1438 
1373 
2682 
10521 
7158 
680 
9466 
144 
9772 
2601 
3197 
8571 
6367 
6059 
3454 
9080 
7671 
9063 
8759 
5932 
1124 
10081 
5310 
10503 
4158 
10498 
8023 
7530 
7019 
7109 
7743 
6647 
7776 
7189 
1015 
7198 
4656 
2275 
7322 
4870 
1021 
9693 
10694 
6378 
5322 
7798 
3978 
3618 
3390 
5609 
5448 
2358 
1230 
2485 
10044 
112 
27 
859 
8563 
7605 
2753 
3274 
7477 
1784 
9238 
3231 
1052 
6761 
3328 
4247 
6873 
6838 
5884 
226 
1859 
5345 
1125 
4109 
5257 
1475 
526 
8688 
8626 
4482 
2527 
1974 
4368 
4861 
10944 
7020 
5139 
4371 
8679 
6814 
6211 
8269 
10879 
7480 
1081 
2307 
3561 
9131 
8817 
5240 
5975 
3510 
2686 
3906 
4316 
9331 
9676 
1605 
2087 
2080 
2024 
7128 
5588 
7891 
9789 
6113 
7825 
8295 
9595 
318 
3868 
2046 
9756 
9618 
9809 
6323 
1210 
6654 
2588 
9234 
9089 
8237 
7972 
6433 
2055 
201 
7433 
4171 
5443 
834 
320 
6850 
5496 
2271 
5274 
2981 
1618 
3303 
6443 
3366 
6219 
1592 
8292 
5370 
6320 
10551 
10789 
9702 
5259 
7475 
10017 
2969 
6738 
1243 
10607 
8420 
7539 
10470 
2999 
9129 
8277 
608 
10634 
2039 
5824 
10914 
8906 
8581 
10736 
6523 
9972 
6622 
9187 
4623 
2897 
2503 
9999 
8514 
6305 
4045 
6545 
2454 
3247 
650 
1942 
6598 
3014 
6770 
1751 
9908 
8075 
4049 
5952 
8930 
2979 
64 
286 
9761 
7653 
3155 
5973 
7784 
399 
10514 
1374 
1219 
3794 
3632 
1679 
1691 
3494 
6989 
3416 
6407 
5051 
10276 
8206 
244 
3364 
3174 
7882 
3854 
6199 
10711 
5057 
2666 
277 
5586 
4422 
5298 
7929 
3813 
3280 
2953 
8790 
7405 
7706 
6810 
3951 
3833 
8488 
8757 
7819 
9016 
171 
2261 
1875 
7926 
8383 
8350 
2151 
2495 
6853 
10207 
206 
6663 
5266 
9311 
4506 
1354 
7627 
393 
3277 
9133 
2210 
6978 
5326 
6757 
8347 
173 
2057 
5255 
6269 
9743 
2645 
5464 
3969 
2159 
2726 
9103 
4829 
1591 
8142 
2816 
3807 
9205 
2139 
255 
7069 
2586 
1035 
9400 
2129 
2032 
3126 
3134 
4406 
8188 
2750 
7576 
807 
10185 
1121 
3965 
2144 
492 
7285 
7753 
1658 
9061 
10224 
9604 
10252 
3369 
2512 
9191 
3329 
6581 
7436 
9929 
8591 
4195 
5216 
7919 
4063 
6325 
1903 
9443 
2181 
3954 
1832 
3919 
2989 
2340 
2522 
6973 
3971 
9639 
41 
4193 
5704 
1310 
2578 
920 
2772 
4869 
771 
6315 
10817 
4333 
8978 
2163 
8281 
9215 
7594 
10471 
1849 
7785 
8603 
6302 
6369 
6072 
837 
2033 
9312 
10881 
8248 
7909 
2211 
3642 
7163 
5056 
1221 
1416 
7668 
3351 
910 
8015 
176 
4867 
1335 
1000 
9079 
3371 
6334 
10760 
4782 
7771 
5059 
2215 
6633 
4999 
4410 
5866 
1908 
8839 
9268 
8259 
3501 
5641 
3508 
8315 
1017 
4059 
9564 
426 
6527 
5066 
5353 
8260 
10753 
1982 
10635 
7333 
7885 
9371 
1262 
9820 
8121 
10124 
2966 
4982 
10717 
4223 
3550 
1505 
10710 
7950 
4835 
4550 
5736 
3257 
4974 
2006 
6505 
9163 
9679 
6299 
5162 
10643 
1320 
4664 
4264 
4088 
1716 
6927 
437 
3825 
7702 
3340 
6744 
6261 
2867 
9065 
10961 
2908 
10988 
5510 
9765 
7535 
7679 
2399 
10769 
5699 
5411 
10000 
10897 
9538 
1884 
6001 
7889 
1877 
6239 
8386 
8776 
9295 
3458 
278 
9436 
9413 
9210 
10109 
9996 
4210 
6825 
6965 
4135 
9771 
9208 
870 
10826 
9657 
9949 
6177 
8515 
6464 
7035 
10646 
10034 
4832 
5251 
7046 
5265 
1039 
5979 
10055 
7182 
7801 
1963 
5380 
8222 
2384 
9880 
7396 
7682 
6120 
6122 
9742 
9980 
451 
3447 
1995 
3910 
636 
10314 
973 
9178 
5241 
141 
3111 
1544 
6031 
6111 
3716 
205 
6746 
9 
8173 
828 
9834 
2027 
793 
2988 
1104 
1271 
6866 
1703 
59 
10609 
4497 
9386 
372 
410 
4639 
3724 
1577 
533 
546 
10343 
1839 
648 
8963 
7290 
2595 
6686 
4740 
1444 
3831 
6867 
398 
4744 
6597 
8534 
2446 
3058 
6341 
10043 
2468 
3538 
10805 
3343 
3836 
6314 
6327 
10183 
7416 
4962 
7468 
2760 
808 
1852 
4942 
8819 
2946 
8584 
7326 
4865 
9220 
10455 
4179 
7548 
4044 
2206 
7443 
4671 
2991 
4490 
4297 
5019 
7302 
4085 
5110 
6911 
8889 
126 
3264 
2079 
4494 
10647 
2767 
5875 
4972 
3392 
7622 
4780 
6142 
9141 
8466 
5696 
5305 
5231 
3629 
6250 
9252 
8548 
3950 
1500 
6366 
3196 
97 
6070 
557 
600 
3246 
1359 
4483 
4364 
388 
75 
5913 
10046 
7087 
2250 
3532 
10147 
1011 
7373 
329 
923 
7767 
1803 
84 
5273 
3782 
1043 
2975 
10279 
8434 
10152 
5245 
