6000
4566 
4671 
1465 
1747 
5475 
4174 
1053 
45 
1344 
3766 
2664 
4164 
2203 
2964 
2993 
2936 
5575 
5867 
2309 
4236 
5353 
2668 
3476 
3976 
2656 
5318 
1830 
3373 
1975 
2427 
5670 
1207 
5249 
1895 
2948 
488 
3286 
5662 
975 
3466 
2935 
4776 
5804 
2197 
3009 
5749 
1981 
5887 
1259 
4679 
3039 
3999 
5621 
5943 
2252 
3038 
5667 
576 
2033 
2624 
286 
1256 
150 
2269 
209 
4539 
1543 
560 
1252 
5799 
5006 
4304 
5626 
912 
4651 
3556 
5625 
1195 
821 
3850 
572 
550 
1882 
848 
2037 
2450 
4331 
5316 
2535 
4994 
2603 
2895 
5259 
3053 
5589 
2251 
5738 
4113 
5659 
3955 
752 
2960 
5731 
5453 
3232 
5587 
5534 
3805 
3601 
2092 
1362 
1638 
3181 
3083 
897 
3785 
135 
856 
5870 
77 
4875 
1346 
1944 
137 
3901 
2801 
911 
784 
1065 
1492 
4820 
4838 
3733 
5768 
2953 
5624 
5822 
981 
461 
3306 
198 
705 
353 
3894 
5327 
641 
5635 
4300 
518 
3756 
5326 
5730 
714 
2483 
3948 
5477 
1047 
5664 
899 
1131 
4895 
945 
3346 
3359 
2261 
5104 
81 
1096 
990 
1556 
5748 
175 
3945 
5901 
2380 
3771 
5529 
5390 
989 
3909 
1114 
1547 
554 
331 
4429 
3449 
3679 
1575 
2297 
4018 
2899 
4353 
1697 
5907 
5496 
3259 
525 
3389 
5814 
3619 
4314 
3191 
4160 
1007 
950 
5072 
2674 
3845 
1918 
2464 
4380 
3864 
3728 
4894 
5735 
5406 
1016 
1715 
3886 
5674 
5680 
5642 
1176 
983 
1226 
2615 
5521 
153 
759 
2268 
3635 
774 
2949 
579 
5564 
4791 
3294 
487 
4947 
5184 
4938 
3423 
1711 
3014 
3495 
3907 
4399 
1365 
5236 
5025 
2631 
5432 
840 
36 
5566 
3835 
5556 
2686 
2434 
5576 
3537 
4620 
4625 
621 
1701 
5917 
3021 
5893 
68 
3113 
1646 
263 
3759 
4224 
5440 
4712 
4302 
2410 
1963 
3752 
1496 
1677 
2316 
393 
5335 
4992 
1433 
5952 
1025 
65 
5186 
2531 
5644 
2715 
2618 
5646 
345 
3401 
4965 
5918 
1440 
3820 
4632 
1588 
449 
2463 
4811 
511 
2218 
606 
1576 
2962 
27 
4323 
4286 
2777 
604 
197 
4793 
4881 
5751 
712 
3542 
190 
1084 
862 
5428 
4860 
629 
213 
4232 
1359 
5199 
3896 
3206 
2998 
5630 
3356 
5098 
735 
3696 
5250 
3063 
3693 
4080 
4024 
3461 
3680 
4472 
247 
5114 
3523 
4613 
2843 
946 
347 
5131 
1526 
4226 
4555 
3625 
1524 
4718 
2208 
5102 
1903 
4484 
1031 
1277 
1953 
3300 
4954 
646 
167 
5155 
2555 
2018 
2071 
603 
2593 
4674 
4253 
3150 
1765 
4276 
667 
1772 
5041 
5743 
1306 
3704 
2246 
5546 
3057 
4844 
1771 
4442 
2400 
942 
4279 
729 
569 
287 
3827 
3338 
1647 
4978 
1204 
3011 
3638 
673 
891 
4218 
5113 
823 
4950 
3341 
523 
341 
4825 
719 
1769 
1820 
1253 
1618 
2743 
780 
2940 
121 
5095 
1003 
2373 
1652 
1598 
3940 
4772 
2514 
4843 
1138 
3406 
4567 
2481 
1662 
1164 
3331 
1064 
5925 
3111 
1746 
4269 
2851 
1858 
5047 
2875 
5010 
2165 
3855 
561 
450 
5714 
1464 
3797 
2837 
4534 
4958 
2957 
4044 
1854 
3731 
708 
5407 
2480 
1856 
4111 
1326 
1845 
3718 
2601 
654 
2607 
1299 
3392 
2013 
3102 
5152 
242 
4696 
2181 
4483 
1690 
139 
2793 
1015 
1956 
2394 
4808 
896 
5070 
4093 
5347 
3329 
3993 
1178 
5450 
5797 
3085 
1649 
4650 
53 
5694 
4134 
5998 
4970 
5209 
3657 
530 
4328 
2732 
1142 
2202 
878 
1538 
3914 
1399 
3967 
3296 
3966 
2815 
4607 
5182 
2183 
2965 
4404 
1347 
5657 
649 
4478 
422 
2518 
2289 
2441 
5846 
5809 
2564 
5187 
2359 
3120 
5710 
1860 
1480 
830 
2240 
4943 
1400 
460 
1435 
802 
3499 
2060 
3432 
4517 
2844 
2147 
5388 
2996 
5080 
2551 
3589 
1371 
403 
5292 
3814 
5638 
2484 
3194 
2951 
755 
5600 
4368 
4019 
280 
816 
2538 
1923 
4289 
1783 
443 
2887 
2245 
1264 
62 
1973 
5286 
383 
4466 
2283 
632 
4711 
1200 
640 
4582 
1153 
1396 
2143 
583 
3767 
677 
2710 
1531 
1467 
1154 
5439 
5136 
1311 
3184 
3508 
2623 
2921 
5480 
3510 
895 
3122 
4062 
5413 
4308 
4115 
779 
1211 
467 
3131 
3839 
3616 
4194 
392 
5788 
5494 
3177 
211 
1438 
2784 
5976 
4241 
3847 
1894 
3125 
1933 
4858 
2613 
259 
37 
3494 
958 
5676 
3195 
5658 
5048 
5093 
1197 
3561 
1447 
768 
69 
5914 
4707 
1790 
2866 
846 
3506 
3487 
960 
3726 
4246 
107 
1996 
3196 
1742 
1054 
70 
1859 
5871 
204 
4523 
2572 
3563 
4778 
2675 
5246 
1048 
1883 
288 
2981 
4904 
4211 
2991 
1481 
2667 
3650 
2388 
1819 
5868 
5984 
5253 
524 
3842 
5986 
2772 
913 
3505 
1483 
1276 
3860 
2600 
5398 
4628 
334 
2509 
18 
313 
4011 
2886 
724 
5672 
2000 
1553 
693 
231 
3415 
2580 
1115 
5848 
3314 
1898 
4548 
4554 
879 
220 
5106 
440 
2761 
433 
4565 
820 
1389 
838 
4259 
5151 
1470 
2332 
400 
2314 
5537 
6000 
1993 
4320 
2614 
377 
1335 
1529 
886 
943 
5160 
1034 
3515 
1946 
908 
5874 
3655 
3153 
4343 
5872 
598 
5981 
4085 
250 
3893 
3840 
4361 
1233 
5617 
4543 
1938 
3631 
4223 
3813 
2377 
394 
3819 
3493 
3058 
4262 
3000 
5995 
4579 
4 
4198 
1630 
3787 
2511 
19 
661 
4747 
3171 
4025 
824 
2114 
5966 
4179 
1377 
4120 
1451 
463 
5591 
2343 
977 
5288 
2725 
5889 
5277 
25 
2271 
1960 
2213 
1655 
5856 
4882 
352 
2324 
58 
56 
455 
2523 
4681 
5684 
2834 
757 
1521 
4453 
795 
3681 
3658 
3458 
3636 
5602 
129 
2108 
1348 
3178 
5017 
2911 
1151 
1393 
3957 
1158 
4722 
2539 
3536 
3529 
2260 
3366 
3880 
4609 
4782 
2764 
5437 
4571 
2757 
4122 
905 
5042 
1623 
781 
1814 
221 
658 
93 
5668 
5548 
1738 
113 
3247 
131 
3244 
1265 
4741 
3203 
5636 
2920 
1445 
3033 
4383 
3553 
5289 
105 
553 
703 
3821 
464 
2161 
984 
4819 
2637 
5758 
2932 
5938 
612 
3209 
5476 
2653 
1786 
4987 
1958 
3402 
3044 
5611 
4377 
4271 
4448 
2599 
4114 
3243 
2736 
3502 
4197 
1636 
762 
1759 
744 
1989 
808 
5036 
3642 
1761 
3084 
1442 
1908 
3729 
1916 
5786 
887 
2506 
626 
3162 
2356 
126 
5176 
1085 
381 
2992 
4329 
1141 
2876 
5687 
3958 
5784 
4133 
3427 
3469 
1468 
3830 
3379 
786 
5083 
743 
4512 
5020 
2040 
5810 
4583 
756 
2422 
1939 
2543 
4587 
1130 
1855 
2496 
1355 
5752 
5829 
2028 
1478 
1279 
1587 
3629 
1039 
171 
9 
2976 
3844 
2360 
3640 
4704 
2455 
5217 
1079 
5821 
2776 
3361 
1643 
5869 
2357 
3534 
858 
343 
2980 
5570 
534 
4724 
758 
1017 
4445 
2983 
1205 
2900 
2503 
1381 
5231 
2436 
2466 
4857 
160 
320 
1081 
2058 
4761 
5551 
4645 
4400 
2676 
1215 
5008 
3420 
4273 
3100 
2179 
1119 
5686 
5007 
5233 
700 
613 
5135 
4287 
3031 
1439 
1804 
842 
3104 
4563 
1530 
5790 
39 
72 
1268 
3761 
4116 
3654 
5482 
4374 
5138 
3418 
4045 
4530 
4812 
21 
2488 
5928 
401 
1489 
3544 
2787 
1789 
2445 
5399 
4221 
2156 
5903 
4035 
5818 
4005 
2159 
4043 
2123 
5099 
3130 
836 
933 
51 
1522 
1044 
5732 
1145 
5759 
3514 
3876 
5971 
5443 
4334 
4436 
2694 
4549 
3507 
2823 
4186 
1829 
2813 
4780 
969 
4309 
1329 
2734 
1426 
1535 
594 
2187 
74 
5645 
2748 
3557 
2988 
4951 
1046 
1174 
1061 
995 
3647 
5162 
5500 
3233 
1671 
3405 
670 
246 
2896 
1515 
3064 
3633 
1413 
158 
3363 
2139 
1073 
2978 
2663 
2619 
980 
5126 
4432 
164 
191 
2109 
5623 
1005 
4406 
568 
688 
2089 
5808 
2788 
4066 
301 
5304 
2684 
491 
3582 
533 
5212 
2135 
1298 
5990 
3882 
5218 
655 
5924 
44 
1320 
1375 
418 
1967 
1721 
4946 
4299 
1361 
3174 
2819 
3333 
3605 
2340 
2770 
1011 
5857 
1608 
3567 
5363 
2086 
2337 
4800 
2577 
194 
2802 
4488 
5944 
1787 
2852 
4771 
3856 
5315 
5902 
949 
4239 
2807 
2677 
416 
5424 
1125 
5802 
2567 
206 
804 
106 
1058 
5571 
3204 
2616 
1369 
1752 
2591 
5411 
2036 
813 
3699 
435 
4630 
566 
4170 
581 
3126 
3548 
1043 
1540 
5504 
999 
1080 
1614 
2929 
5063 
5933 
4284 
4157 
5702 
5060 
4859 
2763 
4890 
3539 
1304 
4090 
4411 
3979 
3477 
4953 
970 
1297 
3651 
414 
2566 
1708 
2376 
5827 
1199 
4973 
3328 
522 
163 
1088 
2500 
4610 
5336 
2865 
5845 
683 
1673 
3509 
817 
3491 
5909 
2814 
2091 
979 
4516 
4398 
2133 
4612 
2617 
3253 
3076 
1827 
2525 
4384 
2700 
1972 
1149 
3220 
3660 
1188 
5247 
4836 
4559 
1092 
4212 
4891 
2192 
3492 
436 
1224 
965 
3173 
5987 
1221 
1505 
1045 
43 
2333 
3879 
5761 
252 
3558 
3628 
1519 
1466 
3881 
1201 
4126 
5772 
1685 
855 
3240 
3841 
1128 
5147 
1139 
3608 
4514 
4196 
2579 
3185 
2719 
2389 
5544 
2090 
161 
1360 
3782 
3097 
5706 
5269 
1184 
5364 
3343 
3143 
3962 
1010 
3399 
2345 
5830 
592 
4744 
4683 
4693 
815 
1228 
5438 
1202 
4531 
372 
4407 
5737 
2363 
4251 
4438 
1281 
1227 
466 
3211 
4550 
2265 
3330 
3744 
637 
1776 
1373 
1743 
1420 
5962 
3062 
5168 
4030 
1722 
2697 
3603 
1504 
733 
5463 
5553 
5719 
1182 
4841 
3313 
4088 
3545 
367 
4521 
3357 
4443 
1343 
2690 
310 
1613 
4006 
4032 
5410 
4034 
3564 
584 
4427 
3834 
482 
4042 
5669 
536 
5698 
470 
3017 
2082 
2039 
1501 
5140 
4507 
5937 
1650 
4673 
5405 
2553 
1836 
3871 
4345 
4350 
351 
342 
1408 
4020 
558 
4172 
2952 
4229 
4029 
4685 
4260 
2547 
3261 
1714 
4342 
405 
5536 
4700 
2318 
3867 
4293 
1583 
1732 
3749 
2769 
2106 
4541 
4544 
3555 
5513 
5472 
679 
4455 
4908 
102 
4117 
959 
1800 
3475 
697 
2984 
3092 
2999 
3796 
1921 
1332 
5665 
3136 
199 
2465 
3140 
5166 
2565 
3868 
1831 
1917 
3763 
5836 
3915 
2727 
1712 
1968 
1255 
2841 
1606 
391 
5339 
38 
1134 
3578 
4560 
4803 
1510 
4794 
3241 
549 
478 
2846 
4307 
3215 
3998 
5474 
2433 
725 
4638 
3410 
763 
316 
5819 
4677 
3075 
1612 
2560 
4487 
1653 
5679 
920 
3936 
2221 
426 
3149 
3078 
5342 
822 
1127 
3596 
2541 
3110 
486 
82 
2456 
3046 
101 
3684 
4983 
1251 
3659 
3968 
4595 
3069 
625 
2780 
456 
2079 
3276 
5188 
807 
5532 
4136 
1352 
551 
5979 
5279 
2014 
2418 
1121 
3066 
4101 
1169 
2424 
5287 
3912 
3501 
5027 
457 
4263 
284 
1018 
926 
556 
1974 
5150 
2738 
4178 
4397 
3161 
2056 
1129 
918 
620 
5281 
764 
130 
1394 
4690 
4644 
5054 
1250 
2628 
1621 
276 
4608 
1624 
1021 
1561 
4414 
2698 
3367 
2339 
5579 
2227 
1578 
890 
2099 
4817 
5471 
355 
5427 
3103 
4842 
125 
1310 
4557 
3160 
5130 
1030 
319 
4317 
4980 
4366 
674 
512 
328 
5695 
4606 
5693 
4755 
4969 
2939 
2317 
5461 
1603 
5374 
3429 
1919 
4418 
689 
4569 
5756 
1817 
5640 
3352 
2460 
2256 
5554 
8 
241 
2638 
5584 
4165 
3518 
2374 
424 
5953 
3265 
3727 
1152 
3932 
317 
3290 
5908 
5627 
415 
4617 
5783 
5610 
1581 
2288 
4146 
5330 
794 
2942 
1795 
1316 
2588 
1409 
374 
2254 
3071 
1418 
3996 
5291 
2778 
2646 
4988 
2611 
2344 
2220 
3526 
4486 
956 
1523 
4004 
3222 
2068 
1600 
2859 
2510 
1589 
2695 
5129 
5068 
1637 
84 
5967 
3700 
266 
1241 
3292 
5251 
1775 
4306 
4615 
4768 
2968 
4402 
5499 
2505 
1285 
5709 
2266 
1391 
1888 
4148 
4458 
5877 
3781 
4832 
4667 
5618 
1219 
5718 
1059 
2476 
547 
909 
3086 
1143 
2 
937 
602 
5923 
3456 
3467 
5798 
5969 
3443 
2604 
4389 
3525 
4662 
2326 
4047 
5525 
2366 
2148 
3336 
3473 
5862 
5510 
3903 
5448 
4470 
1952 
4640 
2279 
1985 
742 
3252 
1417 
1414 
5357 
3933 
5661 
4889 
4394 
1879 
229 
3758 
4137 
588 
4877 
2612 
1254 
2479 
2098 
1109 
1865 
3716 
4107 
3152 
1628 
4829 
3816 
5733 
5996 
5823 
5314 
3969 
5397 
5462 
1382 
3500 
5473 
4795 
4967 
1866 
1842 
2170 
4100 
4301 
2364 
4493 
3101 
3179 
3256 
1940 
4999 
3050 
5458 
3344 
1528 
4454 
2395 
4240 
2902 
3146 
694 
4937 
4605 
2977 
5019 
5464 
5568 
2594 
4371 
4863 
2287 
1404 
761 
3274 
3987 
5018 
5762 
5375 
5029 
425 
3916 
3002 
506 
2716 
4108 
997 
498 
3698 
3010 
208 
4576 
2001 
2699 
2809 
3689 
2796 
5522 
2569 
5379 
4040 
1412 
5764 
5745 
3278 
168 
3735 
1849 
5127 
3615 
4799 
3874 
3549 
4849 
4918 
1518 
3562 
898 
2282 
3199 
5900 
1180 
839 
1936 
1070 
2687 
5690 
2726 
2215 
535 
5071 
2744 
5267 
1014 
2592 
5588 
4014 
692 
5180 
5142 
1984 
4131 
4158 
3632 
1 
5242 
4637 
4068 
4981 
2138 
1453 
2024 
4231 
5775 
471 
3339 
5124 
723 
845 
3581 
5920 
2489 
4959 
2305 
1584 
5994 
1166 
651 
5753 
452 
4648 
2063 
777 
2873 
2974 
642 
3788 
869 
3498 
3040 
3032 
4064 
5484 
4758 
4621 
459 
1124 
1407 
3260 
5067 
3225 
78 
4385 
1103 
2689 
5057 
5101 
902 
2568 
451 
4654 
3511 
4850 
3825 
2536 
748 
1525 
5421 
271 
3464 
5767 
2358 
432 
1828 
2898 
5294 
4586 
99 
4847 
5508 
5739 
226 
4920 
3054 
5590 
1906 
371 
1185 
825 
3865 
481 
968 
2621 
2544 
4058 
2446 
3824 
3060 
3383 
4990 
660 
3376 
545 
4494 
2756 
1325 
283 
2365 
2255 
4338 
5395 
3116 
2478 
1213 
4096 
4553 
5373 
2705 
3583 
3644 
3617 
337 
3452 
2709 
2180 
4941 
2655 
5811 
1990 
2150 
4039 
3934 
4525 
262 
2711 
3371 
4614 
4798 
3112 
2532 
843 
1586 
1811 
273 
5620 
4167 
2405 
3436 
1392 
1569 
5016 
1063 
2442 
1779 
1959 
2913 
4337 
2908 
1679 
5105 
734 
662 
2724 
544 
2144 
3530 
4933 
2177 
232 
4884 
2330 
5370 
1071 
4119 
1572 
1283 
4848 
2111 
2835 
5075 
4362 
3675 
829 
2046 
1473 
4641 
3319 
5666 
1703 
4750 
3566 
4347 
4733 
4914 
52 
134 
4716 
805 
3571 
4447 
590 
5860 
832 
5430 
1078 
1246 
2009 
3911 
3503 
4533 
2917 
148 
4059 
4180 
552 
3600 
3742 
4734 
2104 
2812 
2847 
2799 
2874 
378 
4075 
5372 
474 
5560 
5096 
3683 
5982 
1957 
2403 
1271 
4767 
1520 
4109 
2166 
4424 
2722 
5722 
4183 
4031 
505 
2206 
2303 
2458 
2362 
2681 
4926 
3585 
1850 
5013 
5460 
2871 
3127 
1183 
3166 
2789 
3524 
4629 
4564 
1934 
245 
4441 
1741 
5108 
315 
4611 
3963 
3304 
648 
996 
685 
2411 
5419 
1485 
4127 
5526 
615 
3280 
4182 
5226 
789 
5371 
1194 
1687 
4756 
3725 
3370 
3246 
28 
5044 
1654 
4874 
5112 
5148 
1716 
3669 
3034 
678 
1012 
5906 
3288 
1639 
787 
4511 
4594 
5861 
3451 
119 
3393 
3552 
1983 
3310 
5001 
1193 
2785 
607 
5850 
4152 
2453 
1278 
4000 
3308 
2125 
4403 
3971 
3630 
4774 
4639 
290 
2234 
1818 
3224 
5051 
4706 
953 
186 
3176 
4538 
4503 
240 
582 
4917 
2718 
3155 
5239 
5653 
5050 
3262 
2034 
3377 
1878 
3434 
1557 
4282 
5606 
3641 
1425 
5512 
5859 
2415 
947 
4737 
4581 
4355 
1812 
1657 
324 
4315 
4762 
3268 
5882 
3913 
3482 
2118 
3982 
1688 
4760 
5935 
338 
4634 
2596 
2164 
2794 
5228 
4352 
3807 
5820 
1338 
1837 
4792 
217 
3295 
3602 
2584 
3478 
2730 
1565 
205 
2901 
3587 
3404 
5779 
875 
4325 
2207 
1577 
696 
3783 
3088 
1887 
3772 
365 
857 
4618 
5795 
3918 
2752 
5863 
1793 
5527 
1353 
5919 
1198 
5898 
3317 
1318 
5501 
409 
5528 
4701 
4807 
3732 
4150 
5847 
4731 
2292 
185 
2243 
3424 
2247 
5393 
4623 
3457 
5248 
3430 
4513 
3065 
1788 
5841 
3852 
2163 
610 
4463 
3168 
1284 
485 
278 
5446 
1487 
2955 
3672 
5491 
4370 
4575 
4313 
4510 
1294 
182 
1507 
4225 
4886 
1512 
1816 
1890 
5825 
5555 
4187 
5516 
5515 
5707 
1242 
1432 
122 
32 
3305 
5912 
4839 
5062 
282 
5598 
760 
413 
2967 
564 
4779 
1208 
5296 
4177 
5394 
5366 
4449 
3743 
4910 
442 
2997 
5103 
4830 
4243 
5545 
5793 
2927 
3128 
370 
4405 
2387 
2639 
5838 
5329 
3870 
138 
73 
188 
5003 
1175 
803 
2392 
3472 
1978 
3872 
3121 
5781 
4682 
408 
1935 
4854 
5605 
940 
98 
4753 
1807 
1000 
1497 
1796 
3812 
1667 
1889 
707 
302 
4128 
503 
5506 
2635 
4815 
336 
2685 
682 
2842 
1446 
4505 
609 
3954 
2861 
2042 
3550 
3182 
4375 
3012 
2605 
2521 
2244 
387 
5800 
3822 
5910 
4822 
5177 
47 
1090 
4175 
2437 
2498 
2795 
3441 
1663 
4336 
1644 
4977 
3411 
4378 
1780 
3081 
4310 
5490 
2582 
3944 
2431 
3006 
3236 
4129 
4797 
750 
5597 
5948 
881 
2474 
2904 
2026 
4365 
3137 
3899 
929 
2306 
5671 
3937 
5376 
83 
1670 
5320 
2578 
3754 
630 
2633 
4801 
4426 
2193 
4437 
614 
2142 
5123 
1692 
1165 
1676 
635 
3223 
3721 
3764 
5592 
3678 
1593 
2836 
964 
5039 
5293 
3884 
4627 
4936 
574 
63 
4322 
3455 
4659 
3687 
636 
4081 
4330 
1209 
1694 
3154 
306 
966 
4976 
923 
1282 
31 
5192 
5596 
5699 
2447 
510 
1954 
1590 
4252 
364 
5974 
2152 
1106 
5926 
874 
721 
2670 
2862 
4008 
244 
2043 
1387 
741 
1539 
4703 
2398 
5368 
5014 
987 
3849 
3943 
3257 
224 
4065 
5633 
4288 
2116 
5451 
1745 
5582 
1758 
3595 
5159 
5030 
819 
4763 
4810 
2421 
251 
623 
1289 
2140 
1328 
867 
2595 
2151 
1514 
4234 
1570 
3158 
1619 
3234 
4078 
5204 
4255 
5229 
329 
4291 
809 
2714 
3592 
3283 
1112 
1479 
5274 
3568 
1472 
4924 
562 
1723 
3951 
3895 
4479 
2160 
3080 
736 
1991 
876 
1206 
3779 
1877 
1913 
2894 
1120 
116 
1823 
3859 
2472 
1992 
5581 
3768 
1476 
4732 
4551 
4591 
3843 
5125 
1217 
1682 
5205 
4184 
2153 
5840 
1436 
2059 
5826 
265 
2375 
1901 
4906 
2742 
3013 
5561 
1904 
2066 
4401 
1601 
3674 
2630 
1488 
323 
207 
5109 
3720 
5115 
2107 
520 
2956 
1397 
5782 
3949 
1302 
2961 
5343 
354 
1932 
5518 
1230 
3119 
5685 
4467 
4851 
3838 
123 
4909 
4989 
1231 
671 
3030 
1317 
215 
3986 
4278 
3381 
5777 
3586 
3390 
2703 
831 
1864 
4942 
2512 
5185 
2850 
5771 
4395 
2132 
2021 
173 
13 
2273 
5493 
2550 
2120 
4151 
2195 
3977 
3946 
1091 
3123 
3049 
1457 
3947 
3577 
3533 
5487 
5201 
5046 
3169 
2049 
5613 
3271 
2820 
4900 
982 
5175 
3364 
120 
3020 
2015 
2679 
5076 
2011 
3445 
3074 
2857 
753 
5222 
2347 
2542 
356 
1597 
412 
5502 
5983 
3717 
257 
2990 
1914 
5141 
2665 
1563 
5391 
3073 
1686 
5896 
2755 
80 
1013 
3354 
3275 
1802 
931 
3425 
4469 
4600 
3656 
962 
3887 
3741 
1797 
2191 
3463 
5171 
187 
3322 
2093 
4425 
3612 
2909 
596 
4589 
4074 
3369 
1999 
1097 
4925 
358 
5265 
1411 
2100 
3927 
3808 
841 
3470 
4986 
4740 
57 
76 
647 
3970 
162 
5245 
2782 
5011 
2783 
1020 
223 
771 
2311 
5384 
4376 
5632 
5351 
472 
2853 
1675 
2501 
4480 
2557 
1225 
5776 
2233 
754 
5578 
3747 
1077 
4125 
4358 
458 
5416 
1897 
884 
3147 
2348 
4783 
1757 
30 
1093 
267 
64 
183 
2891 
431 
5851 
1962 
711 
4805 
397 
2549 
4686 
1008 
1301 
299 
3504 
1965 
4141 
140 
930 
2499 
5852 
4911 
3792 
4664 
4357 
3200 
4498 
4209 
4294 
3148 
1356 
147 
1286 
5655 
104 
3026 
1724 
2439 
2214 
5866 
659 
484 
2986 
2650 
1666 
745 
5945 
4887 
1700 
3307 
4518 
1050 
1474 
5787 
22 
4727 
1186 
1239 
5435 
3332 
5949 
5509 
2399 
4456 
1177 
3751 
4845 
4616 
2230 
3347 
1191 
3692 
3620 
4598 
860 
1629 
3277 
1491 
2272 
1049 
3559 
3748 
1123 
1969 
3574 
783 
5456 
3773 
4016 
5904 
5118 
2077 
2683 
2127 
2848 
5344 
2811 
297 
3365 
3576 
2341 
5742 
2889 
5350 
690 
2229 
4702 
4339 
2073 
4290 
4428 
2003 
3931 
2888 
4354 
3580 
5214 
3442 
2883 
3978 
292 
5254 
3520 
4195 
2636 
1196 
500 
4536 
3413 
2342 
1378 
5911 
2069 
1342 
5313 
1287 
5087 
3930 
95 
4506 
4009 
249 
798 
145 
2393 
5675 
5210 
1661 
844 
2688 
3956 
3109 
3375 
4013 
1870 
772 
1240 
281 
4028 
2284 
3320 
2083 
922 
1622 
1678 
801 
2804 
5454 
5763 
5255 
2701 
1363 
5232 
3230 
2822 
5701 
3382 
165 
3538 
3637 
2420 
3489 
4372 
5834 
55 
1736 
1799 
1813 
5090 
3142 
2610 
2280 
4893 
2435 
5133 
5073 
1929 
3851 
5086 
3348 
4499 
5519 
1545 
3953 
540 
1055 
5191 
1009 
2141 
5769 
29 
1838 
376 
5947 
2906 
2095 
4788 
5541 
4237 
1482 
2278 
3266 
156 
3047 
5609 
439 
5927 
2331 
3485 
5873 
1551 
5549 
4728 
2527 
3218 
5523 
1244 
3775 
5220 
2884 
517 
174 
274 
3774 
1824 
3800 
5563 
4856 
4710 
2264 
11 
4813 
3724 
4435 
1004 
4599 
5881 
3935 
680 
4509 
1840 
5791 
2645 
5206 
2680 
1300 
4023 
691 
5290 
1731 
4103 
775 
5035 
4363 
2833 
3810 
4341 
3387 
4305 
3416 
5270 
3238 
3929 
1798 
2459 
5202 
5558 
379 
747 
3809 
730 
3190 
4892 
4332 
3862 
3551 
5009 
1546 
3299 
3875 
330 
2750 
4622 
5174 
2808 
4500 
1095 
3711 
1672 
4348 
3151 
5725 
2222 
4562 
5058 
1116 
3385 
1857 
1920 
3535 
3042 
261 
2530 
900 
3723 
5985 
3115 
2838 
1022 
1266 
4694 
4346 
3018 
4410 
1633 
4574 
1709 
4408 
2105 
5934 
849 
3133 
1117 
1821 
5789 
5470 
5734 
2369 
2228 
1189 
5656 
904 
321 
5712 
792 
5225 
3972 
4098 
3035 
4021 
859 
5049 
1705 
444 
3705 
1534 
5338 
1558 
1136 
3513 
4265 
5383 
1592 
4831 
3667 
710 
1427 
1533 
3543 
5723 
639 
4121 
2849 
935 
5692 
5677 
5345 
1994 
3450 
1951 
1680 
1336 
3145 
5833 
4492 
3422 
4905 
4319 
1585 
1863 
388 
4060 
2651 
4210 
1847 
3597 
4496 
3003 
767 
3663 
2678 
2349 
5088 
5806 
4948 
1137 
2185 
118 
4796 
4578 
108 
619 
4245 
1803 
2918 
3676 
704 
4327 
4270 
5689 
2209 
5892 
228 
5595 
513 
5603 
2119 
2154 
5929 
4635 
4834 
4561 
5322 
3584 
3094 
5190 
4526 
853 
157 
1668 
548 
2959 
2728 
385 
872 
5447 
3087 
5064 
3272 
399 
279 
4130 
4041 
2669 
3008 
1260 
2642 
5957 
3221 
737 
2121 
3626 
2524 
3043 
1880 
3187 
4739 
1664 
2236 
311 
3917 
4921 
5328 
5317 
1422 
4145 
3156 
4102 
3016 
2855 
3490 
3093 
5835 
4153 
2462 
5652 
1801 
698 
3611 
369 
4012 
1717 
4076 
5059 
26 
3124 
4215 
2070 
1494 
5650 
4781 
2493 
5741 
5511 
1290 
3465 
611 
4580 
170 
5817 
5283 
1108 
4869 
5301 
509 
4823 
4922 
5542 
5295 
2416 
2310 
1327 
4235 
5960 
5069 
1002 
5890 
3965 
2774 
3045 
5831 
5028 
951 
4189 
5408 
5993 
3848 
4974 
1784 
3167 
5713 
941 
2200 
1980 
2907 
3709 
1402 
2242 
2839 
2004 
5565 
3883 
468 
2231 
4476 
3497 
3001 
4730 
722 
1616 
2589 
2759 
3607 
5691 
3902 
2878 
2196 
4934 
5240 
1309 
4417 
293 
1312 
4883 
1237 
1873 
2519 
4940 
1262 
5559 
3992 
3316 
4138 
3248 
3829 
2831 
3898 
357 
4396 
4861 
4601 
2691 
4274 
1038 
652 
2477 
3757 
2320 
1762 
4135 
1926 
4814 
1573 
2558 
3897 
4573 
2468 
5894 
5812 
4821 
1324 
888 
1041 
2767 
2924 
4786 
3444 
1500 
2438 
608 
3991 
2336 
5000 
4604 
5055 
2556 
1544 
2545 
166 
3939 
4915 
2335 
1334 
5696 
1835 
1261 
868 
42 
2673 
4465 
2429 
1691 
1167 
3575 
4998 
1105 
2903 
5939 
622 
5708 
2573 
2417 
5465 
3106 
1471 
3095 
350 
1148 
5854 
709 
1893 
143 
2915 
3905 
3695 
2285 
1791 
2112 
1291 
2559 
2006 
1947 
475 
1595 
4590 
493 
1001 
5285 
5045 
462 
2516 
2212 
5341 
1659 
1536 
5119 
3670 
4333 
2733 
5619 
4568 
2426 
1257 
634 
3942 
2745 
312 
4871 
1937 
1617 
499 
398 
4202 
3157 
2223 
2239 
2971 
4485 
5875 
254 
3440 
2919 
4149 
4382 
2178 
2454 
5884 
4960 
5538 
3661 
1006 
5094 
3163 
87 
1322 
865 
516 
117 
5169 
4688 
3666 
4669 
2487 
1915 
3237 
1319 
4002 
4558 
2226 
4979 
1415 
766 
5794 
4678 
2821 
5637 
172 
5268 
5760 
650 
4588 
4079 
2598 
5321 
4261 
1656 
957 
2313 
5954 
3836 
5951 
2533 
2791 
5091 
5340 
3192 
1511 
2216 
2702 
2038 
4931 
1223 
4689 
4862 
5404 
3258 
5252 
5308 
5352 
3098 
5724 
3621 
3249 
4668 
236 
5089 
1248 
428 
906 
103 
833 
2747 
132 
4392 
4104 
5307 
453 
2754 
291 
2723 
5052 
3321 
4181 
1366 
5300 
793 
1458 
1132 
4577 
3722 
571 
3005 
1503 
5331 
2706 
1383 
2513 
944 
5991 
4277 
3900 
5520 
5442 
633 
332 
3734 
5608 
384 
441 
5495 
5178 
5641 
4746 
3386 
2413 
115 
360 
5765 
1019 
5309 
3591 
1210 
2570 
4866 
5389 
227 
5992 
2050 
85 
1777 
2609 
3358 
1027 
4661 
260 
3682 
5970 
1082 
3479 
3340 
1272 
3516 
402 
852 
4818 
298 
1401 
5936 
5221 
4412 
631 
5455 
4144 
3036 
4054 
5483 
5562 
726 
695 
4665 
4340 
389 
5683 
903 
2931 
1486 
5531 
2629 
3975 
586 
300 
4381 
2425 
3072 
5337 
531 
5224 
1296 
2391 
5816 
2779 
1023 
3610 
5193 
5975 
1596 
5449 
894 
222 
3697 
3588 
5056 
2966 
2370 
2721 
988 
3983 
2622 
870 
773 
3623 
5678 
3980 
2540 
4898 
4105 
4481 
5700 
1740 
973 
3417 
2975 
715 
477 
1634 
2985 
2378 
4238 
2507 
5015 
921 
2048 
480 
1040 
532 
731 
2176 
2158 
5434 
1388 
3284 
184 
4084 
1681 
4497 
4166 
2035 
5614 
2149 
2407 
5085 
4247 
2051 
3789 
932 
638 
508 
4071 
3873 
4248 
5616 
2383 
4968 
1846 
3228 
5223 
2201 
5275 
4052 
5844 
5547 
2241 
861 
5997 
5530 
1808 
5766 
3273 
618 
4633 
2979 
665 
3598 
3301 
1927 
2826 
3335 
1760 
4930 
2041 
5324 
616 
1964 
4876 
5333 
5380 
1305 
1035 
4351 
1376 
1568 
4450 
1627 
2053 
4171 
2925 
4217 
4929 
2249 
4099 
5237 
2798 
5514 
1735 
4095 
5803 
4242 
361 
2008 
2495 
1493 
4475 
1024 
3832 
2824 
4955 
4216 
672 
1861 
4697 
2045 
4519 
2423 
3255 
180 
5612 
3760 
2829 
5284 
5585 
2869 
1104 
1648 
5334 
1874 
4527 
1273 
4680 
1249 
1833 
5401 
54 
4316 
828 
437 
2174 
111 
4504 
4264 
5299 
4708 
4208 
3778 
4542 
1733 
713 
3129 
5378 
420 
2492 
2910 
2486 
3219 
179 
2327 
3649 
1931 
5137 
1610 
4267 
4964 
3910 
4200 
2064 
4676 
2382 
4386 
2825 
3665 
515 
1434 
151 
5747 
514 
4069 
4879 
4903 
1270 
4658 
5264 
5219 
1057 
2502 
2134 
2840 
2329 
2055 
3421 
2054 
1358 
1033 
5886 
1444 
2323 
1428 
5172 
2078 
4439 
1390 
5773 
3264 
5972 
2693 
4413 
4297 
1532 
1875 
4205 
782 
3664 
1640 
1430 
1899 
1032 
955 
1891 
4416 
3988 
5425 
4204 
2406 
203 
3730 
5024 
5899 
1214 
3025 
2581 
5297 
4388 
2248 
5839 
5876 
585 
4865 
892 
1157 
1212 
152 
720 
2061 
1560 
3004 
3634 
3019 
2396 
1881 
2290 
3212 
2916 
4222 
3488 
4769 
1635 
3547 
3027 
1862 
4597 
2958 
5615 
3108 
5965 
1839 
2627 
4520 
349 
5728 
5207 
3396 
1159 
4112 
3889 
2672 
3186 
5377 
2537 
573 
1307 
15 
1269 
5524 
2081 
3242 
2448 
2708 
3888 
2946 
1773 
46 
541 
5915 
4477 
3132 
1101 
2870 
3448 
339 
3777 
4422 
4471 
4888 
3653 
2922 
296 
2528 
4515 
1341 
4897 
4502 
2385 
1591 
1527 
3323 
86 
5319 
234 
5478 
3941 
948 
4971 
4268 
4809 
1086 
346 
1459 
4789 
627 
3609 
5801 
4927 
3815 
1098 
5885 
3569 
4764 
1308 
5573 
2634 
2293 
304 
2328 
1665 
5858 
3952 
1702 
243 
3326 
256 
1368 
1303 
1171 
2737 
2805 
3762 
2800 
2534 
3833 
2131 
3453 
90 
2017 
3688 
4360 
473 
3454 
643 
2641 
5164 
749 
3384 
3302 
3622 
3175 
4087 
3863 
289 
5230 
2029 
1042 
565 
3570 
5703 
2879 
3740 
4751 
4298 
4056 
3107 
1997 
2052 
5651 
169 
4094 
3172 
127 
5273 
100 
5189 
3023 
5422 
4852 
593 
4649 
34 
1970 
1658 
936 
5146 
1469 
4546 
4916 
1398 
89 
3096 
5031 
2832 
3919 
5593 
3135 
2485 
1395 
4106 
4537 
2169 
1607 
5040 
4423 
4495 
2414 
1477 
4714 
2970 
785 
1867 
542 
1060 
2934 
3691 
5557 
645 
1107 
112 
1238 
2995 
1267 
212 
2497 
769 
1748 
1749 
2914 
2658 
5234 
2643 
5577 
3289 
934 
3923 
5488 
5601 
4249 
49 
1832 
2963 
5883 
3193 
4596 
4636 
344 
1502 
5580 
1437 
497 
2526 
3677 
5386 
3990 
2881 
3117 
1122 
417 
5961 
4461 
826 
4326 
5855 
5238 
5181 
3861 
4086 
2444 
2933 
5583 
3981 
327 
3652 
4132 
5216 
4961 
978 
3828 
1564 
5082 
2145 
4643 
4474 
1247 
386 
1976 
1660 
5750 
3355 
3739 
1728 
4660 
2412 
555 
2294 
3694 
3791 
1566 
4220 
687 
507 
5310 
5100 
2367 
2490 
5179 
2928 
3077 
882 
4419 
4257 
1805 
2384 
3282 
5026 
4996 
1674 
5243 
2867 
5163 
5930 
800 
1110 
873 
3690 
1684 
476 
4230 
847 
3627 
4296 
669 
3437 
3973 
4444 
1421 
4835 
1321 
3891 
4051 
3594 
3950 
5227 
2880 
4501 
3701 
2302 
4072 
5203 
2494 
285 
3737 
2126 
3397 
4067 
5507 
5649 
1274 
4699 
4311 
2124 
5539 
2430 
3207 
866 
1443 
2012 
5134 
3428 
1626 
5988 
277 
1069 
3818 
1403 
850 
2025 
2171 
4163 
1699 
675 
2301 
3270 
3541 
2188 
239 
359 
2858 
4440 
4939 
3831 
3714 
4281 
2397 
214 
1574 
2758 
3281 
4837 
504 
5517 
5149 
1370 
3784 
2473 
4491 
5628 
2810 
1548 
4912 
2146 
270 
3070 
368 
2250 
4997 
4631 
1930 
2137 
4828 
5441 
238 
4775 
3134 
4603 
2863 
1234 
3826 
4919 
3435 
901 
5272 
390 
4159 
3858 
60 
3170 
5905 
4227 
2508 
396 
2659 
2168 
1704 
1345 
2520 
5648 
2751 
303 
3188 
2122 
2355 
5535 
1072 
114 
2647 
2084 
5837 
1037 
1449 
4468 
1508 
1026 
5032 
1036 
5466 
5117 
4452 
4206 
5128 
2173 
961 
2649 
2475 
4168 
4421 
469 
1907 
2947 
4459 
2308 
5097 
1089 
3419 
3646 
4490 
2882 
4420 
2184 
2115 
3388 
2944 
668 
1349 
4532 
5436 
1689 
3719 
2548 
2094 
1454 
1955 
5807 
5346 
195 
4464 
5092 
2277 
666 
2937 
35 
2620 
5705 
2257 
1280 
5420 
2470 
1884 
3837 
2352 
5143 
5066 
1871 
2982 
4283 
863 
595 
1333 
521 
546 
3239 
1594 
2016 
2717 
1419 
1620 
1739 
1555 
5757 
1995 
4285 
1062 
16 
2449 
1354 
718 
5688 
3959 
5022 
2381 
4017 
454 
4033 
489 
4233 
5005 
4324 
2654 
375 
2307 
1357 
1218 
1190 
5198 
5946 
3799 
5452 
5161 
1452 
4647 
1961 
716 
5263 
1928 
2529 
3022 
3707 
225 
4415 
1295 
3750 
216 
2561 
2062 
4675 
3468 
1815 
3462 
382 
788 
5157 
4719 
1441 
2451 
3394 
2741 
3572 
1450 
776 
3854 
2334 
5213 
20 
1753 
5888 
5033 
3235 
2237 
5479 
3439 
4387 
2467 
4046 
3312 
1900 
1161 
1216 
871 
419 
3079 
5815 
3481 
889 
94 
2576 
253 
3668 
5572 
5955 
1232 
4975 
3484 
3786 
4110 
2002 
4655 
4592 
2386 
1806 
5403 
907 
2057 
67 
1792 
333 
5746 
3770 
4642 
2298 
3811 
3961 
1971 
4369 
5158 
4460 
155 
144 
2129 
5170 
1693 
1475 
3673 
4139 
3606 
3599 
4089 
2087 
4155 
2762 
438 
4528 
5895 
2225 
5445 
4057 
5720 
181 
1579 
5276 
2660 
4670 
5396 
494 
3906 
2972 
423 
4624 
5323 
3706 
5381 
2954 
5423 
219 
48 
1826 
5132 
3496 
1580 
88 
5922 
1988 
2938 
2765 
2419 
3565 
4833 
5468 
24 
2632 
2662 
3920 
914 
2781 
3713 
3573 
3345 
3202 
429 
2816 
5631 
2461 
1632 
1843 
2712 
275 
5360 
3090 
4742 
2204 
5196 
1170 
883 
4199 
3325 
2608 
496 
4540 
3408 
3205 
4003 
3089 
3059 
993 
410 
5697 
3823 
2186 
5349 
2101 
3745 
1707 
3201 
5173 
1876 
3708 
2189 
178 
492 
3483 
1910 
2044 
2640 
1986 
3904 
4482 
1822 
3715 
5306 
2047 
3351 
3736 
3793 
5543 
5392 
3118 
591 
5921 
2088 
2827 
2198 
972 
4870 
2238 
2110 
3528 
3380 
5402 
3091 
1029 
2404 
2190 
657 
2304 
885 
2315 
1126 
5977 
5074 
1706 
928 
1734 
917 
5400 
1424 
2987 
5429 
4275 
2856 
1460 
5864 
4787 
1785 
4984 
4672 
3974 
1892 
4736 
5200 
2945 
4748 
430 
1755 
3426 
3486 
2136 
5348 
5211 
706 
4250 
2019 
4695 
699 
3114 
3431 
5154 
2102 
1495 
3512 
4995 
3922 
1737 
5120 
4489 
5853 
5116 
818 
3350 
1615 
3995 
2930 
3964 
2390 
1764 
3293 
1076 
5736 
434 
751 
3446 
5153 
230 
314 
519 
2267 
4735 
5503 
3795 
7 
2766 
366 
3414 
4140 
1669 
5586 
23 
5061 
1941 
2457 
3554 
4840 
4880 
1499 
4073 
4409 
4193 
3710 
1744 
4864 
1263 
322 
3051 
1028 
557 
4547 
3519 
597 
3866 
5037 
1766 
4143 
294 
3210 
4364 
4804 
4932 
3165 
5647 
5262 
5567 
4091 
676 
2704 
4451 
2194 
196 
2713 
3285 
1611 
154 
5241 
578 
5280 
2368 
4806 
1172 
5716 
1848 
305 
3801 
3925 
3613 
2097 
5828 
4462 
4956 
1331 
4228 
142 
5426 
5361 
4802 
1051 
4201 
5989 
2994 
1372 
3216 
2281 
5258 
2868 
5932 
5968 
3245 
4713 
4626 
4082 
4991 
2338 
738 
644 
1222 
1998 
1696 
5444 
1075 
5634 
880 
3311 
5931 
567 
1113 
2739 
681 
5492 
2587 
4698 
2286 
3164 
3790 
4777 
1350 
3618 
1966 
4913 
4524 
3924 
4070 
5865 
938 
971 
5594 
3527 
5497 
1100 
4203 
2885 
5107 
1315 
3648 
3368 
5973 
4619 
362 
3885 
1710 
5266 
543 
4545 
465 
3755 
526 
3189 
5298 
528 
5365 
2032 
4192 
66 
5278 
4431 
3198 
4390 
4292 
3407 
4715 
4656 
2707 
4855 
1549 
3015 
1463 
3403 
2926 
5916 
5034 
2291 
2117 
4885 
2893 
851 
2515 
4952 
40 
1220 
1750 
1768 
5111 
5305 
1275 
3480 
5414 
2354 
2606 
4312 
5043 
4754 
1567 
2905 
2379 
570 
3703 
2760 
605 
3639 
3853 
1909 
2797 
3391 
701 
3 
4872 
4745 
258 
3082 
5121 
269 
5387 
5144 
4570 
1173 
2575 
2452 
2571 
4738 
5942 
411 
4280 
33 
663 
5956 
2740 
2671 
1869 
4535 
2076 
2432 
4725 
992 
2854 
3776 
976 
4379 
3540 
797 
59 
3579 
3546 
3208 
3645 
2890 
3254 
1727 
5261 
3360 
192 
2130 
3374 
1456 
601 
2864 
1087 
732 
1179 
2372 
5359 
5302 
2735 
2941 
5362 
5796 
1405 
5727 
1851 
2258 
538 
1631 
939 
4663 
2682 
4709 
5654 
3303 
3433 
4266 
201 
2692 
1852 
5770 
3251 
3378 
4585 
4097 
5195 
1517 
1288 
4692 
5369 
4773 
2030 
3960 
5599 
2224 
3279 
4335 
3938 
3798 
3334 
4356 
1810 
5607 
2923 
1912 
446 
5774 
1339 
559 
952 
1516 
5023 
3400 
3928 
1379 
1156 
1582 
3686 
3048 
5999 
4757 
2020 
2552 
5950 
4053 
4827 
2276 
994 
1410 
1074 
4185 
14 
4007 
1726 
5139 
4038 
2586 
2371 
717 
2167 
1429 
17 
2007 
3297 
2351 
3459 
427 
4945 
1150 
5 
2563 
1770 
4765 
3926 
4022 
3803 
3892 
5978 
1625 
71 
91 
3753 
1641 
1229 
1330 
2790 
5533 
4602 
577 
4584 
1490 
3994 
1609 
1102 
1314 
5824 
2253 
2775 
308 
2989 
2300 
2753 
4593 
4759 
5805 
448 
2877 
1133 
4993 
2155 
925 
4907 
2067 
3765 
2657 
110 
6 
3460 
5431 
4061 
5282 
2696 
5780 
985 
3269 
5167 
5879 
4717 
4037 
4899 
624 
2720 
778 
967 
1374 
954 
4963 
5215 
5418 
4083 
2408 
3024 
4982 
3061 
2074 
5721 
1181 
1781 
3318 
4077 
4147 
684 
4124 
4373 
5574 
5260 
2482 
2950 
1794 
5012 
2182 
1720 
3291 
4508 
1431 
3315 
4063 
3984 
295 
1163 
2428 
1754 
3226 
1541 
796 
5832 
5891 
268 
5660 
3921 
1462 
1155 
5002 
272 
146 
2746 
2522 
740 
5417 
4176 
3412 
4726 
2786 
5183 
5257 
5550 
2749 
4846 
2172 
3877 
1140 
406 
2845 
4785 
3869 
5880 
1725 
5235 
96 
3231 
3250 
3560 
1886 
2319 
4729 
4321 
537 
1948 
3139 
4256 
2806 
1066 
5897 
5077 
1168 
2469 
3593 
3712 
5643 
4015 
3702 
1384 
5778 
5467 
3746 
2065 
770 
4123 
5415 
3227 
1841 
2312 
1111 
5004 
3643 
2361 
4923 
4928 
2872 
5540 
447 
963 
2583 
653 
5385 
656 
3802 
3532 
3890 
5639 
3138 
335 
3349 
3521 
1537 
5156 
4161 
599 
4303 
2817 
5079 
617 
3052 
5110 
4001 
309 
4687 
3362 
587 
1645 
5489 
3342 
2729 
1767 
5433 
3214 
3671 
727 
5681 
3067 
1187 
483 
264 
4572 
1922 
4962 
1323 
2562 
5356 
5021 
2270 
5715 
2211 
3857 
5980 
1554 
1192 
1550 
373 
1258 
527 
575 
1756 
363 
218 
5878 
1782 
2574 
3324 
4853 
4743 
1448 
2296 
3197 
3217 
2274 
4191 
5122 
810 
2443 
5682 
1243 
4393 
4367 
2275 
3029 
5498 
728 
1844 
5486 
2219 
1498 
1605 
2263 
233 
1513 
1083 
702 
2731 
5325 
307 
791 
3662 
1987 
4552 
2803 
4985 
5785 
1718 
1853 
2504 
3263 
4752 
2648 
2205 
2103 
3327 
340 
4657 
1364 
5457 
4214 
3590 
4873 
2010 
4723 
124 
2259 
3267 
589 
5194 
3007 
814 
4050 
1885 
2401 
5412 
318 
326 
2031 
4949 
5744 
1337 
4048 
1979 
4770 
1506 
2440 
3769 
1602 
5843 
4213 
4957 
2409 
3780 
2027 
4258 
2943 
4749 
5505 
2969 
1052 
4219 
5256 
5244 
529 
1942 
5740 
4359 
2973 
4169 
3105 
4092 
348 
5354 
1484 
5197 
4966 
1292 
5332 
177 
3409 
1911 
686 
3474 
2072 
2023 
404 
1056 
3997 
3159 
3522 
5271 
2590 
1147 
136 
3229 
4944 
4691 
4036 
1905 
1245 
746 
5813 
193 
2128 
2626 
3817 
1729 
1730 
2602 
1416 
5755 
1236 
4878 
919 
5367 
3447 
4391 
2113 
490 
1778 
5940 
5842 
4901 
5469 
811 
5312 
1977 
5913 
974 
799 
495 
2210 
5569 
2644 
4010 
2295 
2471 
893 
991 
3337 
1542 
61 
927 
4826 
1367 
4190 
4529 
1509 
1461 
1099 
1068 
149 
2818 
854 
5311 
4430 
2022 
628 
3794 
1604 
2232 
1406 
2299 
4142 
4902 
4049 
3298 
1135 
4652 
1982 
2897 
812 
3989 
5604 
916 
3471 
2828 
189 
128 
4026 
1146 
864 
4156 
5165 
1160 
4653 
837 
10 
2321 
2325 
159 
1094 
2080 
827 
5622 
3438 
834 
4173 
4207 
2075 
3183 
4434 
479 
4721 
141 
3372 
1809 
1896 
915 
2892 
2661 
3738 
1698 
2912 
4867 
4473 
1825 
4154 
79 
2402 
5958 
910 
664 
3614 
2199 
5078 
1423 
3028 
1455 
3213 
4684 
4896 
5382 
5959 
739 
877 
501 
4457 
5065 
2773 
5084 
2162 
1925 
41 
2005 
2792 
5145 
133 
1559 
3846 
2666 
380 
210 
3037 
445 
2157 
3287 
1774 
1351 
5792 
92 
1683 
1118 
4766 
2217 
200 
1651 
1763 
3604 
3056 
3985 
1713 
4446 
1599 
255 
4556 
2597 
4162 
109 
3804 
407 
4720 
1562 
1380 
580 
202 
5663 
2860 
2322 
1340 
2346 
5849 
1943 
1751 
4816 
4349 
5081 
5964 
600 
5208 
4254 
5673 
5481 
2175 
1949 
4055 
5711 
1950 
765 
5963 
1144 
3395 
5485 
3099 
5941 
5303 
4790 
4972 
5704 
4824 
4188 
2768 
835 
924 
4318 
1868 
3806 
3908 
237 
1834 
3309 
325 
5754 
1552 
563 
4868 
5717 
4935 
4784 
1293 
4027 
176 
3141 
1945 
2517 
1235 
5629 
5729 
1385 
3517 
4666 
4433 
1924 
50 
2353 
2262 
12 
5459 
806 
2350 
5358 
3068 
2585 
2625 
3144 
986 
3353 
5409 
1162 
5552 
2554 
4522 
4272 
248 
790 
4295 
1695 
5053 
2096 
97 
421 
5355 
2235 
75 
3531 
4646 
2771 
3180 
1902 
2546 
1719 
4118 
5038 
1642 
3041 
1203 
2085 
4244 
1872 
5726 
1386 
502 
3055 
1313 
539 
2652 
998 
3624 
4705 
4344 
1571 
3685 
2830 
3398 
1067 
2491 
235 
395 
3878 
