15000
14284 
4634 
11299 
2363 
1929 
4144 
1087 
14448 
1516 
14967 
13339 
13285 
12199 
9223 
5867 
9185 
1895 
12664 
11096 
8472 
985 
14225 
1535 
1147 
7080 
11660 
4408 
331 
5087 
2269 
7194 
230 
14702 
7508 
12417 
13594 
6069 
4194 
4743 
326 
12276 
2521 
6980 
12220 
5225 
3103 
10822 
8456 
9804 
7067 
6459 
750 
14503 
8404 
4451 
6733 
14153 
4855 
2042 
7146 
14400 
1941 
14231 
5355 
6783 
815 
13705 
13992 
6573 
13298 
959 
13164 
4243 
369 
14791 
1478 
9354 
13459 
7218 
12626 
14794 
7695 
4511 
7876 
2223 
12731 
8568 
2571 
7577 
9985 
9858 
11912 
9226 
11463 
7554 
6904 
430 
3919 
13374 
1972 
2596 
6698 
9495 
3873 
9045 
14159 
5914 
3197 
7104 
3422 
10384 
3948 
7534 
12393 
612 
11934 
13035 
2250 
3716 
12223 
11215 
11316 
16 
3813 
391 
13633 
14760 
1032 
4211 
12746 
8161 
6160 
3362 
14765 
3454 
10744 
3759 
9099 
5428 
7124 
3810 
4070 
11430 
6901 
4722 
1812 
5669 
3874 
10063 
6338 
988 
1528 
10356 
598 
6725 
3793 
7107 
1824 
3377 
3619 
1995 
5477 
6547 
12870 
3752 
13420 
10940 
10997 
9358 
7776 
10484 
13817 
9591 
2126 
7044 
10472 
13804 
1286 
12381 
14843 
423 
21 
10758 
11816 
12105 
11247 
14963 
9733 
20 
2818 
10382 
7637 
5454 
13654 
655 
2199 
591 
3777 
3364 
8204 
7428 
9210 
5109 
2456 
8871 
7652 
681 
6659 
6807 
3897 
4691 
10138 
13701 
8825 
4549 
9905 
1961 
6043 
9579 
8602 
9098 
9084 
4021 
13860 
7362 
6496 
11129 
13477 
12776 
14821 
2485 
10122 
9300 
8372 
5710 
10527 
6463 
3360 
3302 
9314 
5656 
5494 
6413 
929 
7286 
12014 
7808 
12006 
4784 
8362 
1264 
5515 
9527 
12476 
9449 
7056 
76 
3572 
7806 
8365 
5492 
783 
10794 
9665 
14280 
8437 
13729 
10091 
1587 
10937 
10251 
3582 
8654 
12985 
13659 
10582 
12288 
956 
389 
7379 
14795 
4876 
7755 
6051 
8336 
11325 
4780 
6125 
10030 
14697 
13337 
14560 
11220 
14409 
558 
7219 
3743 
6927 
5499 
4362 
14274 
10602 
3484 
14730 
917 
7258 
433 
3633 
5261 
13020 
12119 
7576 
8792 
13338 
460 
14510 
12135 
2295 
11853 
1291 
11587 
607 
7531 
2277 
14644 
5985 
2453 
14684 
5273 
4253 
11111 
1397 
13006 
12413 
8719 
618 
4468 
10599 
1907 
3591 
14239 
4547 
5149 
6912 
3135 
2154 
11219 
4282 
8138 
13931 
13324 
5110 
14964 
2643 
12529 
3856 
11957 
4572 
14513 
4141 
14098 
13411 
3088 
14389 
7040 
11172 
5544 
8799 
8647 
6457 
13520 
13850 
13790 
9295 
5746 
3097 
12600 
1022 
1251 
2314 
5825 
5218 
11158 
10805 
12020 
11817 
9129 
13597 
8830 
2751 
10075 
8185 
7150 
12818 
5223 
5168 
5575 
637 
4402 
12724 
10680 
13283 
12440 
3044 
3684 
340 
9221 
13825 
13185 
11681 
3433 
8895 
6910 
9950 
3056 
14146 
3021 
11341 
2458 
1572 
14981 
6974 
1339 
7848 
9827 
7885 
2763 
6680 
746 
2837 
8632 
7702 
13550 
2330 
293 
10436 
4006 
14382 
6585 
7699 
10194 
476 
11857 
5227 
4609 
2867 
10080 
1803 
9529 
7307 
12855 
3737 
7798 
4567 
3113 
4559 
13350 
8694 
4798 
5353 
9727 
5504 
1756 
7468 
6619 
13317 
11069 
9879 
3242 
1612 
6488 
7599 
291 
8334 
6232 
215 
3955 
6341 
11310 
3681 
3984 
713 
10228 
2394 
8569 
116 
9747 
5620 
9411 
14358 
11644 
4056 
1243 
4125 
2798 
2721 
13309 
4618 
13059 
7372 
13026 
12635 
9518 
6714 
10792 
12367 
3349 
642 
7396 
12576 
1006 
14701 
239 
11344 
9684 
5598 
11606 
8046 
3651 
11366 
6030 
549 
7992 
6406 
4719 
9563 
5433 
5341 
11873 
11996 
2563 
12435 
9974 
4593 
11384 
12410 
8487 
1456 
790 
12145 
8459 
6924 
11608 
8409 
4174 
5208 
8801 
11460 
2934 
8097 
13421 
10469 
10394 
3182 
589 
8802 
13388 
13571 
9491 
3551 
5879 
8115 
4091 
3431 
457 
555 
33 
6755 
13427 
11559 
2912 
4017 
4481 
5570 
7760 
7897 
8184 
1769 
9441 
11418 
9218 
10878 
3389 
68 
5282 
11590 
6633 
1629 
13820 
11656 
10546 
9864 
6218 
2267 
473 
9755 
3763 
12736 
781 
1634 
857 
2371 
1293 
901 
14788 
1659 
9365 
14026 
13803 
11003 
11493 
13854 
4825 
12830 
10340 
7860 
5565 
9029 
10355 
10994 
7416 
4005 
3854 
4728 
14831 
12507 
14569 
8073 
6720 
3323 
4463 
13743 
6960 
1323 
4043 
6789 
1145 
9204 
3929 
1841 
11084 
14224 
8812 
11668 
7961 
12489 
5044 
11318 
8405 
800 
5657 
6067 
5211 
6034 
10953 
2954 
2189 
6351 
14606 
13862 
14507 
6583 
7106 
1654 
12689 
3441 
9794 
6815 
4961 
14408 
10331 
7725 
13600 
892 
13748 
12093 
11447 
1124 
6888 
7087 
4695 
12129 
1423 
7596 
3157 
9571 
7237 
11522 
4772 
1445 
682 
2438 
9678 
9599 
440 
14387 
12073 
2478 
1783 
516 
6157 
14519 
9317 
11856 
12901 
8858 
9277 
5883 
7828 
10502 
5489 
210 
14934 
12122 
14117 
11745 
13779 
2482 
4968 
3343 
9329 
8744 
4678 
9701 
1053 
12633 
2692 
7682 
868 
644 
12241 
3317 
14520 
12290 
458 
14543 
11486 
13009 
2475 
11441 
3857 
3171 
13896 
4940 
6729 
10699 
3166 
11357 
2713 
14131 
10342 
12718 
7344 
2193 
10534 
14303 
9201 
5460 
1460 
2280 
896 
5080 
2151 
9013 
12560 
932 
5863 
1797 
14203 
5520 
13505 
10557 
8147 
3151 
10963 
5706 
13343 
14638 
11415 
5993 
4687 
14931 
13755 
3159 
3785 
3153 
6448 
4360 
3522 
4744 
8725 
6976 
14769 
187 
4367 
13923 
14903 
7880 
5980 
13099 
6272 
7541 
9841 
14308 
5220 
10001 
11708 
8739 
4664 
4554 
3997 
3243 
6435 
9146 
4948 
9805 
7265 
5393 
11928 
14394 
2176 
4268 
13409 
9261 
1296 
11548 
8021 
4692 
11748 
14734 
9140 
10958 
3745 
3282 
4974 
7516 
11712 
6923 
6928 
3980 
4146 
11983 
12130 
12081 
13728 
9629 
10886 
4224 
8037 
10241 
10662 
9722 
749 
3741 
3830 
2860 
9167 
6163 
8781 
2292 
10556 
3169 
11480 
8737 
11808 
8759 
4413 
13471 
14804 
3599 
2197 
1369 
1112 
12582 
2785 
2887 
6059 
10865 
4657 
6018 
6634 
1794 
530 
276 
3215 
13157 
12686 
4014 
10884 
8196 
10289 
9350 
13367 
11724 
3548 
6671 
10043 
1908 
1954 
13068 
5739 
12939 
10053 
9466 
2342 
9546 
9687 
10864 
4574 
14483 
6475 
6500 
9288 
9351 
12253 
9940 
8770 
4002 
9840 
9361 
2869 
1067 
14071 
10923 
6433 
10854 
469 
9984 
1880 
12725 
8483 
7895 
10017 
2842 
10581 
12976 
8044 
2856 
3399 
12854 
6047 
4364 
11654 
11362 
1270 
741 
13927 
9656 
12641 
2187 
13177 
13061 
11947 
7903 
1043 
3958 
2084 
7200 
7415 
5488 
7442 
6222 
4369 
14341 
3015 
5231 
3123 
5857 
12498 
4485 
10010 
6364 
7585 
4120 
2308 
6191 
7843 
11470 
4104 
4917 
8791 
5584 
9771 
14418 
584 
2225 
13352 
14594 
3814 
10387 
1406 
1859 
2880 
13499 
635 
13493 
10240 
11055 
10762 
8486 
4394 
7506 
11798 
14173 
3456 
10756 
7138 
8696 
3420 
8509 
12347 
8300 
10807 
529 
14411 
11216 
1416 
13843 
3470 
12702 
13504 
223 
6532 
4633 
12521 
7638 
14505 
14363 
10403 
12365 
10818 
1138 
14529 
6411 
13207 
9457 
10450 
1336 
14572 
6759 
6080 
5839 
8143 
1464 
1639 
8600 
5493 
8462 
13184 
5966 
5522 
13989 
10064 
5380 
8565 
7650 
3707 
13980 
3259 
4874 
2900 
13199 
4661 
13542 
11182 
13468 
4498 
8837 
9659 
3765 
4550 
9487 
3788 
6335 
221 
3751 
7987 
12948 
12660 
12243 
7563 
951 
9825 
14540 
5004 
5049 
6326 
11165 
2111 
3708 
11959 
7720 
14747 
3538 
8594 
11754 
14646 
5447 
8543 
8885 
4666 
1547 
10185 
3006 
11755 
2206 
14187 
2737 
13762 
9189 
11254 
14948 
13771 
4251 
11346 
8616 
315 
1467 
12272 
823 
4297 
7981 
7186 
7614 
4480 
3991 
10585 
4263 
8478 
3292 
4745 
8247 
11012 
13076 
5230 
11083 
8624 
8938 
10658 
13135 
7831 
14950 
3462 
14323 
4466 
9713 
8814 
12458 
5401 
1672 
13010 
10169 
13713 
144 
5417 
5069 
7324 
8916 
11913 
10035 
1223 
7845 
5388 
11243 
8820 
2594 
1837 
2761 
8015 
10363 
13474 
3404 
1696 
1426 
9634 
9514 
11269 
6948 
12345 
1779 
14864 
6869 
9882 
4349 
7598 
4538 
12235 
12913 
11092 
14835 
5532 
10391 
14514 
12611 
12495 
4966 
861 
4234 
3039 
2730 
11109 
4116 
3835 
12265 
6050 
4422 
2364 
7589 
12862 
4264 
13712 
282 
6228 
9297 
184 
4707 
7450 
11127 
8172 
12876 
347 
10475 
4303 
12637 
1680 
12879 
11416 
7211 
5566 
7316 
11865 
13591 
2916 
5464 
4441 
8562 
8765 
1568 
10104 
12525 
2227 
8988 
14637 
12938 
8430 
13187 
5638 
1314 
7007 
2681 
14956 
3339 
12572 
13425 
14462 
10577 
8571 
12618 
11750 
11919 
9639 
12270 
9434 
1675 
10459 
7441 
1469 
1956 
12394 
7081 
1574 
2758 
8610 
6699 
925 
6101 
7712 
12545 
10716 
12459 
5351 
1708 
8419 
6551 
7480 
7870 
3306 
10555 
9603 
1625 
14285 
10433 
716 
11114 
13275 
1584 
11651 
3836 
13220 
10809 
6428 
12395 
9316 
6476 
1965 
12214 
3650 
13055 
9991 
1918 
6662 
6356 
3043 
3340 
9785 
2402 
6718 
14037 
2753 
14810 
5323 
13082 
4596 
11655 
7847 
11612 
1487 
8869 
778 
74 
9660 
9761 
9409 
9318 
9711 
11276 
937 
1717 
1704 
4998 
6410 
13876 
738 
5653 
1174 
8735 
2738 
648 
7782 
11266 
2946 
1402 
11335 
14744 
13308 
8499 
5745 
5650 
3125 
3687 
8052 
4967 
6763 
4156 
5843 
6670 
13362 
12993 
4978 
1560 
4080 
9414 
6842 
12892 
11933 
12356 
10217 
11594 
7912 
7941 
9331 
4187 
10220 
13676 
8747 
2073 
784 
8273 
2743 
9057 
5245 
7610 
11379 
3649 
5082 
6224 
6994 
7625 
14861 
14879 
9209 
4491 
226 
1443 
5076 
2102 
8960 
8646 
14647 
3771 
5819 
7111 
454 
10132 
5702 
13226 
5674 
6416 
921 
5159 
9521 
12049 
4523 
2190 
3032 
7718 
14881 
2141 
1331 
9435 
232 
6905 
272 
2226 
6130 
8745 
11551 
13593 
6831 
10574 
864 
3555 
2859 
1661 
2397 
10976 
6538 
14276 
9219 
8364 
5957 
14023 
13853 
2790 
2450 
1424 
11399 
13389 
5789 
8991 
4424 
12047 
13979 
13071 
1843 
13464 
10981 
743 
11236 
4429 
6801 
11141 
12651 
13050 
14241 
8773 
12313 
6689 
7787 
4962 
9769 
12967 
11642 
6794 
3054 
13249 
14383 
10018 
2789 
2970 
8139 
8930 
10642 
11420 
1352 
320 
11381 
10 
7683 
11065 
1434 
831 
1167 
2630 
5024 
6566 
3188 
7390 
3625 
659 
6828 
8539 
3297 
1646 
767 
5067 
1614 
2622 
5179 
8209 
11175 
11898 
13598 
854 
2764 
2276 
3167 
4395 
5181 
12687 
8560 
9343 
4310 
11469 
14352 
7207 
8829 
2369 
12375 
196 
14388 
1963 
2103 
878 
11293 
13818 
8949 
13261 
6003 
13490 
13210 
10916 
11823 
5554 
3903 
6515 
11265 
505 
6425 
2882 
10434 
14268 
12742 
7666 
6880 
18 
9406 
10376 
1678 
3642 
11462 
12379 
12284 
5260 
10628 
12056 
6417 
9255 
10113 
1271 
12860 
850 
11137 
12353 
2583 
11063 
1981 
8474 
10773 
8954 
2201 
720 
12030 
11110 
10293 
7664 
10834 
478 
14085 
13369 
11240 
13601 
924 
2929 
14917 
10000 
9513 
413 
12200 
805 
12512 
9263 
4869 
8911 
11699 
5143 
12929 
4846 
12607 
5785 
7181 
2294 
8805 
4071 
6179 
6892 
11811 
10126 
11478 
7908 
14312 
10765 
14028 
14421 
7522 
14428 
12908 
11945 
1543 
12352 
10549 
9689 
11781 
4753 
2133 
9782 
6044 
14564 
11340 
3711 
2457 
8760 
3324 
13465 
10943 
2754 
3696 
631 
12383 
2553 
6791 
3398 
8534 
14774 
6719 
9944 
8388 
14515 
12684 
1698 
1398 
4306 
2661 
9222 
14320 
3710 
5065 
9160 
13955 
14641 
5098 
13078 
6858 
3988 
10443 
7809 
14054 
10970 
12567 
14910 
6111 
12741 
11921 
11081 
8179 
981 
14211 
11887 
2662 
11494 
5238 
661 
12540 
7711 
6683 
761 
5696 
5527 
12628 
5668 
297 
9199 
12299 
13663 
2426 
10895 
12602 
12765 
4980 
8673 
1950 
4601 
6859 
9304 
5213 
12318 
11458 
12865 
3709 
7747 
3459 
11763 
9070 
12446 
14123 
3563 
957 
2514 
9024 
308 
6638 
4676 
3218 
1807 
6867 
2428 
1795 
9241 
8501 
12350 
2843 
7032 
1662 
11306 
3576 
1052 
14356 
1987 
9600 
3693 
13323 
13169 
5472 
5820 
11307 
11117 
7382 
1630 
1446 
3844 
6154 
4177 
14302 
5933 
14403 
11160 
9898 
2644 
13772 
3081 
3799 
1096 
11953 
11290 
1166 
13371 
13405 
13246 
53 
9489 
3023 
10962 
2941 
14850 
2883 
1202 
1925 
7367 
1784 
4375 
5182 
13840 
2171 
3914 
10477 
8043 
10833 
65 
7501 
1770 
9919 
3099 
2996 
13784 
6379 
10310 
14265 
2546 
4051 
813 
4621 
1485 
13639 
10087 
841 
10205 
10644 
12645 
6380 
5977 
9002 
894 
5846 
2311 
611 
9153 
10823 
4889 
3453 
10667 
10388 
4591 
6403 
904 
2337 
10024 
3617 
6940 
10246 
2893 
6395 
9718 
10371 
1220 
4573 
14781 
759 
7141 
13726 
3455 
11765 
12947 
4856 
1366 
3350 
8356 
3227 
2336 
2703 
9046 
11283 
6762 
10739 
2690 
8570 
2817 
3630 
14966 
3665 
2353 
5020 
5313 
3653 
353 
9740 
9155 
435 
12174 
2310 
1805 
6528 
7922 
13046 
10841 
9191 
8888 
11579 
9488 
3673 
10501 
1388 
9661 
3783 
2404 
6362 
10344 
63 
7503 
3408 
5683 
4418 
966 
13232 
7853 
9268 
4995 
9345 
12075 
8028 
3430 
12230 
4689 
10287 
10343 
5503 
13789 
14207 
5317 
1241 
14395 
12196 
9213 
7630 
4577 
2273 
1751 
7142 
9216 
2489 
12358 
939 
889 
12340 
10559 
4321 
1410 
3701 
7606 
12077 
7890 
4971 
7996 
5142 
10948 
107 
12226 
12754 
312 
4342 
8466 
3478 
6040 
11567 
5452 
12091 
14282 
13073 
1207 
9359 
14053 
10198 
12798 
5791 
721 
3899 
4589 
10408 
10316 
1525 
5458 
2612 
11838 
110 
5723 
9027 
9369 
12617 
12972 
4640 
322 
8263 
3861 
8162 
8845 
9813 
1488 
3156 
6704 
2108 
14741 
6571 
6760 
908 
8098 
408 
12866 
7148 
8304 
10947 
1651 
9971 
7405 
14648 
9321 
10322 
2245 
13809 
9405 
3141 
8994 
264 
3928 
5697 
11995 
1045 
8641 
9162 
9980 
14771 
3600 
6330 
7057 
6707 
728 
4815 
8442 
7603 
3573 
13278 
12369 
1461 
6882 
2027 
5740 
2447 
8401 
14144 
8489 
8713 
12038 
11425 
8254 
13752 
10927 
11648 
6098 
11432 
5001 
10998 
10558 
5824 
6607 
1546 
14453 
4355 
14782 
8108 
2361 
8217 
6626 
547 
10697 
5513 
8142 
2614 
2645 
4482 
13691 
6468 
2502 
10108 
6780 
6147 
6921 
13193 
14837 
12551 
13329 
6464 
14773 
12307 
11162 
6123 
441 
2723 
2602 
1175 
7816 
7079 
5329 
7735 
5713 
1472 
12171 
1650 
14060 
8690 
6093 
6827 
6484 
5680 
7730 
6996 
4791 
163 
12587 
3659 
11389 
541 
2915 
8444 
12203 
1656 
1582 
7995 
10766 
8793 
6346 
3714 
5498 
3533 
11186 
13669 
5576 
3559 
228 
5155 
14385 
3195 
8590 
1589 
10609 
11496 
9631 
1152 
6804 
9415 
3366 
2554 
886 
742 
745 
12727 
4530 
550 
10393 
11942 
4537 
4890 
1881 
948 
6657 
386 
8603 
2924 
5180 
3419 
2584 
7374 
2693 
12912 
12769 
8667 
14653 
10750 
5516 
7235 
14645 
3038 
6384 
9987 
7799 
10578 
4585 
2963 
8552 
12906 
8020 
4241 
14990 
3320 
6857 
11282 
2640 
9492 
5621 
11376 
2980 
1893 
8623 
4066 
10838 
6978 
13083 
465 
6672 
11393 
6850 
2874 
12240 
484 
2383 
13589 
13944 
10282 
11828 
1573 
1919 
7729 
2794 
8396 
5107 
12163 
4819 
6477 
4928 
14080 
6405 
10887 
13943 
5838 
7166 
13517 
2573 
12974 
9544 
10462 
7716 
3575 
1821 
300 
964 
773 
444 
4274 
12787 
5132 
7260 
3721 
4658 
6016 
14156 
4319 
11740 
2211 
2148 
6242 
4688 
4416 
5765 
8877 
1330 
8331 
8348 
1191 
8508 
9828 
6378 
11434 
1876 
10209 
12705 
13692 
2717 
11150 
11404 
7956 
13838 
8374 
1958 
3031 
4442 
694 
14836 
7901 
8308 
2540 
6467 
4223 
1526 
2382 
940 
11233 
6702 
14862 
12462 
12672 
13685 
10070 
10897 
6911 
6739 
4195 
5971 
13203 
4909 
7231 
7647 
6415 
2809 
10190 
14050 
1836 
10333 
382 
13897 
13765 
11527 
4947 
205 
3480 
11609 
12931 
12046 
14487 
2424 
13535 
12404 
13987 
1154 
13703 
7536 
13441 
2968 
12644 
9018 
8873 
5015 
594 
14506 
3945 
4849 
2547 
3846 
11529 
7714 
14065 
4374 
13024 
13123 
9215 
1378 
2136 
11591 
4058 
14949 
13512 
5426 
6967 
6458 
14154 
5115 
7919 
8476 
8588 
10550 
12574 
2986 
11679 
5832 
14536 
7923 
521 
3796 
13672 
10304 
6833 
12170 
2014 
325 
9515 
4145 
11760 
2400 
13806 
10617 
806 
6939 
1603 
4590 
7136 
8507 
13458 
13975 
14691 
13902 
14343 
4972 
8445 
12072 
4299 
7538 
10158 
14604 
9699 
12553 
9519 
10461 
2653 
1097 
11039 
13313 
5176 
5953 
6070 
5212 
10438 
4879 
3987 
8277 
7423 
4261 
14939 
3124 
7840 
13003 
3853 
10033 
9928 
14807 
8137 
9573 
573 
7953 
1737 
10651 
719 
4877 
213 
2262 
6774 
7521 
9853 
13622 
2671 
206 
1976 
5391 
13074 
2320 
5900 
6315 
8596 
9913 
13926 
7660 
8272 
1792 
11940 
7092 
9431 
432 
157 
3831 
8918 
13651 
5306 
9101 
13056 
12624 
13217 
12790 
6975 
997 
3344 
10123 
12924 
2494 
6539 
4806 
4929 
3553 
967 
13449 
1588 
8473 
9097 
5359 
4902 
136 
8924 
7545 
8720 
5671 
12895 
9621 
4198 
12363 
6402 
7537 
2339 
4135 
11725 
7759 
2745 
13766 
5694 
10967 
12518 
551 
971 
6451 
13294 
14632 
8774 
14109 
5418 
6255 
12208 
10666 
1768 
10999 
4165 
10724 
7328 
2711 
5886 
11689 
13034 
7078 
8495 
11008 
6644 
8452 
12696 
3036 
1304 
11688 
7174 
10074 
5269 
14338 
12800 
14277 
4726 
323 
8060 
5021 
5094 
14947 
4337 
9888 
14722 
10711 
7100 
14853 
4923 
5113 
10345 
6552 
6414 
10212 
8925 
8243 
931 
10410 
7156 
13717 
8258 
14261 
4415 
5761 
11303 
10106 
12712 
13887 
13116 
14248 
4081 
13316 
582 
2801 
10702 
14332 
10728 
12734 
3893 
13898 
9323 
6 
6316 
13604 
13916 
9073 
1799 
9560 
3698 
3574 
8970 
13621 
2452 
3610 
11705 
8710 
14119 
3216 
12608 
5952 
12186 
11199 
10133 
7608 
12975 
4068 
5 
11586 
6096 
7817 
12211 
1913 
912 
11461 
10288 
2249 
9598 
13442 
4783 
3434 
14951 
13271 
7918 
543 
14034 
6771 
2305 
1063 
11156 
9671 
9285 
3291 
2828 
11585 
7893 
165 
6309 
13478 
9284 
13737 
14995 
7353 
3187 
8579 
11091 
7159 
8554 
11289 
970 
12017 
3487 
3265 
14470 
6382 
3126 
14136 
3569 
913 
14138 
14183 
6506 
5994 
10395 
1831 
6307 
12068 
3924 
14200 
14232 
9320 
5400 
12484 
566 
10227 
3628 
11549 
2097 
5435 
11373 
378 
2309 
1827 
4921 
9081 
11927 
6234 
9486 
14094 
13015 
1396 
4638 
667 
11468 
2668 
6223 
7525 
3247 
6795 
5618 
5602 
10120 
11835 
8440 
553 
9743 
10899 
14915 
3286 
8287 
12012 
12699 
9091 
6691 
12416 
2848 
12436 
14578 
2140 
8453 
6516 
3643 
6542 
2796 
9229 
4754 
2901 
3230 
11948 
4774 
6162 
973 
13741 
12418 
10533 
13603 
2300 
7500 
12382 
11533 
8018 
1883 
900 
11584 
2744 
2588 
4986 
13198 
14537 
12146 
10553 
14206 
13869 
13757 
11970 
7034 
169 
2529 
5591 
930 
6846 
10776 
3232 
6685 
13811 
12045 
3781 
8823 
2646 
3807 
11756 
12333 
4738 
531 
13088 
6577 
9690 
2372 
270 
7447 
9506 
8227 
14073 
9465 
2989 
13201 
14318 
3372 
4617 
398 
6117 
6094 
13457 
3263 
6246 
5783 
1875 
5442 
8360 
9132 
4954 
2886 
6400 
10588 
10875 
10262 
3778 
5501 
5690 
14779 
6108 
92 
4042 
6893 
14443 
1278 
826 
3202 
13131 
14070 
7704 
7856 
11018 
641 
12704 
8159 
129 
12191 
11692 
8246 
11904 
5345 
8029 
9949 
7672 
14463 
14401 
13787 
13606 
10830 
1153 
7309 
8113 
6799 
13085 
739 
12414 
14802 
14634 
14430 
243 
4789 
4215 
9522 
710 
5731 
13528 
5968 
3092 
13233 
9757 
3051 
1364 
3999 
4988 
1023 
3613 
4786 
11779 
1081 
2029 
8465 
14652 
7510 
8130 
7213 
3407 
8599 
9346 
5257 
10623 
2325 
10511 
683 
3731 
12187 
9619 
7070 
6407 
772 
3476 
13645 
12995 
1311 
12041 
13958 
3496 
6747 
979 
13932 
13738 
6029 
13522 
12343 
7914 
148 
6000 
8363 
5873 
3499 
14643 
9032 
10178 
13398 
5910 
8443 
2839 
103 
7858 
3022 
12944 
4937 
8789 
14015 
4604 
2264 
3534 
4539 
12029 
12479 
9245 
8862 
1033 
14683 
10295 
4133 
14090 
7523 
14465 
1085 
3328 
9022 
10023 
11988 
12257 
8436 
5474 
4553 
6822 
11455 
3213 
3281 
13466 
7715 
9923 
3753 
14247 
7607 
14998 
13863 
7948 
12078 
2712 
11941 
3491 
1553 
8318 
11542 
14217 
7364 
14378 
654 
3066 
1638 
6660 
12965 
6919 
12322 
2039 
9618 
2747 
14455 
5533 
5339 
12847 
14445 
2956 
14849 
13573 
14316 
14446 
11511 
10939 
3882 
11391 
14084 
3086 
4851 
7884 
4872 
2648 
12228 
138 
9313 
7268 
7444 
4110 
7600 
7410 
6843 
392 
5943 
14813 
6328 
11540 
3977 
12814 
9143 
11267 
14235 
12775 
7072 
4340 
37 
8846 
9596 
8649 
4317 
10245 
12869 
3668 
4376 
13946 
3931 
5722 
14599 
11603 
1626 
871 
4708 
240 
14256 
2700 
6173 
3519 
14786 
2892 
14132 
14478 
8545 
7408 
2565 
12304 
13454 
6798 
12147 
2449 
11541 
7793 
7827 
14365 
3978 
5681 
2603 
11367 
3985 
4265 
10058 
13625 
11030 
10759 
6819 
10482 
367 
7116 
7969 
9069 
2236 
5641 
10959 
11260 
5361 
9537 
6712 
9373 
5453 
5164 
13462 
2177 
11753 
12708 
7668 
12667 
1788 
4258 
145 
6588 
6053 
9375 
2135 
858 
3473 
6031 
5636 
9484 
8935 
2078 
3374 
4096 
10812 
9617 
13650 
5487 
9407 
7878 
1501 
3299 
2762 
13463 
2241 
75 
3495 
6321 
7251 
7812 
7986 
12914 
7327 
10506 
3766 
12173 
10961 
1451 
9237 
12488 
4945 
9589 
372 
13189 
12398 
6640 
14911 
6741 
6370 
1163 
14777 
13950 
2575 
14334 
1640 
3393 
8833 
6765 
6507 
9865 
10175 
6369 
9539 
7140 
9909 
1590 
5028 
11685 
3173 
3068 
504 
1471 
508 
2666 
13237 
8650 
11437 
6853 
13414 
13041 
6337 
10105 
14672 
11813 
8987 
5128 
2816 
11657 
12443 
12621 
12306 
11080 
8904 
8050 
8202 
5909 
2174 
10311 
2863 
11706 
11500 
9580 
1598 
10845 
8420 
4845 
11100 
3053 
6209 
11016 
4163 
1957 
422 
5088 
3742 
13619 
2587 
3664 
10236 
9071 
3388 
1259 
3458 
376 
11958 
7527 
14279 
13638 
2459 
974 
12238 
9751 
4123 
7496 
10380 
6612 
8948 
1429 
915 
4311 
394 
4034 
8968 
418 
13583 
8675 
3311 
3082 
13382 
6493 
2469 
1577 
2936 
5410 
4569 
731 
12526 
11078 
10523 
212 
7017 
10291 
47 
9121 
14812 
1604 
3994 
7052 
12254 
4643 
12541 
7571 
14622 
6989 
9929 
4284 
13515 
13089 
352 
8150 
14962 
12721 
4016 
12080 
9927 
2491 
1149 
3537 
10526 
7333 
707 
4237 
7792 
13137 
9062 
7750 
10234 
70 
3497 
1508 
12548 
5267 
3062 
8490 
12932 
14014 
3976 
5597 
13849 
3198 
6054 
13433 
2503 
4283 
11733 
13222 
5637 
1203 
1171 
10883 
5387 
14559 
3244 
14100 
14324 
8136 
2057 
6658 
12590 
1632 
6793 
2479 
80 
13315 
6609 
10255 
835 
10996 
14972 
10424 
6710 
6598 
12822 
700 
7319 
9694 
5508 
4529 
2822 
7665 
14714 
13319 
7974 
6645 
2158 
8188 
3925 
5795 
9721 
6185 
12767 
10142 
299 
1887 
14815 
3331 
5247 
8222 
5632 
5312 
5882 
1073 
11428 
12271 
2826 
14626 
11394 
11976 
8707 
10109 
9376 
319 
10257 
3524 
13212 
14336 
7419 
9267 
13114 
5769 
1745 
9818 
475 
2094 
14538 
55 
1923 
14296 
4105 
10215 
2105 
3561 
13332 
2205 
13281 
11239 
2576 
8756 
14920 
14270 
10084 
7509 
12328 
3531 
2935 
11874 
8573 
12655 
9236 
9228 
13277 
5788 
5012 
1871 
3199 
8687 
7882 
363 
4697 
13263 
1319 
4138 
13832 
8071 
2131 
3787 
12578 
9364 
12728 
8874 
13709 
881 
2023 
1830 
7964 
7437 
13017 
11297 
8080 
8004 
6745 
14989 
5202 
10377 
10014 
4403 
5058 
9399 
13456 
6198 
10072 
4148 
11720 
9938 
3042 
3964 
10277 
3437 
12315 
14287 
9512 
14753 
3001 
13175 
1427 
4842 
8522 
6412 
4008 
259 
1272 
6639 
13745 
7929 
159 
5420 
2007 
13521 
11163 
8575 
11738 
6618 
6620 
14442 
9326 
11547 
3626 
3011 
875 
11512 
6183 
13446 
9011 
4731 
5718 
248 
2063 
9766 
2881 
3875 
13287 
13966 
5905 
5145 
5509 
4003 
11797 
6851 
11046 
2166 
14021 
14459 
10456 
6386 
4459 
11872 
8038 
13749 
13372 
11539 
12813 
1735 
7731 
8265 
13576 
2251 
7302 
10904 
8706 
13031 
6078 
309 
11382 
9829 
2067 
2523 
2012 
8934 
2470 
14522 
9651 
479 
4382 
11097 
2279 
11629 
12229 
10600 
10859 
1705 
9682 
11017 
822 
5449 
12573 
1080 
8218 
14339 
10124 
842 
5198 
9008 
10800 
13481 
10435 
3421 
7989 
12198 
5054 
13443 
5931 
1384 
7266 
1493 
14610 
204 
9877 
14344 
178 
1298 
7726 
12218 
13847 
3221 
7313 
666 
7698 
9450 
12848 
4512 
1545 
7553 
3315 
7587 
2496 
1764 
13008 
14729 
7359 
13826 
12048 
12955 
1673 
10197 
8536 
1134 
4796 
5707 
11120 
12543 
3078 
3541 
1866 
181 
7633 
1891 
5537 
4454 
1669 
3085 
13402 
1898 
11801 
7558 
8346 
9738 
6263 
7635 
827 
7173 
3646 
11358 
9953 
14111 
14480 
4898 
11812 
4993 
1450 
6884 
10118 
10768 
13077 
9688 
5086 
2814 
12537 
14550 
459 
9870 
5318 
4371 
10303 
1852 
8992 
8757 
7602 
407 
9503 
1092 
3632 
12716 
3590 
3550 
11101 
2268 
13831 
1982 
14662 
7233 
9895 
9910 
11843 
2406 
10747 
4975 
10540 
12349 
6706 
14999 
717 
5842 
984 
3309 
8090 
3145 
1305 
4583 
1823 
9362 
14440 
13162 
11790 
10536 
14710 
9900 
13412 
6943 
7198 
4646 
12469 
7766 
4506 
12622 
9681 
8345 
4871 
123 
6057 
2214 
6141 
2969 
1700 
6203 
412 
2142 
762 
14970 
6357 
3144 
5893 
2536 
6013 
4667 
3269 
2675 
10116 
9251 
9912 
3912 
4699 
11031 
2476 
6479 
6126 
11456 
7188 
3326 
10360 
851 
8236 
2481 
2335 
4713 
14227 
1787 
7005 
6964 
2035 
1652 
522 
10350 
1677 
1905 
7710 
14946 
7001 
7165 
8692 
9020 
1840 
5007 
2752 
9309 
5586 
13429 
5689 
1362 
12069 
13111 
6775 
7900 
4121 
5112 
11905 
4373 
1222 
8193 
7259 
6258 
14010 
7293 
10494 
82 
7352 
3233 
13241 
6206 
2993 
10402 
8426 
3724 
785 
7803 
6081 
1804 
13144 
9575 
7982 
9712 
8657 
7373 
9717 
11422 
7055 
12761 
14370 
6394 
11815 
8512 
4175 
10351 
434 
14673 
12193 
4985 
7970 
1713 
6529 
13627 
10890 
6610 
8190 
10390 
11375 
5266 
2467 
12552 
2734 
8019 
10189 
7071 
11869 
497 
1344 
3028 
11312 
7351 
13274 
11523 
1912 
438 
4267 
14667 
6767 
7749 
14079 
14393 
8116 
7684 
12361 
8013 
3803 
652 
1228 
6024 
3112 
10103 
5335 
7862 
2446 
6361 
3475 
10714 
6788 
10056 
3797 
5167 
11206 
7620 
14108 
10493 
8228 
8025 
1623 
14592 
8213 
2932 
2153 
3442 
6083 
519 
696 
5280 
524 
723 
597 
2995 
13933 
1767 
10336 
3402 
3109 
9193 
14517 
5611 
195 
5123 
1098 
5897 
3654 
3149 
4543 
4514 
9301 
12499 
12128 
7250 
160 
7570 
7938 
5135 
12609 
13725 
14181 
1196 
8786 
4839 
8950 
6519 
2224 
6708 
7192 
5465 
99 
10524 
5595 
7167 
5708 
2188 
1714 
9570 
4733 
2291 
1498 
4486 
14677 
3661 
6136 
11875 
1578 
6391 
175 
5763 
13096 
13777 
8381 
10516 
844 
12692 
10260 
13723 
7128 
7088 
235 
7077 
5362 
6376 
2110 
7093 
10146 
2732 
6308 
9542 
3010 
5402 
7879 
2259 
7889 
5947 
9499 
255 
8134 
9442 
4751 
6120 
10643 
2092 
6918 
13608 
11094 
14099 
5902 
3680 
10798 
12490 
6374 
11119 
9333 
2928 
6426 
8832 
6985 
4620 
1077 
7271 
8718 
12882 
2070 
6431 
6377 
14171 
13407 
5075 
8034 
7457 
11715 
8049 
1088 
14009 
3373 
10684 
6900 
4039 
2420 
3786 
2620 
5932 
13934 
3883 
13839 
6409 
4623 
5034 
10880 
11001 
3231 
13751 
830 
6938 
7864 
9566 
2578 
1665 
3369 
2359 
6104 
811 
9623 
11251 
8267 
2877 
13747 
8112 
14681 
2787 
12113 
10027 
9341 
11593 
2931 
10297 
6366 
8496 
424 
9252 
9417 
14913 
8408 
3597 
9674 
5077 
8605 
12481 
8971 
11814 
356 
13582 
13098 
492 
3465 
12492 
12450 
13882 
5011 
5316 
11509 
7930 
3189 
11697 
14854 
7062 
13072 
194 
271 
6602 
486 
8631 
5124 
2393 
2510 
10036 
12210 
7217 
8048 
6784 
5921 
3283 
7539 
6520 
11897 
8294 
10726 
14521 
5798 
4860 
1624 
5490 
12162 
5935 
6559 
1244 
9998 
866 
5572 
1401 
2665 
13518 
11967 
5918 
8168 
643 
1902 
7605 
1857 
4232 
12126 
6440 
10719 
4414 
2091 
13501 
3267 
1079 
8947 
8929 
5043 
5156 
217 
1863 
11639 
3254 
5285 
12570 
8110 
11960 
8898 
5178 
7016 
13684 
4490 
2852 
7377 
1109 
4841 
12457 
4055 
13883 
447 
14391 
4206 
9382 
6757 
11572 
1292 
13562 
9061 
4556 
12399 
2441 
9460 
9830 
3841 
1554 
12804 
14719 
1533 
877 
8880 
8036 
3477 
629 
2312 
7363 
11106 
1906 
9502 
119 
7391 
254 
13547 
10139 
10797 
8352 
8516 
4614 
14595 
7944 
9144 
4922 
1184 
7006 
10669 
14693 
9698 
13864 
6734 
13107 
9594 
12468 
2520 
4865 
8174 
2846 
3539 
4047 
1036 
11177 
1290 
9203 
14784 
10458 
4458 
6119 
6192 
12909 
10038 
1015 
9697 
5239 
9471 
8836 
13230 
11347 
6074 
127 
9994 
4615 
6593 
336 
5665 
3245 
10848 
1940 
8135 
5463 
838 
4513 
39 
11965 
3406 
8951 
9961 
7797 
11883 
4564 
8140 
2229 
6636 
14471 
13373 
8633 
4864 
6155 
12117 
3460 
12251 
701 
8083 
9904 
9385 
14306 
8262 
818 
8567 
8282 
415 
13693 
10562 
9533 
5473 
3347 
7499 
3219 
12454 
1094 
7875 
13248 
3290 
10337 
2071 
7985 
8511 
414 
1072 
9903 
13400 
281 
13810 
4446 
1275 
5736 
14587 
5250 
7289 
5817 
13551 
1490 
732 
9026 
14439 
494 
11365 
8054 
13808 
8326 
11326 
11371 
520 
11218 
5928 
28 
241 
8479 
14542 
10042 
10060 
4592 
6695 
2775 
2095 
10920 
5628 
2997 
6365 
10831 
3638 
8559 
6497 
5467 
8206 
9087 
13039 
4142 
10547 
4060 
1064 
9889 
9902 
14534 
14928 
13387 
12581 
1897 
3424 
3989 
11207 
14354 
186 
3996 
626 
5773 
11108 
10278 
6829 
7564 
96 
4067 
2774 
9753 
12778 
2255 
13905 
12780 
12097 
6318 
9082 
11118 
1245 
466 
9784 
2030 
8187 
10746 
1991 
7216 
13097 
13330 
2348 
3898 
5101 
11839 
2626 
11665 
1949 
11566 
13846 
927 
9482 
2736 
5121 
10630 
624 
13530 
2468 
404 
3614 
660 
360 
12103 
6466 
9730 
7274 
4639 
426 
5903 
1235 
2258 
5147 
13780 
14557 
13104 
9604 
9076 
12885 
2191 
5129 
4000 
5946 
3417 
3695 
3776 
3671 
8469 
10259 
14165 
11176 
4293 
11870 
14319 
13290 
12817 
13304 
11837 
5701 
11833 
8730 
14919 
12178 
10135 
2691 
10299 
14351 
6730 
3217 
4401 
4994 
765 
7771 
791 
3354 
10125 
6289 
3603 
5714 
6247 
1217 
2356 
1417 
8421 
5806 
14708 
13190 
4857 
3565 
3804 
14058 
12840 
10274 
3823 
11672 
8638 
4565 
14907 
3718 
5799 
4675 
12256 
13868 
9039 
775 
3962 
14193 
5000 
13489 
10445 
9165 
3448 
13526 
7098 
11930 
1370 
9807 
3194 
4379 
12108 
7206 
1210 
8544 
7661 
10055 
7191 
9650 
14291 
7976 
10136 
3127 
12066 
11978 
1635 
12151 
13549 
14095 
1944 
4092 
2493 
4404 
7935 
9472 
5682 
9637 
5999 
9884 
7341 
1001 
1307 
6676 
6482 
3335 
2413 
4143 
3660 
13794 
13214 
3505 
10678 
11795 
11131 
3578 
4645 
8619 
10721 
4366 
8062 
13502 
10117 
6835 
12259 
11427 
1102 
8584 
286 
14909 
11600 
225 
14603 
13242 
14240 
5215 
317 
1515 
11021 
11822 
5992 
9673 
9259 
14528 
620 
12319 
10663 
8879 
198 
14649 
6887 
8617 
10751 
7835 
4295 
8233 
2376 
4101 
996 
12650 
3652 
7247 
12385 
12759 
8191 
2635 
13813 
884 
1060 
3536 
3800 
9256 
4716 
2104 
6283 
1394 
14313 
795 
7134 
9547 
10006 
11830 
5099 
5796 
8120 
837 
9378 
5061 
7548 
11742 
14609 
11852 
8014 
13062 
7823 
10529 
14562 
6821 
536 
2173 
5666 
2558 
14735 
3314 
9742 
4113 
4813 
4417 
14498 
8366 
8923 
12339 
8005 
7498 
7757 
12433 
12836 
9855 
14820 
10945 
3656 
3381 
4597 
6564 
6161 
3864 
1116 
3965 
7777 
10307 
10131 
12732 
3410 
13194 
6738 
1150 
6086 
8369 
11577 
10782 
13469 
13410 
7796 
5908 
4747 
2322 
13288 
12991 
12195 
7199 
13140 
8878 
12264 
13881 
8119 
7019 
14518 
12773 
9933 
13514 
6004 
1034 
7540 
10595 
5346 
1978 
2695 
11051 
922 
6287 
9257 
1594 
6926 
13392 
8549 
9557 
12527 
3809 
9380 
3492 
14617 
7784 
8192 
11558 
2333 
12733 
5268 
890 
1121 
14618 
11505 
10491 
10840 
12063 
7849 
10155 
1664 
8201 
3003 
13620 
7863 
11989 
7528 
4766 
2143 
1579 
2938 
237 
914 
8354 
8917 
3416 
3598 
3170 
3674 
7489 
12935 
14220 
12092 
8868 
3154 
11517 
5592 
13714 
3184 
7027 
5917 
1436 
11508 
2386 
5398 
183 
8367 
7360 
3544 
12713 
9893 
8378 
6381 
4197 
14346 
3118 
14233 
651 
172 
1376 
2127 
13972 
10891 
7705 
5609 
10971 
9613 
9615 
7320 
14725 
1994 
3951 
3341 
8908 
9083 
11663 
4128 
10151 
6184 
1540 
4421 
7899 
976 
11390 
572 
5206 
3564 
2687 
13312 
13344 
10398 
11144 
258 
9418 
2283 
1878 
10908 
4950 
8884 
4908 
8223 
4312 
14660 
4207 
3867 
150 
10670 
6766 
11023 
4991 
9625 
13668 
4260 
13356 
11661 
12471 
12317 
7182 
13044 
11906 
2580 
10646 
1996 
5427 
11452 
10211 
13148 
13500 
10160 
5818 
3371 
6348 
9622 
10786 
14819 
14737 
7168 
8860 
4799 
4992 
2516 
12926 
758 
14216 
4616 
4370 
306 
10515 
7426 
1849 
8993 
13451 
6937 
1257 
14838 
6495 
13495 
7662 
10370 
7096 
1028 
362 
6240 
786 
6470 
10905 
5486 
5434 
7281 
8099 
2286 
5031 
3351 
4140 
11880 
2527 
7195 
1219 
8729 
7801 
294 
4622 
10243 
12321 
10100 
11916 
10725 
14496 
5912 
5016 
12720 
12102 
10162 
13390 
358 
10040 
11920 
8335 
4030 
3616 
11155 
8370 
7775 
139 
8809 
7310 
4472 
1361 
1621 
1076 
6952 
4526 
9448 
1313 
11464 
9648 
9645 
10210 
12009 
1869 
3060 
11499 
2112 
619 
11739 
5603 
961 
8537 
4031 
10076 
9702 
12740 
2670 
2106 
3193 
9516 
4914 
12683 
9139 
5278 
2629 
13739 
5975 
3993 
10824 
7701 
14582 
7998 
1506 
12706 
3067 
14823 
13155 
6841 
3368 
1002 
5990 
14412 
13590 
1829 
7154 
7270 
11881 
3316 
10984 
12503 
8876 
11345 
12639 
11189 
12501 
5578 
2451 
4085 
13058 
992 
3779 
9844 
7640 
9628 
9063 
6973 
11252 
7494 
3998 
4347 
3152 
1585 
12829 
8763 
9428 
9732 
1733 
14020 
8628 
585 
59 
8505 
11423 
14625 
1679 
4990 
406 
4632 
6899 
4208 
3571 
3116 
9538 
12563 
10141 
2533 
3348 
14371 
5253 
9581 
1873 
6465 
4648 
5259 
7209 
12997 
14086 
2445 
1415 
989 
14631 
6324 
12067 
11694 
3073 
6586 
13636 
3596 
10269 
12342 
373 
10092 
9224 
9663 
690 
2018 
13988 
7347 
12154 
7296 
10530 
5186 
11332 
3256 
11599 
6517 
7758 
13202 
8152 
12868 
11264 
13963 
4959 
3543 
9286 
2921 
429 
3413 
7402 
5519 
8183 
11445 
11149 
9654 
1265 
10779 
6800 
2655 
7916 
14130 
11134 
13021 
2169 
11824 
7497 
4353 
5786 
11727 
13698 
7050 
10857 
9429 
2896 
8655 
1605 
2146 
10021 
14170 
13965 
11626 
3063 
11298 
9211 
7340 
12209 
14076 
1334 
8000 
4291 
227 
13208 
1208 
3303 
11034 
963 
3513 
6945 
955 
12308 
7069 
9773 
4920 
14589 
11653 
2654 
9038 
6946 
14554 
2414 
13915 
12697 
8714 
8922 
5440 
26 
11329 
10238 
2119 
6300 
8129 
876 
5207 
13872 
14703 
4154 
9800 
13408 
13618 
13506 
9274 
7303 
10085 
7407 
7066 
9847 
6041 
1195 
3059 
10292 
7406 
5446 
3083 
8952 
13588 
2526 
11636 
5807 
6278 
9775 
14081 
1647 
10226 
1474 
2281 
4989 
3755 
13827 
9432 
7770 
3562 
11757 
8111 
14749 
2180 
2381 
8351 
792 
5967 
3228 
9096 
5293 
2757 
4075 
7297 
3733 
11074 
2303 
3855 
13687 
722 
487 
370 
11060 
9490 
12161 
14074 
2304 
2036 
3549 
1440 
10849 
14941 
6344 
11687 
6359 
7308 
14973 
11174 
4844 
2742 
13844 
12676 
11181 
7892 
4641 
3485 
2797 
2366 
6675 
11746 
8313 
10453 
14811 
8716 
2581 
5042 
4492 
10046 
1194 
8777 
13793 
10301 
3026 
13052 
1720 
11703 
1936 
3396 
8910 
14736 
11871 
12786 
10359 
13386 
13173 
2562 
9886 
4158 
6271 
3130 
12455 
2196 
14101 
1156 
11578 
9455 
1977 
10691 
13091 
13138 
833 
687 
7674 
7511 
5033 
10705 
14880 
2720 
2244 
737 
8500 
11171 
7959 
14573 
13871 
7262 
1254 
14331 
6993 
9120 
10626 
13800 
2477 
13707 
10572 
1833 
5849 
576 
3528 
12782 
13699 
13971 
10279 
13682 
4683 
2663 
7185 
6837 
10693 
12986 
11222 
14558 
13025 
13084 
1776 
6248 
2776 
1561 
7393 
8659 
2902 
5381 
3692 
5926 
5153 
6540 
5748 
9010 
12505 
7099 
8768 
11627 
3879 
13563 
9848 
9578 
10253 
1575 
12300 
3667 
14785 
7291 
11595 
11 
7748 
275 
8723 
9735 
11820 
724 
12118 
714 
42 
6095 
9937 
5201 
11659 
12368 
982 
7169 
9117 
7131 
14566 
12430 
11737 
12851 
1980 
4033 
7789 
4710 
12598 
6986 
13149 
13899 
453 
10672 
6890 
10406 
8656 
12936 
2234 
13537 
10745 
12714 
4449 
14863 
3868 
11793 
1201 
708 
6339 
14213 
12915 
14057 
9293 
6363 
5626 
2832 
287 
13120 
13866 
1302 
6281 
13419 
7118 
5808 
2647 
628 
13554 
8996 
14530 
2407 
13251 
8002 
11315 
11224 
8889 
10819 
13578 
8165 
6267 
13642 
1300 
11104 
1019 
13852 
13360 
2160 
14222 
10817 
14476 
6665 
12002 
14944 
10028 
14003 
10836 
13453 
8016 
256 
863 
9992 
14355 
8173 
224 
5876 
12152 
13132 
1100 
11383 
9705 
10101 
6664 
706 
3943 
5693 
14754 
4673 
12777 
1050 
9871 
9015 
658 
9327 
4853 
3676 
3726 
3508 
10237 
4064 
3719 
7255 
2321 
846 
9212 
11089 
13326 
13610 
4602 
9781 
1761 
4245 
8009 
11831 
10272 
2868 
11772 
13702 
11785 
13057 
9653 
6931 
4624 
9584 
10320 
9400 
8645 
14675 
10422 
8248 
9483 
14375 
1132 
5226 
3158 
13236 
4032 
36 
14996 
9166 
10860 
12386 
4190 
77 
918 
2684 
6199 
4808 
2011 
8684 
12182 
7957 
14501 
6254 
11944 
934 
14185 
2973 
9746 
14800 
10020 
1325 
1719 
7617 
11554 
12723 
9270 
8091 
8407 
11305 
12810 
3140 
11005 
11784 
8517 
7754 
9014 
13303 
11025 
4946 
2466 
9473 
6514 
14230 
130 
503 
13740 
9180 
11759 
2495 
12268 
11876 
5497 
9511 
1181 
1342 
12064 
8709 
13595 
4517 
6915 
5601 
6873 
13760 
7249 
10079 
4636 
7586 
2419 
1455 
6388 
14642 
6809 
9967 
13075 
6473 
6587 
102 
8897 
14585 
4982 
10583 
14113 
2306 
5299 
2952 
3926 
13022 
13336 
14424 
13200 
100 
7979 
14075 
14896 
12858 
14908 
847 
14878 
4259 
9534 
7086 
5336 
12039 
10514 
3334 
3020 
7008 
8582 
11112 
12013 
44 
8280 
14822 
12959 
9795 
4351 
6764 
2979 
14674 
6535 
3041 
8598 
12428 
5008 
5372 
13644 
14126 
14464 
6723 
3629 
788 
10054 
665 
12496 
6581 
9978 
8024 
4896 
12960 
2933 
2522 
630 
2313 
1819 
7361 
1236 
9774 
11532 
4752 
14481 
2492 
3370 
6572 
8724 
5307 
5050 
544 
5455 
14846 
6375 
11849 
2464 
10417 
4714 
9151 
14971 
5377 
7054 
5815 
513 
6575 
14978 
13244 
14619 
4588 
8915 
6998 
12506 
29 
4965 
10049 
14897 
5029 
8589 
6046 
2835 
6773 
11178 
9962 
2055 
14803 
8733 
13764 
2440 
12793 
1232 
12125 
5379 
5884 
1541 
269 
3075 
2484 
2898 
14253 
13289 
8310 
4827 
13759 
1610 
6091 
11925 
14005 
13150 
3098 
7288 
9279 
13265 
4457 
14650 
6227 
7451 
10196 
10170 
4072 
1133 
6177 
12184 
14801 
3479 
816 
7047 
7430 
7189 
13753 
13775 
8974 
7846 
11450 
6236 
9366 
2233 
10638 
12348 
11333 
14799 
11832 
6965 
4970 
456 
13842 
257 
9609 
6343 
8125 
13867 
7228 
10969 
13045 
6213 
11502 
8169 
1721 
1855 
13403 
2701 
14742 
14493 
8574 
12916 
5382 
12025 
1056 
9074 
2167 
11098 
4212 
23 
7833 
6605 
13159 
3866 
14002 
1752 
10893 
11896 
1494 
11337 
11248 
11768 
13145 
11624 
9630 
3358 
9790 
4881 
9734 
13037 
8977 
834 
4 
10089 
242 
2770 
1192 
10640 
9067 
8609 
7371 
5354 
14245 
7834 
3791 
13735 
13977 
1168 
10090 
6021 
8850 
9843 
4168 
13109 
1162 
13661 
6637 
13690 
1682 
13086 
10366 
8859 
7401 
211 
5969 
153 
6673 
4925 
7175 
7043 
6954 
4249 
9658 
2994 
10509 
1519 
12604 
5800 
580 
9381 
7223 
8591 
12207 
2960 
9760 
647 
13859 
7385 
14974 
5169 
10093 
4160 
5407 
8441 
5938 
12466 
12950 
12934 
12258 
7920 
6172 
11406 
3132 
5925 
703 
7937 
4778 
11864 
6015 
6038 
10315 
7011 
6181 
13381 
2590 
9485 
14457 
2627 
1706 
11446 
14007 
14237 
13953 
13823 
73 
375 
3253 
1347 
14945 
3353 
1327 
2981 
9107 
14043 
4436 
6068 
3587 
483 
12763 
11954 
10256 
13666 
6129 
2410 
4061 
7305 
12988 
14583 
11284 
2568 
3423 
10806 
2170 
11436 
14724 
656 
4233 
13331 
2497 
9059 
3338 
3974 
6778 
6502 
4765 
11879 
13054 
1552 
5196 
1653 
1748 
6205 
6652 
10835 
7626 
9102 
8606 
10909 
9872 
4755 
7550 
1592 
1570 
2422 
2064 
12511 
384 
13143 
4997 
3276 
1476 
90 
6871 
8001 
9726 
5835 
10440 
14780 
14826 
7466 
9611 
6082 
8383 
10229 
13665 
14031 
9004 
266 
9194 
1453 
2044 
1408 
6947 
1253 
3016 
7060 
8990 
11203 
4109 
10972 
11796 
72 
7794 
3983 
8851 
2873 
3824 
676 
3775 
13918 
2290 
12371 
862 
10015 
11783 
7042 
13816 
10099 
4065 
13011 
10492 
11015 
11132 
14733 
2767 
13334 
14420 
10907 
14254 
14712 
10975 
5757 
7700 
7479 
13997 
5556 
1496 
1256 
10284 
7234 
9181 
193 
4108 
7112 
9171 
3768 
14817 
2836 
13497 
13447 
7381 
7968 
1762 
2771 
5476 
1928 
14516 
280 
7780 
2147 
2556 
2784 
5600 
14180 
8980 
8307 
97 
11317 
14209 
9307 
156 
13507 
12277 
6979 
6852 
2045 
4225 
6898 
515 
2501 
10645 
5117 
7692 
1631 
12835 
5262 
9292 
10900 
6193 
14092 
8838 
10019 
1106 
7179 
3746 
1967 
10778 
11840 
7762 
11413 
7826 
11914 
8661 
3308 
6288 
11894 
3908 
3648 
12111 
3526 
7472 
14364 
9553 
5856 
10987 
6748 
6560 
5301 
4859 
13364 
5880 
7721 
4951 
8847 
4684 
5160 
9970 
2755 
3040 
3640 
1333 
380 
6011 
7436 
1452 
3235 
2598 
3438 
10479 
8909 
5803 
5200 
8989 
10692 
8540 
763 
9131 
6595 
9445 
2735 
12127 
1962 
12429 
5864 
9430 
5404 
9792 
7354 
569 
4227 
1481 
4287 
10566 
416 
3817 
10199 
11747 
9397 
13577 
5459 
12661 
11721 
3160 
9240 
2398 
8843 
12653 
8151 
3738 
10598 
7002 
7629 
1475 
7335 
7869 
6690 
3734 
12051 
1372 
4216 
6088 
1101 
6737 
8400 
3061 
1340 
2659 
7290 
510 
1729 
419 
4022 
1796 
2728 
3336 
13761 
3907 
3770 
2417 
6230 
7127 
9413 
11678 
2957 
12335 
8078 
8250 
9273 
579 
6553 
9233 
13602 
2379 
13824 
8176 
10784 
9227 
6847 
3592 
10733 
12620 
14586 
305 
12233 
8093 
5041 
8998 
662 
13092 
3589 
1820 
5997 
9731 
730 
11313 
7464 
7965 
12142 
4346 
10783 
5174 
6063 
2824 
9231 
14844 
5405 
4776 
744 
12971 
8210 
12370 
3754 
8518 
2740 
14739 
11238 
2134 
7768 
11850 
8270 
4316 
6002 
12286 
507 
1952 
10066 
4025 
2651 
4219 
1993 
2009 
13239 
7439 
13538 
12953 
1499 
6625 
2599 
10903 
8648 
3096 
8595 
11334 
5877 
10439 
1557 
14776 
6285 
688 
10811 
2702 
1817 
2889 
8995 
14968 
14551 
7434 
13913 
8890 
1373 
5437 
7204 
12842 
5286 
5270 
14337 
7314 
4520 
13570 
10532 
6613 
6408 
14162 
371 
12853 
8699 
4816 
9997 
2341 
7673 
2010 
9116 
8519 
1247 
6453 
12482 
3647 
12403 
7535 
14868 
7874 
9322 
10576 
14116 
5569 
11939 
4173 
5730 
2992 
8008 
14858 
2769 
6265 
12326 
9914 
9173 
7068 
3304 
4380 
12781 
11882 
5294 
10481 
9762 
1004 
7751 
11087 
13628 
2955 
6863 
12412 
10919 
14694 
14888 
2289 
9161 
12312 
1099 
2597 
5756 
12472 
14263 
6152 
6149 
7933 
379 
5194 
1847 
11641 
4124 
2165 
6260 
13770 
12928 
11309 
527 
13836 
8314 
3732 
7877 
8340 
1601 
11836 
9496 
141 
10232 
1084 
2395 
8392 
14472 
9981 
4063 
8158 
2569 
7579 
9093 
4202 
2606 
8557 
2254 
10629 
3694 
5264 
4131 
4205 
2619 
802 
1391 
8229 
1530 
8320 
14532 
14056 
162 
4942 
4129 
7573 
14125 
10531 
155 
684 
6621 
8978 
14305 
12603 
5111 
5325 
180 
9899 
7449 
4157 
14022 
12179 
8817 
3457 
10603 
134 
7999 
679 
5356 
14246 
14657 
12133 
13557 
5699 
799 
887 
8870 
5295 
191 
12150 
10861 
7574 
12902 
6512 
2707 
8741 
8942 
6008 
6124 
13814 
10922 
13611 
1418 
2733 
2081 
5331 
2778 
12516 
13960 
6686 
6594 
1583 
8529 
9156 
1743 
7470 
14260 
8433 
12227 
6568 
4541 
2247 
5017 
8593 
10271 
10013 
2296 
10634 
12695 
1127 
4313 
10157 
7208 
4668 
118 
9931 
4001 
3229 
10264 
14798 
14410 
2390 
14665 
5950 
1892 
1083 
8203 
7254 
6944 
7285 
318 
5415 
14141 
7643 
4521 
5841 
9655 
14361 
7512 
12656 
10003 
2660 
2210 
7513 
5551 
13658 
4863 
14451 
9249 
12422 
7023 
11202 
9836 
62 
958 
10449 
926 
7639 
1874 
11910 
2871 
9100 
10057 
916 
5777 
12206 
12058 
12028 
4099 
689 
10844 
3773 
11702 
10955 
11777 
9592 
5060 
13945 
8750 
5986 
9154 
11614 
3205 
3287 
14497 
12606 
9337 
11061 
7728 
6654 
902 
7322 
2704 
5840 
1328 
5677 
10193 
7109 
1924 
11980 
14767 
3084 
10641 
13805 
8762 
8208 
12249 
10051 
8220 
7581 
8242 
8244 
1405 
12473 
8127 
13626 
13126 
699 
14077 
12766 
8312 
14842 
1798 
11159 
12841 
13671 
12554 
10933 
8471 
4910 
9454 
6816 
11667 
2301 
6190 
5915 
634 
10400 
11825 
10635 
13511 
9105 
8581 
5594 
2454 
6968 
5078 
13125 
12726 
2641 
6007 
4785 
514 
2813 
5248 
11125 
12298 
13957 
1645 
7993 
14103 
10565 
10753 
4004 
11410 
13607 
10004 
11631 
7560 
6195 
14654 
9136 
12362 
2974 
6076 
10620 
13981 
7438 
14869 
7779 
821 
3077 
9736 
11180 
10552 
1532 
7724 
5936 
3385 
8106 
7641 
7183 
10127 
4054 
197 
8341 
898 
4768 
1111 
12084 
3941 
8807 
1242 
5150 
13978 
12248 
1119 
11935 
2415 
7342 
11103 
6615 
6840 
13415 
5810 
8412 
8852 
13919 
4049 
3206 
4357 
8101 
7561 
1825 
3486 
3105 
12139 
12239 
9951 
11400 
5672 
7685 
10489 
13857 
11397 
10052 
4440 
13516 
8821 
401 
8826 
13994 
5983 
11611 
10941 
6543 
3503 
10213 
1666 
9922 
9090 
14373 
12918 
1966 
3910 
12577 
3313 
8027 
10687 
3443 
6558 
13171 
10868 
2783 
10327 
7404 
4720 
12833 
10587 
11607 
6478 
3168 
3749 
7583 
3725 
10636 
6557 
9986 
9296 
2138 
2219 
14696 
5097 
5055 
14048 
10325 
7951 
853 
8931 
14491 
2858 
10463 
9425 
14018 
11044 
14840 
12344 
5550 
11386 
10554 
11226 
2524 
1040 
14827 
3137 
5450 
9996 
1642 
5276 
4518 
6550 
9559 
4535 
420 
11766 
9064 
5688 
12470 
1985 
6802 
5771 
7163 
8726 
3682 
9401 
5330 
9605 
3080 
4386 
8828 
9056 
11907 
12756 
8635 
4533 
10856 
9390 
5715 
5422 
5823 
1346 
6171 
48 
8055 
14713 
14841 
5177 
1930 
13942 
2638 
3581 
6226 
13683 
3009 
11698 
9363 
13995 
5429 
2910 
1838 
6020 
13158 
14526 
7902 
3094 
7014 
11729 
8967 
11213 
10465 
11459 
8494 
12400 
6866 
13049 
6505 
14271 
12671 
4660 
12880 
7591 
9595 
1075 
9109 
13335 
6239 
2021 
9883 
4880 
5133 
8749 
1058 
2048 
13424 
11520 
7465 
4226 
2722 
4709 
8674 
209 
1816 
9845 
14482 
11955 
13302 
8211 
12983 
7492 
14106 
6736 
715 
13744 
7003 
8535 
3201 
13229 
10187 
9384 
11214 
3801 
10564 
780 
4665 
5989 
10496 
10808 
6649 
4363 
14575 
14342 
12442 
485 
1288 
10280 
5954 
7990 
7774 
4884 
9977 
8523 
4178 
502 
548 
9419 
2820 
9340 
2101 
13670 
8771 
4059 
2781 
8784 
12464 
3821 
12571 
10114 
13479 
12735 
6048 
7369 
11728 
1828 
11544 
3179 
10863 
10296 
12377 
8736 
9536 
6404 
968 
6878 
13396 
11302 
12426 
4561 
10026 
12098 
2718 
14198 
1303 
349 
6317 
14621 
6436 
13197 
680 
13032 
10149 
10495 
2708 
12963 
6039 
3567 
8066 
6930 
8679 
2075 
348 
6533 
7177 
7294 
13450 
3570 
8041 
6808 
11054 
13565 
8644 
13637 
1090 
1071 
14158 
3329 
10847 
10171 
4151 
8585 
344 
14600 
13531 
14571 
7790 
9797 
10781 
2144 
10977 
9918 
4528 
3089 
873 
7201 
1814 
8578 
10107 
11809 
4703 
13310 
12805 
14360 
3691 
3037 
11936 
4301 
14748 
182 
1048 
13732 
14912 
6513 
7252 
14413 
10047 
9819 
12856 
14658 
8088 
4760 
4328 
5821 
14380 
12532 
14567 
12291 
6679 
9930 
13383 
14720 
1864 
12329 
14723 
7151 
4505 
4555 
12907 
2601 
11433 
9458 
12772 
10621 
12658 
5479 
8030 
14096 
5152 
1226 
8096 
2209 
1055 
14882 
4048 
9312 
2352 
3566 
14063 
7045 
5780 
1842 
1495 
13012 
5369 
6895 
13579 
5574 
5648 
5945 
5774 
2639 
13002 
6165 
13165 
10752 
7220 
12973 
12719 
5204 
7331 
452 
3748 
2579 
10591 
2572 
2544 
6355 
1137 
11048 
12824 
4338 
3225 
3367 
6106 
6298 
1317 
1740 
11900 
5962 
4279 
7101 
10870 
9608 
8504 
10867 
8461 
11255 
11621 
4356 
13991 
3468 
754 
12559 
6148 
14707 
13486 
9811 
10334 
10664 
752 
5289 
13983 
11225 
13113 
5836 
3279 
13183 
4106 
10281 
1524 
10500 
2186 
5363 
14651 
12192 
5623 
13211 
2827 
2109 
14432 
6310 
6688 
9556 
4610 
7097 
2870 
9043 
7738 
5376 
12387 
12887 
6216 
3397 
7378 
7593 
14191 
6358 
9395 
10795 
517 
4960 
6817 
9258 
1284 
1351 
13878 
6176 
2605 
1209 
8032 
845 
6270 
1482 
5660 
11570 
8226 
10995 
9614 
7440 
9374 
14686 
3611 
12583 
14027 
14038 
3212 
6700 
7975 
7386 
5048 
1400 
8003 
2038 
9808 
5525 
7355 
14764 
1916 
12886 
12785 
2999 
3029 
7143 
1992 
7074 
883 
12205 
6194 
8902 
4984 
3819 
7312 
4323 
10062 
8457 
3298 
7147 
8919 
5352 
5929 
13888 
2076 
7997 
8257 
13321 
10181 
189 
4503 
1744 
11020 
7675 
14793 
14682 
8982 
7958 
12316 
6372 
13110 
12770 
3595 
797 
12055 
8957 
7048 
13890 
10985 
14699 
13379 
9728 
7659 
14620 
253 
4381 
14894 
2033 
12883 
4132 
13879 
9163 
167 
2861 
6237 
4217 
3935 
2872 
546 
10418 
7157 
7807 
10483 
122 
14544 
11368 
12643 
7645 
10183 
14376 
7911 
6290 
2543 
12485 
10668 
12752 
14770 
14829 
993 
31 
8810 
4613 
13178 
5951 
5370 
693 
1277 
439 
4322 
6225 
8355 
8231 
12494 
12811 
829 
8255 
2907 
2019 
11646 
2978 
8607 
4176 
6158 
6861 
3774 
10208 
11630 
5014 
13053 
12109 
6156 
4325 
8969 
201 
6715 
5724 
11481 
3273 
11752 
5670 
12121 
5093 
941 
6397 
4873 
1225 
1239 
14943 
12190 
1529 
12177 
1502 
10896 
10490 
11718 
663 
6071 
6891 
8058 
11773 
7108 
2716 
7939 
9548 
10544 
2377 
10519 
3834 
10799 
3950 
14932 
14066 
11635 
7994 
8391 
4599 
5961 
8827 
13018 
2216 
13235 
6832 
13985 
5778 
13305 
14992 
7350 
3472 
1057 
11984 
2069 
13153 
9643 
4924 
13614 
7983 
8785 
1086 
12060 
8697 
9294 
6266 
9206 
12911 
5079 
1781 
933 
588 
8198 
5868 
13643 
6295 
11867 
9269 
1900 
747 
10580 
10163 
14329 
5555 
13080 
10991 
3357 
5241 
8454 
8572 
828 
8806 
10788 
1011 
11443 
4469 
11354 
1497 
4495 
2093 
1306 
2518 
6178 
8240 
5199 
3 
8103 
7657 
3604 
4701 
1544 
11484 
13720 
2230 
4069 
472 
5809 
11262 
9670 
3359 
7689 
4504 
5192 
3623 
54 
12181 
9075 
7947 
9174 
8613 
8864 
1199 
4330 
14040 
3744 
5118 
8424 
6221 
8932 
8872 
11234 
2218 
12076 
649 
12888 
3095 
12278 
6779 
12632 
523 
2013 
7588 
972 
302 
2564 
11184 
14417 
13891 
13523 
556 
1877 
11271 
12670 
14062 
4534 
7412 
7952 
12441 
6449 
2555 
14205 
6622 
3986 
5274 
11138 
10441 
7155 
14127 
10814 
5891 
13768 
1556 
2779 
6988 
1249 
3002 
9202 
10720 
11860 
5384 
8881 
7546 
3050 
12011 
14833 
13560 
2844 
9379 
2803 
1035 
12261 
3115 
4656 
12061 
4307 
14563 
3579 
9047 
4522 
9965 
12981 
12085 
6786 
11439 
8683 
9767 
11000 
13688 
6984 
13391 
1890 
13875 
4304 
563 
1125 
6903 
2046 
11007 
9748 
12202 
11964 
11847 
11336 
13555 
12338 
10419 
1039 
13498 
5781 
5114 
2318 
9695 
1845 
12595 
3400 
5144 
14832 
12292 
4433 
2253 
1538 
8438 
13519 
8531 
7887 
7904 
12100 
10192 
13156 
7713 
11075 
14925 
2884 
995 
8056 
592 
10614 
4805 
10369 
9647 
10258 
7357 
4100 
8790 
10980 
14033 
7681 
4252 
2367 
615 
1144 
3401 
5615 
11442 
11666 
7139 
81 
1935 
10431 
7149 
8026 
3148 
11526 
7752 
11227 
11140 
9243 
168 
13141 
245 
10119 
14797 
285 
6950 
6603 
2056 
13545 
2506 
5432 
12837 
1901 
11805 
7443 
9118 
6214 
5332 
2003 
10216 
12601 
6175 
7119 
10323 
9031 
8390 
8109 
13962 
11758 
3395 
12806 
1808 
10460 
1005 
10326 
4838 
5698 
10319 
7105 
11713 
2678 
4773 
2967 
11510 
13815 
9540 
3529 
13629 
3683 
10569 
5216 
2087 
12940 
5064 
7448 
14930 
10659 
4571 
817 
11374 
6599 
14128 
365 
8006 
6167 
4861 
25 
12212 
9868 
12432 
471 
3932 
7651 
13069 
6953 
173 
12768 
2725 
8386 
10184 
8177 
12071 
12000 
1595 
6776 
5047 
480 
13646 
4214 
13959 
11943 
7031 
1348 
12497 
5281 
3122 
13366 
12652 
9638 
10563 
13023 
7855 
5639 
13221 
7619 
12550 
709 
6797 
1988 
3975 
12884 
1712 
9778 
5006 
14906 
2022 
3527 
4057 
8955 
8865 
9700 
10097 
6727 
7413 
14740 
11990 
8384 
3071 
5334 
7584 
13935 
2068 
69 
106 
3849 
1641 
10593 
6628 
4456 
11024 
2017 
8124 
11066 
11675 
9554 
11190 
8997 
10827 
8755 
14717 
5357 
12500 
10165 
12082 
4700 
14269 
13028 
769 
1255 
9860 
13653 
64 
13969 
11217 
6371 
7984 
7263 
2155 
14574 
13704 
7909 
6102 
3261 
4847 
4848 
1596 
14452 
6961 
10037 
11407 
2232 
9106 
991 
9582 
8779 
11946 
11268 
346 
12594 
13694 
1280 
3840 
1122 
5995 
3895 
1636 
8167 
3295 
12647 
7852 
12040 
907 
9586 
7886 
13664 
10654 
4447 
14386 
357 
7304 
11477 
559 
5026 
1205 
13494 
9799 
3547 
1806 
6641 
909 
9854 
3048 
14685 
6014 
1020 
3104 
13346 
636 
11328 
5627 
1025 
2595 
41 
14286 
11348 
4015 
4027 
12743 
14192 
8797 
11363 
6541 
5373 
5974 
12592 
14415 
6782 
2368 
2435 
4987 
14670 
5131 
3258 
14623 
10731 
3944 
2152 
698 
7238 
343 
7978 
8069 
9549 
6824 
9467 
1403 
11253 
12283 
4209 
6525 
6469 
1281 
13395 
10022 
9820 
14485 
8081 
4956 
11569 
10686 
7931 
14456 
13476 
2113 
1260 
13161 
9478 
8966 
13268 
6648 
14929 
1616 
1013 
13250 
6966 
3916 
4339 
7733 
1407 
1566 
11846 
10850 
12864 
11093 
3111 
4244 
8189 
13877 
1620 
10898 
4407 
12969 
7592 
6803 
2114 
6721 
12088 
8746 
14938 
6277 
4405 
3843 
4705 
4077 
11640 
5687 
11802 
12274 
11791 
4915 
4750 
12415 
2600 
11588 
6472 
2951 
2940 
9821 
2613 
2380 
12374 
9287 
11583 
3739 
6934 
14671 
10088 
8857 
8276 
11868 
13322 
1178 
3542 
11543 
7380 
13584 
5881 
5661 
14298 
11597 
5766 
12707 
5412 
2766 
3136 
7368 
13231 
5056 
7348 
13695 
11909 
12267 
12089 
5613 
9172 
2509 
10966 
14161 
3510 
5904 
7868 
4448 
5327 
1613 
9959 
12867 
2043 
10510 
2192 
13829 
11294 
14732 
14275 
2378 
568 
445 
6534 
5767 
5782 
11352 
7709 
856 
1329 
1868 
10606 
6875 
14367 
7318 
7122 
6128 
13930 
12035 
3967 
7644 
1389 
10428 
13706 
10717 
6487 
8497 
84 
10177 
7015 
4794 
3851 
6854 
7859 
7742 
108 
11962 
1078 
5941 
593 
5193 
9190 
10839 
7222 
3869 
7905 
533 
1250 
6589 
12021 
12451 
14873 
14264 
9973 
12120 
1559 
3896 
1341 
8772 
5834 
13488 
7971 
437 
12999 
8230 
10821 
10627 
10071 
7389 
10601 
9824 
4155 
14353 
1750 
2328 
7820 
8920 
4464 
9048 
11818 
13188 
14763 
13533 
793 
2984 
7435 
8866 
9177 
14399 
6749 
10837 
8275 
11993 
6862 
3425 
9019 
6273 
9802 
10362 
8200 
5308 
7403 
2542 
11565 
8 
11834 
13256 
2208 
4941 
6667 
12107 
11616 
12042 
2355 
4011 
13213 
1791 
2724 
5130 
13612 
12762 
1888 
4037 
11776 
11634 
8558 
12478 
1746 
13792 
8342 
8767 
1041 
2855 
13596 
4487 
4792 
4400 
9823 
10988 
13559 
11311 
1909 
10764 
3554 
10657 
4107 
8148 
12979 
7356 
6022 
11099 
1026 
8105 
9567 
8389 
5794 
289 
13652 
11810 
8803 
12255 
2139 
7462 
6151 
13351 
11761 
91 
11901 
9641 
3805 
3110 
5326 
11711 
7036 
12961 
13605 
11053 
10906 
1357 
9975 
4762 
5853 
7323 
6132 
13680 
2812 
5870 
2990 
13948 
6422 
7243 
3911 
12673 
8788 
3172 
557 
5596 
2756 
10358 
12977 
5063 
5256 
4200 
6430 
12808 
11304 
11095 
3128 
14755 
8155 
11780 
7326 
5386 
6233 
4704 
1522 
8153 
8681 
10008 
10386 
923 
14426 
9000 
9112 
3293 
5717 
8286 
2442 
5540 
1038 
10446 
4730 
8822 
7567 
1732 
443 
3204 
12849 
11844 
10889 
8317 
6049 
1983 
7339 
2163 
9176 
6972 
13297 
1986 
1187 
9626 
4600 
14494 
14398 
5859 
10785 
8327 
8100 
3957 
11647 
1772 
12905 
9232 
6716 
10944 
14042 
11576 
10067 
14025 
12788 
9532 
8427 
11514 
671 
1425 
13667 
1179 
6353 
11722 
4955 
9839 
8629 
10250 
5364 
1018 
3502 
7814 
11088 
4286 
4787 
13524 
1946 
1411 
3087 
7815 
14208 
11581 
12463 
8072 
13711 
4883 
14105 
9422 
6651 
11994 
8682 
6744 
3262 
2560 
9710 
5271 
13325 
6090 
334 
6444 
2240 
4488 
4204 
13105 
252 
622 
4035 
2823 
14444 
4254 
13431 
7502 
7818 
8145 
13534 
3064 
6565 
4809 
1886 
11471 
10457 
13119 
10681 
1177 
3808 
4302 
2551 
8964 
8979 
8417 
3636 
8986 
7244 
6569 
7719 
2358 
5296 
262 
4053 
12588 
9493 
798 
7745 
14242 
5560 
5764 
332 
9463 
12758 
12922 
147 
7680 
960 
6446 
11804 
10298 
2853 
251 
3055 
7988 
8358 
2731 
9196 
14828 
4239 
7805 
13801 
2669 
2317 
4935 
4117 
14169 
1730 
12827 
10081 
606 
3237 
7387 
9474 
8450 
5845 
9479 
8854 
5395 
12568 
11949 
3440 
3938 
2634 
13282 
10002 
11451 
14369 
12247 
10478 
14955 
8296 
1747 
4913 
14218 
12799 
6856 
9353 
5590 
6561 
220 
3514 
4916 
7934 
4333 
9777 
11556 
977 
4611 
10902 
6072 
7287 
9624 
4273 
14327 
14745 
621 
9627 
537 
11617 
11716 
13228 
10225 
1599 
4298 
7526 
4240 
11479 
11166 
1707 
2920 
6929 
9078 
8525 
12334 
1473 
4478 
451 
1240 
10164 
13204 
14301 
8711 
11356 
7928 
7769 
14145 
13418 
14449 
14877 
6826 
5203 
526 
13569 
1383 
12138 
1692 
8451 
12172 
6135 
6060 
8959 
7392 
13904 
8332 
7973 
5235 
2500 
12336 
6116 
3196 
1872 
6323 
1374 
1676 
11467 
11693 
6325 
1390 
3992 
5505 
5831 
2815 
9275 
3405 
8319 
2607 
990 
5775 
5887 
7180 
133 
4834 
11169 
2904 
7133 
9108 
4161 
14310 
218 
6009 
859 
10498 
5647 
4278 
8186 
3881 
6761 
14655 
12136 
8064 
2082 
8460 
1567 
5934 
11116 
3812 
2582 
10286 
757 
11525 
1069 
277 
6252 
8274 
4510 
5172 
10946 
8680 
1782 
2768 
6955 
2926 
6897 
8731 
7967 
9242 
14012 
4493 
6813 
10637 
3838 
11915 
12140 
3108 
9662 
5419 
14608 
8214 
5157 
9462 
10328 
3934 
13370 
8937 
8665 
9763 
6418 
11799 
1851 
14591 
8010 
9250 
7264 
9729 
5311 
7837 
646 
1381 
273 
3933 
9336 
4619 
13548 
7772 
9498 
13856 
6174 
10508 
7800 
7746 
4958 
5725 
10312 
1252 
11036 
2077 
12538 
14289 
7962 
7559 
6327 
13914 
4010 
10263 
13509 
11615 
11058 
14179 
3535 
13016 
9664 
14182 
14406 
2561 
3018 
8892 
11550 
13432 
9001 
6922 
7624 
3000 
2156 
12467 
9128 
2908 
6876 
3024 
12625 
13631 
7279 
8940 
8033 
11848 
6121 
4882 
1435 
2357 
5184 
8839 
4372 
1468 
7670 
7656 
8933 
5224 
8160 
13719 
776 
3447 
3782 
12137 
632 
5025 
3387 
2710 
10083 
279 
10914 
14921 
11676 
6881 
5300 
10741 
403 
11826 
3969 
13166 
6678 
7132 
9954 
2270 
6114 
13617 
1355 
7671 
5816 
14 
5617 
10685 
987 
726 
12946 
12004 
4919 
12517 
13769 
12566 
7446 
14097 
4886 
10590 
13467 
7024 
11669 
6219 
5108 
5911 
8063 
11153 
14374 
14848 
6728 
3639 
1155 
5828 
9593 
5413 
9068 
5089 
14046 
9894 
10094 
13624 
6115 
11895 
9873 
5291 
2847 
2652 
12094 
4802 
1170 
10077 
2455 
9230 
5955 
3325 
5854 
12903 
5916 
496 
518 
14368 
5530 
14288 
9952 
2749 
11537 
7829 
120 
6982 
10825 
8634 
13632 
13118 
6275 
6345 
7636 
5175 
14168 
627 
11982 
9720 
13907 
2618 
685 
3902 
11002 
8301 
11201 
7857 
9195 
9842 
5205 
14281 
771 
10454 
12561 
4308 
8322 
11680 
5482 
5811 
12514 
12659 
10332 
4524 
14630 
1959 
14851 
14377 
8963 
7409 
10928 
14757 
151 
9652 
4453 
3560 
7411 
11985 
5545 
7925 
128 
10222 
4508 
7653 
9891 
400 
1441 
6836 
12110 
13291 
2673 
13821 
7094 
14321 
14044 
13300 
943 
11040 
263 
5397 
7329 
7366 
1586 
7171 
14150 
7009 
5733 
8023 
10990 
9706 
2054 
350 
11937 
1778 
10771 
7082 
5742 
14690 
6769 
8527 
4213 
6717 
10144 
10034 
8513 
11411 
5287 
12980 
7594 
13480 
5462 
1437 
2821 
6064 
9725 
152 
5062 
4749 
1606 
1718 
8252 
14715 
10929 
8422 
3736 
13541 
5643 
9037 
14525 
5324 
2117 
12309 
9708 
11625 
13363 
12167 
11323 
3426 
8985 
13566 
8689 
9394 
10367 
2799 
4262 
10223 
14792 
5104 
6942 
11819 
3403 
10110 
11009 
3906 
22 
7555 
7717 
2215 
5385 
4496 
1773 
4933 
6754 
952 
3946 
12998 
12820 
13007 
11301 
5553 
8816 
14614 
14834 
5987 
12789 
2566 
13917 
7940 
2128 
8268 
3963 
11426 
9993 
4509 
11208 
9856 
12744 
11878 
4193 
4314 
2385 
9253 
174 
1800 
14362 
9421 
8292 
7609 
2307 
8463 
11473 
8752 
11128 
12698 
8269 
13224 
14680 
638 
5052 
8373 
8284 
12366 
4888 
5762 
4083 
9147 
8742 
7226 
1518 
10413 
1970 
7049 
1224 
3255 
3588 
14590 
8065 
12745 
3947 
6352 
10911 
11806 
4652 
8132 
5787 
12401 
9186 
8394 
6259 
11019 
6389 
3767 
11987 
12114 
5963 
14177 
8237 
12273 
14816 
9955 
12839 
9758 
10707 
11580 
2515 
4288 
7773 
2074 
8181 
310 
5510 
9033 
14215 
12575 
3186 
5430 
7205 
7696 
8611 
4854 
9265 
260 
1204 
4115 
4852 
14535 
10294 
5195 
11359 
8984 
1014 
5272 
10619 
8627 
4076 
9972 
9007 
4630 
12023 
10128 
14961 
12580 
1611 
1477 
13182 
10968 
5378 
14163 
8128 
13460 
10982 
10701 
14251 
6811 
1136 
1126 
5858 
341 
9315 
4936 
12183 
4735 
10341 
8107 
11435 
8095 
4830 
8305 
10936 
6208 
7170 
9744 
5068 
9054 
5753 
733 
2808 
1012 
980 
1412 
6019 
3764 
11230 
10801 
5587 
5526 
4721 
3862 
7722 
111 
6092 
1049 
11891 
3915 
4812 
11056 
5484 
9179 
712 
13413 
8776 
2531 
140 
11052 
13544 
6999 
6399 
1399 
12355 
11963 
3631 
7873 
11518 
2922 
2040 
13293 
5444 
14129 
11228 
4527 
1608 
4399 
7269 
13253 
3025 
13727 
6284 
311 
14640 
86 
2845 
2346 
12897 
5529 
7932 
9225 
2604 
4580 
2807 
5622 
12519 
6548 
6995 
67 
327 
9009 
6777 
2319 
10965 
5485 
12448 
4102 
11466 
9528 
3612 
3822 
14019 
10694 
4150 
4781 
10397 
2080 
14867 
4331 
7273 
4013 
13938 
6383 
12303 
342 
10894 
5784 
354 
13376 
5140 
8734 
13142 
545 
216 
10986 
461 
8291 
8022 
6524 
14147 
13103 
11917 
8887 
5073 
3860 
11454 
8133 
10748 
3747 
2235 
7663 
2293 
115 
14397 
11902 
5695 
9612 
2689 
5409 
7110 
8514 
12159 
14311 
2739 
7053 
482 
8842 
14004 
2408 
6491 
11487 
2676 
565 
9388 
5571 
1885 
3609 
12875 
13047 
2488 
10772 
8642 
7453 
495 
13029 
3177 
11992 
8031 
7813 
11327 
1294 
9616 
1703 
4164 
3138 
3750 
12956 
14762 
13901 
10925 
7871 
836 
8141 
1283 
13095 
7977 
14407 
13240 
14212 
4831 
10579 
4545 
11440 
10214 
13106 
14624 
13296 
14152 
9714 
5342 
10318 
13949 
9368 
10676 
3832 
5228 
8144 
9200 
6518 
13227 
13238 
6642 
14738 
6204 
6392 
7910 
11859 
13380 
13115 
14893 
2538 
6693 
1010 
7176 
13585 
4930 
6107 
9607 
5865 
5085 
2387 
6806 
12143 
9852 
3546 
105 
7454 
2699 
11571 
10252 
7836 
12112 
12649 
11123 
9750 
7125 
3723 
7744 
3033 
1158 
1932 
9892 
7676 
8289 
9276 
3300 
8640 
11392 
978 
9989 
3277 
3178 
13284 
4868 
1694 
11124 
14746 
13436 
5686 
12599 
6280 
10029 
14326 
14435 
12124 
1759 
4497 
1512 
13342 
9956 
12990 
14300 
6075 
9113 
2624 
5035 
8893 
8510 
938 
10412 
9941 
10156 
6023 
5634 
11351 
3829 
12101 
9042 
12968 
5662 
5580 
3058 
7227 
10568 
3174 
1169 
10938 
9590 
751 
11028 
3175 
670 
6401 
14887 
1276 
4690 
3917 
5651 
5517 
10115 
13354 
10548 
10507 
14309 
5217 
4821 
4663 
8180 
11803 
10858 
9158 
14404 
10802 
574 
6546 
15000 
2593 
2637 
13152 
623 
4324 
10455 
8626 
10525 
2396 
2431 
7921 
199 
9957 
8727 
14859 
12949 
3820 
8553 
1835 
6582 
13180 
6681 
586 
14953 
1960 
4230 
3936 
5894 
10308 
1356 
12889 
238 
7832 
13783 
10357 
810 
6133 
2866 
4397 
203 
6545 
12612 
12052 
6849 
7839 
9585 
3047 
4476 
4779 
10826 
4343 
14390 
7461 
5719 
10270 
2615 
2421 
3471 
7295 
1198 
13404 
1997 
7210 
4169 
10639 
6461 
770 
2207 
511 
7667 
10682 
9325 
2323 
5664 
6447 
8580 
10112 
4885 
11877 
11343 
6299 
3418 
2096 
10068 
11938 
13778 
613 
6058 
10206 
397 
14889 
15 
8339 
8840 
8343 
808 
1189 
5538 
12927 
6245 
13906 
782 
5734 
14892 
3624 
9783 
11364 
11682 
8328 
3200 
11764 
10934 
14121 
9946 
13170 
6894 
7253 
6501 
5564 
11057 
2971 
4625 
13674 
7075 
554 
4437 
5344 
7261 
11232 
3966 
14548 
5703 
7763 
5599 
124 
9244 
1691 
4627 
2650 
171 
5875 
3826 
5284 
4089 
12421 
2894 
6105 
12197 
1258 
13677 
7632 
5125 
2432 
7190 
5328 
8290 
13750 
24 
2130 
6527 
5496 
9526 
969 
1108 
2773 
10368 
10652 
6131 
4170 
10039 
12331 
1386 
11157 
7764 
5445 
13430 
12894 
3940 
11528 
7280 
1504 
7321 
12693 
14139 
8380 
5549 
5252 
7926 
5616 
6810 
8122 
6180 
4192 
14143 
10466 
101 
5906 
4944 
3463 
12219 
3394 
1846 
12293 
7349 
14093 
14523 
11605 
431 
14914 
13561 
13121 
8521 
10647 
2004 
13475 
2499 
13802 
5984 
4396 
10661 
1448 
9703 
10265 
13491 
9574 
14679 
2760 
7743 
10200 
8685 
2947 
3191 
8350 
9125 
377 
34 
1233 
1862 
5148 
14969 
2062 
5814 
14700 
13461 
10885 
4181 
7688 
7083 
11292 
11122 
10551 
764 
2577 
11121 
5491 
8622 
3772 
366 
657 
3939 
2548 
7690 
13767 
3446 
3894 
355 
4348 
7486 
11457 
13851 
807 
11735 
11006 
10285 
11275 
11387 
4248 
1197 
11183 
7604 
2943 
590 
14980 
8671 
12392 
3795 
9052 
3970 
9150 
13973 
7375 
5721 
11237 
13529 
12158 
7955 
13320 
12216 
8297 
1289 
7039 
5292 
12688 
9178 
10009 
4167 
10329 
8614 
12327 
5040 
11429 
14475 
10276 
10810 
10266 
6460 
1091 
12155 
9303 
12682 
3392 
8092 
3355 
6303 
812 
10204 
13437 
2925 
14541 
5511 
9278 
6522 
14979 
9906 
13572 
945 
13993 
809 
5582 
3622 
2429 
9197 
2830 
11086 
4489 
4606 
7236 
14512 
6042 
4934 
6398 
6331 
5705 
1975 
13951 
2759 
12536 
9666 
4475 
14593 
8288 
11453 
7384 
3469 
2642 
390 
794 
12050 
11139 
8621 
9501 
9447 
9588 
9371 
7601 
14348 
8199 
3190 
8053 
13976 
14441 
1409 
5290 
10180 
8232 
6601 
13147 
2194 
13299 
3017 
4563 
10254 
8482 
10813 
8012 
9669 
11701 
13172 
6770 
7966 
4479 
2988 
5394 
7137 
1903 
12779 
12141 
13087 
4866 
6045 
9838 
7394 
3557 
8446 
4114 
71 
11161 
6896 
5889 
5010 
4793 
5899 
1176 
1027 
7658 
1470 
1385 
7059 
11513 
13961 
13721 
13540 
8131 
9476 
1939 
12295 
5844 
9857 
5365 
11261 
13004 
6544 
8302 
7483 
3601 
11991 
1030 
7420 
12252 
5998 
14297 
13257 
8936 
13094 
4435 
9079 
2714 
11135 
8464 
14689 
13286 
4149 
3134 
10425 
1690 
9770 
13581 
2498 
3520 
12819 
5573 
11229 
9520 
14112 
1542 
7946 
7028 
583 
13181 
9184 
4320 
3663 
5019 
1047 
10703 
3606 
4560 
9796 
3670 
13306 
12771 
1297 
3506 
3257 
14555 
5949 
9788 
10098 
9739 
4670 
4579 
4062 
3294 
2370 
13900 
4137 
12104 
4594 
14088 
13090 
9208 
7 
1777 
1024 
10696 
1617 
10918 
2729 
10873 
11969 
8059 
6143 
14067 
9535 
1789 
8956 
2050 
2213 
6480 
12480 
3162 
12640 
727 
2697 
14568 
12557 
12003 
12764 
12275 
3756 
7741 
14267 
4822 
11730 
5275 
1521 
5959 
8017 
10221 
1551 
4918 
9979 
14605 
6189 
6590 
11972 
7648 
10152 
1739 
1430 
1308 
5692 
12302 
9685 
2610 
6311 
10737 
5222 
12522 
7397 
5425 
5888 
893 
8410 
3515 
12456 
1130 
12175 
5389 
14588 
8397 
12943 
512 
8748 
3289 
12815 
2460 
4443 
8796 
3735 
192 
9344 
885 
12679 
2608 
2248 
11195 
5138 
2373 
12262 
12260 
12945 
6196 
14122 
1711 
14051 
2220 
9943 
9517 
5243 
11050 
12083 
11197 
3922 
6865 
14416 
11353 
2679 
5343 
4344 
10718 
4335 
468 
2246 
1188 
1755 
10541 
13005 
12294 
8620 
4723 
532 
6823 
14001 
3079 
3627 
11421 
7936 
13892 
6438 
7708 
6455 
13060 
947 
9633 
4891 
14436 
1920 
142 
1261 
13353 
12153 
12528 
7481 
2719 
4629 
3982 
9183 
6663 
14855 
10349 
11498 
12701 
3690 
1420 
8359 
14381 
5309 
11800 
3074 
1894 
89 
12144 
11167 
10416 
2616 
5469 
6390 
14527 
11465 
3019 
5541 
12310 
9531 
9403 
14857 
14561 
6202 
10650 
5610 
9446 
6732 
4007 
4345 
4318 
10082 
10218 
4867 
11062 
13657 
8070 
9815 
6012 
5481 
12825 
14419 
1414 
11751 
906 
12246 
5057 
13812 
1699 
12942 
8347 
13245 
14809 
8861 
14188 
13422 
8325 
10843 
9715 
3545 
11521 
11851 
1093 
4546 
2272 
6201 
190 
3379 
12032 
6235 
7084 
12738 
11889 
8604 
2212 
14905 
1955 
6336 
12215 
14935 
6711 
3164 
766 
6294 
5792 
7532 
13865 
14317 
5350 
135 
4462 
10586 
9468 
5185 
13112 
2266 
1839 
596 
7076 
7113 
14379 
7276 
13361 
4598 
11564 
8493 
10951 
5333 
13128 
14598 
7482 
6724 
10044 
13036 
11079 
3271 
14704 
3959 
4419 
10932 
540 
4383 
4715 
13929 
7388 
14984 
9765 
13967 
9680 
9141 
13841 
10618 
14468 
9012 
14615 
12823 
9352 
4836 
6643 
3330 
3332 
2950 
8670 
8309 
2982 
11929 
7292 
6521 
11245 
2854 
12449 
8566 
1413 
5288 
9577 
11582 
292 
8259 
425 
9260 
493 
3034 
2977 
5625 
2586 
2528 
8775 
6441 
11257 
7795 
13416 
5534 
3046 
5922 
13259 
796 
1074 
13348 
13264 
10679 
14502 
13574 
3530 
3386 
3390 
5579 
13895 
14202 
6253 
11319 
14035 
4552 
4159 
12504 
7505 
1520 
10528 
290 
12236 
9504 
9247 
11645 
3961 
7161 
9890 
231 
12033 
8163 
3662 
1536 
448 
13196 
9175 
5737 
5913 
10365 
1146 
7761 
9095 
6249 
5644 
6035 
5678 
12070 
7383 
11146 
561 
4280 
6981 
12189 
8035 
88 
13513 
10230 
6169 
5711 
5851 
3887 
4711 
5265 
14825 
4285 
14601 
14082 
10952 
14952 
640 
3921 
12589 
6385 
7634 
10816 
4300 
14255 
11622 
7906 
6429 
7822 
4327 
6860 
11707 
2439 
7300 
6772 
3885 
675 
8406 
5305 
11483 
9551 
12992 
10247 
2344 
1382 
753 
3677 
9583 
5083 
7703 
14556 
8676 
8234 
3675 
4694 
897 
9947 
10742 
814 
393 
4843 
1649 
7433 
11997 
5874 
364 
13267 
14727 
3847 
1728 
3532 
6630 
7232 
6753 
2051 
2231 
14577 
2285 
13027 
6062 
14484 
4814 
11168 
11704 
3319 
1726 
5045 
5072 
14692 
1267 
14059 
650 
9644 
910 
14292 
249 
6746 
7778 
2181 
14236 
5729 
4028 
1637 
8927 
4515 
9632 
3209 
13894 
5991 
3065 
6087 
6504 
274 
1395 
10594 
8042 
10517 
11731 
3120 
12534 
13377 
1581 
2918 
13345 
9935 
5134 
13797 
11723 
9207 
8068 
2508 
14467 
3913 
3900 
9481 
9065 
1215 
9822 
7196 
6579 
5244 
5475 
8815 
4430 
6373 
14304 
9999 
9817 
12280 
10874 
2032 
3409 
13845 
6229 
3466 
1832 
11658 
5051 
12384 
9110 
481 
11562 
13873 
11196 
10095 
8717 
9837 
11402 
9646 
9271 
2179 
5461 
11792 
11280 
4820 
14872 
6768 
10409 
14186 
12994 
12242 
9668 
3784 
12434 
1998 
4717 
2365 
899 
4507 
9085 
4332 
9692 
756 
8371 
7064 
6109 
11431 
8819 
13385 
677 
903 
1110 
13649 
7881 
12832 
10314 
2557 
8928 
2316 
6065 
740 
7707 
11488 
946 
11145 
9367 
3007 
1633 
11974 
6530 
9308 
12424 
13908 
9565 
5581 
4502 
5747 
2257 
2200 
9602 
12232 
9754 
6812 
4651 
5750 
13151 
10195 
3380 
10715 
8625 
14871 
2016 
6097 
10616 
12389 
12010 
14937 
4235 
14228 
8547 
3712 
5663 
6611 
4681 
2302 
5862 
60 
9587 
8769 
1564 
1360 
10011 
5655 
4201 
6139 
1238 
5754 
11931 
3618 
2088 
4769 
2020 
14576 
1503 
14299 
6150 
1741 
351 
10191 
10041 
14118 
9066 
7867 
2389 
7791 
1282 
2418 
12978 
8094 
7785 
14120 
6322 
14718 
14423 
7865 
5559 
3953 
11258 
905 
6342 
1688 
10775 
9831 
12180 
8944 
11841 
6419 
5585 
7283 
9404 
1054 
7646 
4183 
1354 
11395 
10471 
10150 
3327 
12797 
9921 
8079 
3892 
14016 
12681 
7315 
6276 
3500 
8428 
14039 
14716 
6268 
3207 
8804 
12614 
10497 
7677 
8722 
6333 
3870 
14500 
1326 
1139 
695 
10405 
4041 
10671 
7282 
11601 
1731 
10032 
12157 
14425 
8418 
5543 
9396 
13952 
8117 
11855 
4365 
11673 
6635 
4693 
5642 
6026 
8538 
4425 
1486 
14110 
9846 
10567 
12629 
399 
8506 
9412 
1008 
3798 
1971 
3432 
9869 
10879 
2099 
9874 
9427 
4800 
5892 
3715 
2972 
5136 
13139 
14011 
9948 
5466 
3285 
3886 
6713 
11979 
10048 
14262 
9545 
10956 
2864 
10504 
509 
11563 
9283 
11770 
2423 
6286 
8118 
13117 
10608 
14584 
11664 
1037 
7063 
855 
4562 
6879 
12989 
9861 
4019 
13340 
4126 
6889 
2274 
1757 
383 
8618 
8205 
4455 
9328 
6301 
14350 
1321 
14219 
296 
920 
1628 
11786 
7756 
12372 
4832 
7896 
14726 
10584 
1948 
3133 
13609 
7153 
14315 
4420 
2688 
161 
3415 
11643 
3488 
5732 
4341 
11961 
10385 
13452 
6100 
5166 
9281 
2430 
10695 
2025 
14579 
8576 
2399 
506 
12542 
12314 
8863 
3305 
8900 
11198 
7549 
11085 
2000 
10140 
14549 
5013 
12549 
11147 
2388 
11361 
2324 
2545 
7631 
11444 
3605 
8481 
5251 
12812 
1709 
11256 
79 
5878 
14678 
4756 
4221 
735 
14899 
13127 
10202 
9569 
14166 
3210 
12123 
5860 
1393 
328 
6127 
11126 
6935 
7467 
2559 
1758 
411 
3504 
3240 
6735 
12269 
5237 
2782 
10604 
5755 
12749 
8085 
9124 
6005 
14960 
1657 
8541 
10605 
6244 
9443 
12937 
13556 
51 
3971 
170 
2278 
143 
7572 
3185 
3452 
9335 
888 
13428 
14664 
12165 
8882 
5053 
12613 
5084 
14627 
11691 
5728 
14830 
4566 
3383 
4803 
10706 
6261 
9234 
2175 
2403 
4384 
2930 
1227 
11506 
3121 
3208 
13270 
825 
1834 
12397 
4494 
13435 
13861 
7655 
12873 
9749 
9334 
8728 
7679 
14695 
6085 
5229 
14711 
1161 
7478 
525 
12373 
2409 
686 
5675 
3607 
12132 
5030 
14055 
1320 
12898 
10173 
5964 
13093 
3792 
5965 
6113 
7358 
10648 
12638 
949 
1367 
8798 
8841 
7241 
2185 
2434 
2053 
10361 
10268 
14290 
9282 
10372 
3057 
4736 
8914 
12026 
12821 
10978 
303 
9436 
3352 
6614 
12054 
1295 
1867 
9164 
5303 
11209 
9657 
6868 
3345 
5277 
12491 
11045 
10689 
10537 
2939 
5924 
13417 
4086 
9266 
1017 
9360 
1371 
10179 
12044 
2899 
4409 
2384 
11519 
1964 
872 
10615 
13206 
12057 
11662 
8953 
8800 
12427 
13124 
595 
2172 
12062 
1120 
467 
12784 
9707 
11115 
3052 
12419 
2680 
7488 
3863 
13970 
4578 
9347 
4388 
5366 
2256 
3909 
8251 
12452 
14243 
9370 
9704 
4963 
1268 
13397 
10700 
12881 
9636 
3378 
10224 
14064 
5830 
6872 
5558 
7783 
13819 
6555 
2632 
9814 
9480 
14473 
1123 
8844 
748 
470 
5126 
4829 
760 
13689 
7566 
6443 
8561 
2392 
6914 
14006 
10780 
3722 
4850 
3090 
2487 
2850 
6864 
11154 
13243 
9780 
609 
4112 
8295 
11950 
12420 
7414 
8316 
6017 
12954 
2750 
8912 
14495 
11999 
14325 
3444 
3288 
19 
6790 
9402 
6332 
13013 
7299 
7257 
11288 
7565 
9444 
4811 
12036 
13384 
5122 
8855 
329 
4461 
2976 
7825 
12711 
3224 
1379 
428 
6962 
1766 
4281 
7943 
9880 
5996 
8913 
9023 
5233 
3414 
11743 
2865 
12678 
8608 
10321 
1684 
10624 
14847 
2472 
2474 
6669 
4823 
4586 
4706 
9060 
6279 
4570 
12966 
9791 
8271 
3493 
11619 
5743 
12325 
975 
8551 
7628 
8787 
11043 
2505 
3027 
12281 
10447 
13833 
10866 
9188 
3686 
12941 
8382 
8520 
5188 
13215 
7214 
4423 
13101 
4406 
5371 
11986 
9901 
1212 
3296 
14808 
10470 
9677 
11349 
5471 
9983 
11212 
4767 
14509 
14249 
8766 
3973 
9610 
12737 
2795 
11285 
6368 
7000 
12079 
13925 
4548 
5614 
14752 
1365 
5314 
6608 
4501 
2444 
3703 
1511 
12250 
2443 
7284 
10078 
10306 
12878 
10121 
2427 
10790 
5612 
3008 
2585 
8368 
11863 
9324 
5036 
1103 
7883 
12792 
7529 
6531 
2252 
7612 
1697 
3322 
13696 
7187 
849 
14756 
10069 
12487 
6146 
3363 
6647 
13920 
10931 
10665 
12816 
374 
12266 
8795 
4172 
10613 
14201 
9976 
3937 
11700 
4557 
3518 
5298 
4500 
6340 
10444 
2686 
9248 
14616 
691 
7332 
8834 
10423 
6908 
288 
6913 
6439 
202 
895 
5646 
5438 
11771 
7706 
3523 
5704 
1576 
2800 
4184 
14349 
11866 
3688 
577 
12920 
13440 
10607 
2535 
13496 
13102 
12201 
2288 
3013 
11278 
7595 
2819 
13292 
13266 
12616 
9342 
6907 
1701 
6562 
5451 
14860 
14013 
3342 
3312 
4858 
5972 
121 
12502 
14954 
8245 
1279 
5081 
8146 
625 
11932 
8104 
14508 
7102 
13675 
8630 
14089 
6920 
12346 
8123 
8754 
528 
1505 
13679 
6494 
4837 
6257 
7035 
14918 
13307 
10915 
4943 
10231 
5137 
1458 
2405 
11807 
8470 
12337 
13247 
1510 
131 
5091 
6578 
4387 
6703 
5005 
14923 
2937 
9924 
14959 
6656 
5092 
2741 
8266 
5443 
12244 
11536 
9088 
10411 
1422 
12809 
1404 
7311 
295 
13359 
12654 
8076 
9168 
10420 
9148 
6347 
14061 
2425 
13822 
6211 
12024 
4023 
9562 
13553 
13130 
10521 
14030 
3318 
10102 
8905 
10921 
13163 
3706 
14531 
12921 
6006 
7562 
8182 
8556 
7418 
6140 
12562 
2965 
11380 
4090 
11041 
10313 
11956 
13724 
5009 
9420 
9280 
12871 
4045 
1141 
1671 
12795 
3004 
4250 
9916 
12648 
10869 
4484 
10727 
11133 
1142 
464 
10660 
4833 
14987 
10346 
8102 
14580 
1151 
3482 
10787 
5255 
11924 
7898 
10176 
5738 
11295 
8715 
13448 
4483 
13019 
1274 
14766 
5919 
8761 
7888 
6134 
3615 
2914 
9149 
13225 
12037 
7427 
6570 
9021 
2530 
1213 
1387 
10330 
5263 
11726 
11560 
14045 
7469 
10876 
11741 
2674 
13697 
12324 
10935 
5495 
7781 
2198 
14661 
9850 
10989 
9426 
3700 
13924 
1716 
7184 
113 
9672 
4445 
7654 
13718 
14552 
9408 
1061 
8075 
11142 
7164 
4378 
1801 
7417 
11652 
13880 
3657 
1984 
13708 
1343 
605 
12703 
10561 
4238 
1591 
11417 
4782 
345 
14524 
14602 
13785 
3871 
5583 
603 
8886 
12691 
8329 
2041 
11059 
11903 
14814 
4474 
11971 
9005 
14499 
2120 
9123 
10486 
10381 
6855 
10348 
10738 
6396 
4180 
5958 
8215 
9372 
1602 
4276 
11231 
3427 
11011 
9034 
13939 
4983 
5709 
13796 
14612 
7301 
7520 
1911 
13884 
8867 
5368 
14454 
14199 
10096 
4969 
6264 
4926 
14295 
446 
14581 
5297 
8615 
3192 
2570 
8225 
5039 
14437 
7004 
874 
11194 
9508 
7025 
7493 
4828 
5480 
8662 
9885 
3035 
8415 
13355 
11185 
1514 
12007 
3704 
1947 
8883 
10882 
1917 
6958 
10166 
6591 
10954 
4686 
13912 
4576 
8293 
13648 
3634 
10172 
11324 
7343 
7490 
2840 
5768 
2705 
13830 
2903 
10949 
1643 
13406 
3757 
8434 
2987 
3918 
8705 
9507 
8337 
13444 
5898 
3382 
6616 
10396 
13272 
1848 
12185 
5619 
14547 
840 
9299 
11892 
10992 
6682 
10174 
10763 
14705 
132 
10073 
2511 
1230 
6437 
4473 
6844 
7065 
361 
10522 
2284 
9752 
9302 
7073 
6207 
4026 
3117 
4840 
1558 
2132 
8413 
9383 
10871 
7463 
7907 
13146 
3439 
7193 
9477 
8377 
6159 
7542 
1815 
13510 
9456 
12388 
2905 
13999 
14402 
10065 
11762 
1786 
1710 
962 
4892 
4544 
7026 
13911 
9816 
4939 
9691 
12863 
602 
11082 
14189 
1619 
1655 
14124 
2343 
994 
13234 
669 
13941 
9859 
12642 
7456 
13473 
965 
9464 
6785 
2831 
11038 
2086 
1042 
14157 
2959 
1826 
10862 
1693 
13922 
8197 
3666 
7891 
5759 
2162 
3815 
13889 
8491 
6137 
12234 
13630 
13347 
5624 
12285 
5797 
11170 
2263 
1517 
1363 
9798 
13358 
12646 
7551 
449 
4542 
6606 
3702 
11010 
2008 
5973 
13160 
2985 
4746 
6387 
2471 
9291 
2519 
13835 
12874 
2391 
4536 
8695 
10622 
12425 
6959 
2265 
10283 
7547 
14629 
5360 
5700 
6677 
11200 
12027 
11188 
10704 
4185 
9803 
9262 
1785 
12801 
10888 
6949 
4584 
6001 
5146 
3525 
9393 
1569 
3960 
12657 
2810 
6991 
5822 
5606 
4009 
12579 
13886 
12015 
1285 
5633 
11888 
7613 
13954 
301 
6112 
13327 
12850 
3435 
11286 
498 
11632 
8303 
6164 
571 
489 
7459 
12546 
5358 
1882 
5457 
1658 
6066 
11952 
3608 
9433 
3833 
13996 
2833 
9676 
1715 
5741 
14160 
45 
14958 
13223 
5855 
4377 
14790 
14372 
2534 
2275 
1157 
755 
10242 
13070 
4450 
3106 
6486 
13 
12360 
11998 
6421 
3428 
104 
4078 
1193 
7582 
4878 
1349 
13828 
5119 
7424 
552 
2150 
4608 
1128 
9330 
5920 
9356 
7221 
9416 
6077 
7030 
11350 
14314 
267 
14545 
3498 
9127 
3760 
8899 
6313 
12053 
7972 
8824 
8089 
13568 
6925 
396 
4130 
7012 
12148 
9437 
4236 
2875 
388 
4024 
12444 
11164 
12831 
14214 
4477 
417 
1066 
5604 
12900 
4607 
12099 
11696 
14490 
3214 
1660 
2636 
5173 
6033 
13487 
4231 
5187 
9969 
3461 
13423 
9606 
8926 
734 
2483 
1844 
4654 
2927 
10979 
7485 
13357 
2825 
13426 
11610 
7471 
5151 
7365 
3758 
13108 
2360 
149 
13318 
14511 
4698 
4906 
14148 
7114 
801 
8668 
2202 
1216 
2059 
9103 
13176 
1933 
8194 
11650 
2765 
10414 
5003 
1190 
11899 
6956 
692 
1368 
12460 
14434 
2696 
11013 
617 
9134 
12515 
12893 
5645 
5923 
7518 
112 
9801 
12610 
4452 
10130 
4801 
1392 
10631 
8943 
1000 
14069 
5210 
2962 
10655 
13482 
4139 
8946 
2100 
6282 
4095 
13834 
11568 
880 
3761 
12547 
5448 
14458 
1419 
5240 
11372 
1736 
4444 
5506 
8612 
2862 
12957 
5593 
2878 
3586 
4895 
12305 
5850 
1942 
7484 
14479 
11503 
6825 
13586 
824 
7129 
11322 
8047 
653 
3884 
8431 
6838 
7569 
3100 
11249 
11923 
5542 
13599 
8524 
10761 
3238 
14656 
6084 
3580 
4575 
8375 
8601 
3163 
12899 
11829 
12221 
1104 
4434 
9239 
4182 
14431 
4737 
12513 
5970 
5716 
14818 
7622 
14392 
3780 
1484 
11561 
6684 
7038 
4775 
4741 
13218 
7627 
4272 
13662 
8084 
6302 
11179 
5667 
8972 
13736 
7126 
7477 
12753 
10031 
4305 
12090 
14259 
4734 
5871 
14488 
11555 
12774 
9311 
928 
867 
2260 
9776 
9423 
9745 
12982 
10182 
12669 
46 
10401 
12065 
13858 
14565 
11861 
4359 
604 
6756 
12188 
10611 
2633 
12437 
2998 
10632 
12828 
8703 
11472 
10610 
1200 
12722 
10760 
9305 
1462 
8299 
8121 
10743 
1182 
5649 
10560 
10675 
14783 
1922 
8411 
13536 
768 
1763 
8856 
38 
13065 
7804 
14469 
2345 
8528 
4718 
8751 
219 
2658 
11102 
7317 
14611 
4358 
6291 
304 
14805 
9642 
11485 
12933 
12715 
11370 
13616 
14486 
4153 
7421 
4603 
4595 
9963 
13936 
7942 
12783 
3070 
4631 
12330 
14926 
13558 
3239 
10846 
8114 
12755 
7727 
5727 
7473 
7445 
14041 
14940 
11211 
3877 
3412 
12194 
1454 
9849 
2375 
10407 
3594 
8239 
8195 
12279 
4810 
4649 
4203 
11308 
1850 
8945 
4996 
9238 
8082 
2811 
9198 
5685 
13375 
2118 
1431 
7239 
5163 
11683 
10488 
6627 
14155 
13921 
2486 
1007 
599 
13000 
9094 
14876 
1813 
14087 
6526 
10168 
5577 
6604 
13349 
11885 
491 
10926 
2682 
8664 
14438 
9768 
12378 
9126 
2178 
13734 
2463 
78 
2137 
13279 
1129 
11107 
12332 
4893 
2433 
4712 
11068 
14866 
10774 
3489 
4770 
5018 
12586 
9764 
7248 
2239 
12739 
10201 
8435 
9058 
7325 
8901 
6450 
5214 
5321 
14772 
12791 
1465 
3789 
14357 
2037 
7765 
13763 
1237 
2715 
5978 
9834 
11378 
3076 
6452 
3268 
2949 
7476 
3220 
9806 
10589 
8423 
6674 
2513 
1687 
14226 
14176 
3391 
2591 
6839 
8249 
13848 
13295 
9391 
5190 
7121 
9192 
12474 
11143 
5907 
27 
14244 
11405 
9086 
6122 
8171 
13746 
10796 
12544 
10535 
668 
4361 
11414 
9675 
5630 
12872 
4242 
1753 
1889 
6103 
4315 
13798 
4368 
9908 
3729 
8891 
2089 
8564 
14427 
236 
12059 
12555 
4296 
10025 
5023 
8429 
13470 
4036 
4390 
13301 
4266 
13647 
4976 
2354 
6099 
1433 
6153 
10137 
5234 
5512 
10505 
8216 
9254 
3346 
8416 
10375 
614 
11191 
11535 
11690 
5374 
5090 
4540 
12925 
10290 
4927 
9510 
13799 
313 
14628 
405 
10912 
535 
5588 
10769 
10722 
9601 
1337 
2031 
5158 
12539 
11788 
146 
8780 
567 
1724 
7197 
11736 
5927 
11778 
14927 
3131 
11774 
7103 
1618 
5221 
10754 
10543 
14883 
6992 
4999 
1380 
4531 
10877 
1428 
7913 
6830 
8778 
12005 
10518 
9966 
7225 
11076 
4938 
8086 
2221 
4653 
2628 
3333 
1685 
13133 
12565 
12533 
11272 
1335 
5567 
5347 
6217 
8753 
7021 
10480 
8235 
4084 
5304 
13368 
774 
5340 
11360 
998 
8764 
13134 
11968 
13174 
2777 
9089 
10881 
4074 
6705 
6787 
2401 
5802 
3411 
3816 
5890 
8941 
4669 
13956 
2683 
14223 
7788 
12605 
705 
6805 
49 
11618 
11035 
4957 
13252 
9693 
3494 
12204 
6600 
2338 
1211 
2461 
6036 
4732 
3445 
13623 
9724 
4329 
9911 
4912 
1218 
3602 
4385 
2917 
9620 
14068 
158 
7144 
12896 
410 
12106 
13909 
14340 
570 
7152 
5548 
3119 
12662 
10872 
11598 
9686 
8498 
13733 
3890 
9355 
8811 
6629 
9028 
12390 
4094 
8398 
5074 
1309 
2948 
409 
8219 
1870 
9377 
3658 
8395 
4702 
9050 
5423 
12364 
13641 
819 
10789 
2657 
3593 
2656 
10239 
11821 
9723 
8669 
9640 
11004 
12438 
9934 
8849 
9968 
2961 
8961 
5337 
3880 
13756 
12 
13136 
4899 
9114 
9932 
7786 
8212 
10673 
9550 
1301 
11130 
14000 
11320 
2549 
5349 
5375 
5161 
14942 
6231 
10476 
11538 
8907 
14258 
14504 
4162 
3558 
911 
14607 
10364 
9878 
1858 
5209 
12465 
1899 
13168 
14991 
1164 
14433 
5258 
4188 
3356 
11277 
4977 
11628 
14983 
1934 
5320 
7980 
6503 
1316 
10448 
12019 
9552 
5431 
860 
10828 
2664 
3278 
4725 
12001 
11592 
4887 
5249 
13365 
12523 
8818 
14032 
6523 
852 
13314 
5096 
8592 
12391 
2945 
2271 
11908 
3155 
1793 
14750 
4103 
5885 
3249 
2829 
8260 
278 
7544 
882 
8432 
12149 
12396 
4118 
7723 
13903 
9104 
8338 
12710 
1483 
11032 
3246 
11037 
4412 
2942 
12409 
9049 
2122 
214 
10820 
9867 
14870 
538 
6983 
9564 
11250 
93 
7894 
12844 
1989 
9030 
1377 
5629 
13776 
12717 
1070 
2351 
94 
3181 
11482 
9851 
4759 
8224 
848 
7037 
8403 
8039 
7736 
1534 
10437 
1914 
2983 
9470 
2349 
6079 
12289 
8587 
9452 
2748 
14266 
2806 
1065 
13311 
3464 
9051 
1375 
9835 
11966 
9576 
3012 
3644 
9917 
2625 
7802 
14115 
4790 
539 
13399 
1479 
1148 
5979 
117 
12320 
436 
1114 
4763 
10432 
8701 
14017 
13754 
14728 
4817 
3889 
10913 
5837 
13483 
7337 
5027 
10309 
11029 
3979 
2991 
5037 
8439 
1884 
9440 
4757 
4119 
787 
10732 
8051 
9942 
3790 
8973 
14190 
12984 
7090 
6709 
11981 
4644 
4040 
8548 
4894 
5219 
4220 
9497 
13774 
7504 
8962 
5988 
6492 
6883 
6456 
12694 
4532 
12923 
11686 
5676 
14322 
4674 
5531 
14330 
10061 
12509 
13048 
7061 
12359 
13715 
5441 
7739 
8653 
14229 
12225 
3236 
5937 
8663 
6997 
8740 
7346 
7267 
9072 
12134 
12156 
14250 
13543 
13700 
11474 
8449 
7590 
4326 
6814 
6220 
1234 
3802 
1683 
11014 
8921 
1449 
1263 
12323 
9887 
1549 
1273 
13269 
1439 
6168 
3942 
7621 
11279 
1600 
5524 
6549 
3583 
11070 
11492 
5102 
13492 
7556 
10373 
1062 
1180 
3150 
9990 
2437 
13552 
4679 
3451 
2066 
14985 
13219 
5939 
983 
4519 
6886 
5735 
3972 
8563 
1095 
13043 
5691 
9115 
5392 
4098 
7821 
4672 
4410 
2085 
7691 
8261 
8583 
10964 
11071 
3842 
11491 
8526 
2125 
8658 
4628 
166 
14142 
2182 
1607 
1513 
14751 
1507 
6941 
1775 
5424 
10148 
3927 
10575 
14008 
3685 
14891 
12807 
8344 
12760 
4807 
4581 
12665 
3429 
9205 
14293 
4229 
12834 
8281 
4818 
3888 
4439 
6661 
11893 
10770 
13014 
4290 
4292 
9138 
7917 
6781 
8323 
11113 
1 
4900 
8999 
9310 
3165 
4127 
11886 
12890 
5120 
8467 
4949 
8939 
8480 
8848 
3045 
13937 
11449 
5536 
11734 
9182 
2906 
3248 
11204 
11789 
450 
10404 
3176 
1818 
13984 
6916 
13592 
13484 
5246 
12675 
13660 
339 
1990 
11515 
6694 
261 
14957 
12751 
2944 
4038 
5521 
1774 
126 
14396 
5116 
4979 
6474 
5456 
7830 
5895 
5189 
3180 
3878 
7737 
3102 
11767 
11926 
14140 
12407 
3859 
11749 
8577 
6722 
8238 
12231 
9756 
2168 
1856 
2532 
2592 
2726 
7669 
10542 
870 
4391 
2895 
5066 
5468 
9958 
5779 
5348 
803 
6511 
4647 
11604 
11710 
6243 
14666 
639 
9716 
9357 
4931 
2851 
9915 
11638 
1332 
9862 
13167 
3252 
7091 
12510 
12615 
4740 
843 
10698 
8221 
11221 
12351 
3769 
1550 
14052 
5861 
6367 
14414 
8813 
4724 
5658 
4428 
10749 
10688 
7597 
14570 
10499 
1509 
9881 
6792 
10430 
1562 
11620 
14164 
5866 
381 
14489 
587 
6987 
5605 
13964 
7686 
2909 
697 
8975 
56 
4662 
14024 
13067 
942 
10335 
8691 
6696 
10016 
3920 
12405 
5032 
8414 
10467 
8488 
12095 
12166 
10086 
1206 
7117 
3436 
986 
7694 
11475 
10374 
8074 
10842 
5752 
10468 
11192 
5411 
7256 
12666 
8285 
4932 
5315 
4079 
14461 
6687 
4073 
7215 
11674 
600 
6731 
1727 
5390 
10203 
6182 
5944 
11403 
12987 
3251 
12674 
5561 
4222 
12530 
6262 
12524 
7130 
10612 
7851 
10338 
5848 
8387 
7615 
6349 
4953 
9896 
10625 
9410 
11300 
5589 
6304 
6885 
5279 
12493 
1979 
11339 
9272 
2149 
2243 
13773 
6951 
2911 
7616 
14184 
14865 
10545 
5170 
702 
3865 
7018 
10324 
200 
7399 
8831 
12034 
12623 
11862 
3689 
14204 
9741 
3540 
6420 
13716 
7861 
12663 
8324 
4551 
9159 
9290 
12483 
2298 
207 
891 
10729 
9338 
2623 
6752 
8448 
9053 
1269 
2727 
7395 
8906 
12569 
2297 
2331 
7623 
6592 
474 
1310 
1214 
7431 
11613 
14633 
10186 
1974 
10677 
4460 
3107 
4186 
11235 
9936 
12970 
13885 
1904 
1068 
13051 
12237 
6567 
4152 
9926 
1734 
1765 
1627 
2517 
2164 
137 
10596 
11596 
14988 
1246 
9812 
12919 
10539 
9332 
11787 
11072 
1555 
1999 
11732 
6432 
1860 
9040 
30 
12287 
11026 
2609 
1421 
4210 
316 
95 
11845 
6848 
7842 
5478 
12564 
2242 
8455 
10248 
1548 
7240 
7841 
11314 
6471 
4228 
13033 
12802 
8298 
14904 
10924 
4431 
7557 
6933 
14197 
12748 
3995 
6027 
11744 
3720 
9572 
14283 
8903 
7202 
3672 
455 
7212 
8743 
14687 
8278 
6481 
14345 
7272 
9387 
5852 
2005 
1051 
704 
14466 
11497 
5310 
3147 
9786 
14902 
8758 
5552 
4862 
13587 
3872 
13990 
12891 
8702 
4795 
5869 
1644 
616 
6877 
11553 
575 
5640 
5470 
1117 
8306 
10983 
6483 
11419 
14898 
9246 
11637 
4764 
10154 
11858 
5940 
12296 
9505 
5673 
1107 
6874 
9683 
57 
246 
4050 
8379 
13434 
14635 
3669 
3375 
14272 
3762 
6510 
13100 
1754 
14659 
12861 
8393 
421 
13580 
8475 
6329 
4911 
8170 
2047 
13438 
12213 
3705 
9080 
3620 
2065 
9982 
10777 
14924 
7732 
12354 
2079 
14778 
9298 
179 
7753 
4804 
4044 
10134 
14884 
7642 
2897 
14875 
7678 
13260 
10249 
9111 
1937 
50 
8154 
3509 
839 
2116 
1003 
8533 
2465 
6354 
14789 
11552 
779 
9920 
490 
9667 
2124 
9787 
12477 
6073 
4393 
12634 
12585 
1031 
10710 
13968 
3678 
338 
5106 
10421 
13455 
2090 
608 
10571 
1338 
534 
5483 
6751 
7580 
1565 
8530 
14273 
8175 
4897 
5403 
4147 
7046 
9945 
1760 
14901 
11210 
11090 
321 
5790 
3275 
1266 
13394 
9793 
3501 
1459 
8361 
12750 
13539 
4334 
14553 
12160 
5514 
3069 
5896 
9863 
11281 
9152 
14447 
8586 
4875 
11575 
14743 
5720 
298 
12685 
66 
7135 
12217 
12486 
2890 
3481 
6212 
7611 
7515 
601 
10815 
3511 
7687 
10427 
7866 
1780 
3645 
12558 
13788 
8542 
678 
8639 
14922 
8502 
5535 
5793 
4012 
10656 
5751 
14278 
2780 
11695 
1771 
1622 
4432 
9235 
6580 
109 
14359 
13192 
10167 
3891 
2958 
12087 
9170 
14668 
462 
1689 
13038 
8853 
1185 
14997 
10709 
6556 
7298 
14982 
11042 
9897 
176 
10059 
10723 
11448 
11546 
1299 
2537 
3818 
10464 
4605 
10339 
4411 
8643 
7495 
6726 
3014 
10442 
2145 
12700 
2685 
1312 
2237 
13079 
11602 
6902 
4294 
284 
6025 
14078 
8126 
10219 
14307 
6350 
1725 
14335 
6536 
5523 
1563 
11033 
14149 
8976 
4835 
7246 
7945 
368 
385 
58 
5518 
2857 
9832 
11321 
5827 
5829 
13205 
3222 
3521 
7514 
11775 
10853 
3858 
6037 
10153 
13186 
3260 
8875 
337 
2006 
2512 
4354 
1742 
4905 
8732 
10690 
11342 
5502 
6990 
10734 
3129 
6334 
12520 
4558 
5408 
12508 
3679 
8983 
13575 
13042 
8149 
3270 
7915 
3114 
2340 
6319 
8321 
7824 
6312 
6188 
11105 
610 
1491 
8738 
6554 
7734 
13635 
7242 
9810 
2805 
6818 
944 
10960 
11151 
10415 
2222 
1749 
14102 
10793 
4612 
324 
6668 
2436 
2539 
9555 
12930 
9988 
10451 
11409 
3203 
2667 
14761 
3585 
2793 
3876 
6701 
6423 
2694 
1593 
14976 
5826 
12631 
1221 
10354 
11545 
43 
6145 
2183 
4824 
1938 
8357 
13063 
11331 
2261 
11884 
7010 
164 
12846 
10045 
11534 
1674 
488 
12668 
9833 
4052 
14856 
9649 
8782 
5801 
395 
3811 
12591 
12996 
17 
3699 
12680 
3449 
1822 
2802 
12224 
1537 
2228 
12636 
9494 
1183 
9439 
11633 
11424 
13678 
13445 
2411 
4568 
244 
7120 
1059 
820 
6424 
7960 
14049 
8660 
2541 
2621 
12596 
804 
7487 
12904 
4904 
6256 
5436 
10244 
10485 
4246 
12169 
13655 
832 
12282 
10851 
1021 
5960 
10159 
8688 
13673 
14333 
12709 
674 
7162 
2552 
6617 
8207 
711 
9389 
3223 
5046 
2786 
6957 
13129 
12794 
14195 
9214 
8555 
2834 
13064 
1186 
3637 
5439 
2791 
3794 
11187 
14613 
9568 
10261 
9017 
7058 
5406 
7697 
13615 
7872 
14663 
4082 
13216 
2350 
5338 
3146 
7949 
7854 
10573 
500 
9469 
11476 
5038 
2698 
9035 
8279 
2574 
11369 
12843 
7178 
3101 
999 
1160 
13791 
11530 
5242 
4582 
12131 
6758 
14210 
5872 
6632 
5749 
4134 
3905 
10513 
7338 
14083 
2966 
8399 
7278 
6032 
6061 
865 
14759 
5171 
2347 
9077 
13280 
3949 
4682 
729 
1322 
9006 
8721 
12877 
11438 
14688 
7277 
6597 
11396 
11489 
6462 
12619 
10012 
14806 
13341 
6932 
1609 
13634 
9122 
1910 
11649 
4111 
11589 
8330 
7330 
6241 
14429 
5776 
6454 
12964 
13527 
1861 
4471 
9306 
12222 
8708 
10708 
6623 
8164 
1500 
2706 
11769 
9137 
9524 
6187 
4122 
402 
6576 
8425 
1165 
4903 
2953 
3093 
2841 
2888 
1926 
1287 
9939 
1722 
12910 
4438 
9737 
1531 
1686 
2374 
9217 
3901 
3365 
12803 
12690 
3556 
10429 
3568 
14900 
1131 
9696 
233 
3142 
14107 
7810 
4289 
5183 
13874 
11922 
8447 
9964 
4427 
10275 
8678 
3697 
6142 
14597 
5302 
8637 
3467 
4587 
8636 
2919 
3713 
11173 
12845 
5191 
4467 
11287 
4247 
1350 
1353 
9438 
2052 
9392 
2567 
5162 
3337 
14477 
9145 
6742 
8477 
3183 
4696 
7020 
10267 
13191 
8264 
11911 
10855 
10207 
777 
11263 
5283 
4087 
6820 
3143 
6917 
2473 
4269 
2204 
6743 
3954 
6210 
13546 
10392 
879 
2072 
8712 
3956 
14174 
3584 
6631 
12439 
8353 
9453 
10399 
6144 
4650 
2326 
6166 
8503 
14533 
12176 
1016 
2879 
9709 
11918 
4029 
7954 
578 
13947 
5383 
11064 
12168 
4642 
11136 
6909 
14294 
2329 
4392 
13258 
919 
9530 
8166 
8981 
5654 
3483 
8532 
4797 
2287 
2195 
8896 
4777 
13564 
208 
14134 
125 
1854 
953 
14492 
10712 
7398 
10901 
13786 
4973 
5139 
10352 
3923 
6977 
4199 
5948 
387 
13731 
13030 
9597 
14845 
2891 
12008 
3266 
5396 
1358 
12852 
1853 
5562 
6537 
12531 
11223 
4952 
13782 
12729 
6427 
14796 
14890 
3517 
9016 
1318 
4352 
7460 
7051 
12245 
4309 
10950 
7160 
10917 
7811 
10804 
177 
10378 
13974 
12411 
2115 
2058 
10735 
3226 
7229 
8686 
7519 
10757 
11501 
4179 
13154 
10520 
2083 
7334 
1143 
1262 
13485 
14221 
9719 
3930 
7022 
12597 
8283 
7425 
3211 
1444 
7029 
1359 
1738 
7740 
9875 
14172 
14091 
14636 
8402 
2026 
3850 
4758 
3641 
7224 
11951 
330 
2334 
10487 
11890 
2015 
12859 
52 
14234 
9044 
87 
5002 
4270 
6010 
14852 
2838 
2975 
9142 
10740 
154 
11022 
12826 
3621 
6138 
2507 
2885 
4637 
3284 
9826 
7172 
14965 
12341 
5070 
6292 
7475 
6584 
4671 
6274 
10302 
9925 
12357 
10683 
14874 
1046 
9679 
5563 
1438 
7507 
8067 
13893 
14167 
11557 
1702 
12630 
13393 
6305 
1248 
3280 
3139 
5546 
13656 
10503 
11504 
8045 
9876 
1029 
12406 
5154 
427 
7203 
645 
11975 
8311 
14178 
10910 
1809 
265 
2061 
2589 
14450 
12115 
8546 
1810 
4020 
501 
335 
7095 
7336 
11671 
442 
5254 
9523 
5416 
10111 
11531 
5659 
8333 
10426 
4196 
8698 
11073 
5539 
5631 
4761 
2315 
1668 
13255 
11152 
8958 
10005 
11205 
2362 
2617 
7370 
8652 
3837 
7013 
5760 
6028 
6646 
6697 
10473 
13758 
13195 
935 
11077 
14639 
11193 
3161 
6186 
5930 
6110 
3635 
1951 
83 
7033 
4739 
8894 
14975 
13503 
3301 
1492 
1173 
9525 
2788 
950 
14721 
5557 
1663 
2327 
14731 
14104 
14474 
2203 
2107 
6740 
5982 
1089 
8704 
4748 
14460 
4742 
13081 
12116 
8349 
13928 
11242 
2184 
5500 
13333 
8178 
11296 
6442 
2804 
10235 
307 
14936 
9759 
13532 
3264 
2462 
10852 
7524 
10829 
10379 
13837 
10674 
1953 
4788 
14986 
8385 
6796 
673 
13613 
2217 
8484 
8040 
10188 
9130 
2876 
1879 
11408 
13910 
1442 
7306 
11717 
2282 
10347 
12408 
10832 
9036 
3806 
5141 
5981 
9398 
10767 
6750 
560 
3577 
3655 
2672 
1345 
10592 
11684 
12301 
4655 
2060 
7245 
11273 
11270 
12086 
8011 
8376 
9169 
14676 
14709 
12016 
3848 
12445 
4771 
7819 
8315 
13870 
5976 
5236 
1790 
1480 
6489 
12380 
2480 
6320 
3030 
664 
7432 
1927 
1527 
4336 
234 
4256 
9541 
1135 
9558 
14238 
4964 
3904 
11355 
4680 
14993 
4136 
5507 
10143 
114 
6293 
11719 
6360 
10233 
8492 
2611 
12376 
1466 
11067 
1489 
12031 
9092 
1670 
12962 
2129 
1580 
5232 
2525 
3828 
7041 
14175 
9264 
14775 
3990 
2123 
7618 
4626 
3072 
7230 
14366 
12311 
10129 
7844 
14787 
2001 
14029 
6596 
12074 
1931 
6906 
13681 
5197 
6485 
10300 
11524 
13066 
11516 
10305 
8672 
4257 
10653 
6845 
11338 
2157 
2028 
11047 
7552 
10512 
11291 
5095 
8157 
13254 
14596 
11973 
2792 
725 
7927 
9461 
6509 
7491 
3825 
5322 
3516 
11412 
6624 
6200 
9386 
12022 
7963 
14839 
9779 
8087 
13722 
1324 
9561 
14422 
188 
2677 
3005 
7649 
7991 
4018 
7924 
7530 
5635 
283 
14933 
3321 
4729 
8061 
13730 
268 
7950 
1695 
11827 
1082 
7429 
14669 
6314 
3727 
40 
7458 
11259 
10474 
14133 
1009 
12857 
6969 
1802 
1945 
12730 
3968 
14072 
9509 
11709 
1140 
11782 
4166 
7850 
9500 
13525 
12297 
7376 
4465 
6269 
10736 
14758 
6296 
1432 
1865 
8965 
11507 
11842 
14384 
633 
12747 
85 
8253 
8550 
7275 
13273 
14994 
1172 
4389 
7693 
13179 
4635 
1229 
9424 
35 
11714 
10755 
1115 
3310 
6499 
11398 
9135 
3730 
13209 
333 
8256 
9289 
247 
8783 
3234 
7422 
8458 
12431 
14916 
32 
13567 
10993 
2332 
9 
6563 
13795 
5805 
5319 
1315 
5022 
13781 
10892 
5652 
8794 
5367 
5568 
11977 
12535 
9055 
6434 
3852 
9157 
6306 
4981 
11573 
6238 
1648 
7517 
2098 
564 
718 
13401 
6655 
5684 
10649 
12043 
9451 
1896 
9866 
2034 
1943 
3384 
5744 
8666 
250 
463 
14196 
7123 
13855 
11274 
4685 
12447 
9635 
3839 
4046 
5812 
14257 
12796 
6055 
4191 
1457 
2631 
1105 
10791 
9348 
6963 
7543 
4255 
4097 
3307 
4088 
5105 
13439 
13040 
3827 
5770 
14698 
6653 
12402 
359 
10713 
10273 
14036 
3450 
4499 
10633 
13122 
4271 
3490 
185 
5758 
4189 
314 
3474 
7767 
5127 
7400 
4516 
12757 
8597 
3091 
8057 
6393 
13508 
6251 
1113 
3250 
5772 
1118 
2490 
2299 
11670 
9119 
14135 
13378 
4218 
8651 
6118 
10803 
13807 
2649 
5059 
8156 
13472 
1973 
7474 
14768 
10730 
229 
14546 
11854 
7452 
3952 
7455 
11388 
11246 
5100 
5547 
5847 
12164 
1539 
14328 
9960 
9543 
4470 
10353 
1969 
14405 
4350 
4659 
5165 
2709 
1811 
7838 
11148 
7115 
11330 
2772 
11794 
4901 
12556 
2024 
14151 
12951 
12627 
6666 
3728 
2913 
7085 
12263 
5528 
11385 
2964 
1523 
499 
6297 
10942 
12461 
562 
5726 
8241 
9220 
10050 
14252 
9025 
6052 
11677 
4826 
14194 
10930 
12423 
61 
10597 
13276 
6834 
8693 
9349 
7575 
98 
2746 
8808 
10389 
13742 
1615 
5679 
2550 
10973 
13982 
12958 
7145 
14539 
9041 
11495 
12018 
3845 
4727 
1723 
6197 
10317 
736 
4275 
3717 
6870 
11574 
13001 
14047 
10538 
13998 
5608 
12677 
7089 
1159 
5712 
11244 
9809 
11027 
10957 
5607 
5956 
12917 
1921 
6970 
14824 
13640 
4171 
10974 
6170 
9475 
2923 
14706 
6971 
14886 
14885 
5071 
222 
7568 
8077 
1667 
13686 
3361 
10570 
7533 
5942 
13328 
6215 
13262 
5813 
3740 
3981 
5421 
4277 
13710 
8700 
9319 
2002 
2416 
2 
11623 
672 
12096 
9339 
789 
10145 
8677 
2049 
1231 
4525 
14977 
2412 
10147 
7158 
13986 
6089 
11401 
5804 
3274 
12838 
1447 
3507 
11049 
1044 
5901 
6498 
12453 
10383 
10007 
6508 
8468 
6574 
12584 
11377 
3049 
9995 
869 
9187 
954 
4398 
6692 
14895 
7345 
2121 
6445 
6490 
581 
1681 
6650 
13940 
9133 
8835 
542 
2849 
3512 
8515 
3272 
8007 
12593 
477 
9003 
11490 
12475 
3552 
14114 
14347 
6936 
4677 
8485 
4093 
1463 
2159 
9907 
10452 
2238 
9772 
2448 
5833 
1968 
936 
14137 
5103 
9789 
5414 
6056 
7578 
1915 
2504 
1571 
2161 
10161 
4426 
4870 
3376 
5399 
9459 
12952 
11241 
3241 
6250 
4907 
1597 
