7000
827 
5454 
5247 
2555 
6168 
5785 
441 
4302 
5296 
3401 
5197 
3638 
316 
4129 
1844 
1558 
3369 
1232 
4338 
3471 
2991 
4246 
1483 
5906 
4552 
1135 
1753 
1869 
2349 
3159 
2548 
263 
4454 
6282 
105 
1296 
4516 
6214 
6179 
3363 
4066 
818 
4772 
4620 
2159 
6440 
2246 
5765 
3949 
1557 
3441 
3172 
5434 
3772 
5743 
1045 
2281 
599 
2314 
1520 
2131 
4344 
3244 
6656 
166 
1154 
4668 
1665 
589 
6722 
2912 
1657 
5496 
2630 
6822 
6047 
3560 
3657 
3829 
2050 
3993 
6457 
5755 
4135 
452 
5317 
4758 
4876 
6676 
2804 
4354 
2262 
1440 
3155 
1681 
1297 
2477 
6670 
581 
4568 
4146 
2753 
4669 
3522 
1732 
6752 
3667 
499 
1245 
3445 
3343 
1320 
4074 
6497 
3804 
4008 
79 
2812 
755 
5619 
6295 
4525 
1024 
4455 
2808 
3461 
968 
1463 
6303 
4294 
3092 
540 
6407 
3169 
4689 
4290 
5105 
416 
6685 
6137 
2137 
4258 
533 
1280 
6788 
3293 
6301 
389 
2885 
2086 
6298 
5955 
4078 
5679 
3733 
6462 
5284 
3083 
6148 
4436 
5330 
4821 
4696 
5595 
5549 
2791 
4240 
5170 
1769 
6894 
149 
2880 
4232 
6729 
3874 
2048 
896 
3248 
3234 
5622 
6050 
2396 
4679 
110 
1666 
4584 
1092 
2395 
3758 
5497 
2927 
3223 
3340 
6611 
3996 
5903 
6645 
1580 
1157 
6508 
5516 
6022 
6091 
3376 
2907 
5066 
6076 
4945 
2469 
3301 
6185 
4997 
5751 
5759 
5086 
1931 
6267 
3950 
6607 
2737 
5859 
563 
449 
6808 
290 
1927 
4798 
2240 
4272 
4487 
4565 
4787 
1008 
2839 
1673 
2994 
5908 
6710 
2806 
1690 
1273 
4366 
598 
3303 
2243 
4201 
1712 
6307 
5587 
4564 
2136 
6809 
6329 
3845 
4178 
1533 
1458 
2044 
4012 
6340 
2266 
4348 
4814 
6311 
5580 
6904 
1123 
6835 
1411 
6767 
3899 
2822 
5185 
826 
2629 
3213 
646 
5558 
5232 
1277 
2717 
6660 
5348 
6075 
4825 
2405 
4009 
88 
1414 
6919 
1318 
715 
3985 
4874 
1677 
1362 
256 
5386 
1954 
4658 
6472 
4192 
6989 
5817 
4475 
6327 
4738 
5885 
2254 
6182 
3795 
4494 
4560 
1571 
6727 
3454 
180 
3150 
2278 
1755 
3641 
4478 
3010 
6296 
3854 
3421 
2297 
2357 
1674 
4678 
4020 
1547 
3745 
3873 
4292 
6629 
2503 
5214 
2157 
1987 
4792 
4155 
6224 
1331 
3218 
1110 
6673 
6963 
4238 
5571 
4128 
1544 
2460 
519 
3648 
1611 
5040 
5075 
2244 
1942 
913 
2730 
6725 
1004 
5444 
3015 
2550 
1422 
592 
6798 
6380 
1343 
1425 
4790 
3378 
572 
686 
5432 
1413 
1918 
5501 
3911 
1428 
5437 
3036 
3146 
3216 
1312 
616 
5154 
6234 
2664 
5787 
137 
5203 
990 
3110 
3689 
3554 
2383 
883 
6123 
4496 
326 
3004 
2995 
5421 
5419 
3386 
3672 
16 
4196 
4786 
3532 
169 
4715 
6552 
1162 
1108 
1423 
4143 
717 
4682 
892 
4281 
2711 
3867 
3201 
6293 
5137 
3746 
1830 
4512 
361 
369 
2873 
6237 
5357 
3870 
1313 
5883 
1778 
591 
4966 
4097 
4206 
3995 
2798 
3767 
5132 
5273 
1046 
6748 
2919 
3982 
300 
5218 
2342 
554 
3990 
5405 
2185 
6479 
2865 
5662 
1461 
4806 
1470 
5159 
6928 
1644 
6827 
2657 
654 
1287 
2171 
6987 
1756 
3562 
443 
284 
3018 
3528 
709 
2894 
6772 
4408 
3084 
2598 
3706 
4305 
5136 
987 
5394 
523 
6501 
2434 
636 
1521 
2467 
2432 
132 
3801 
6875 
3639 
3971 
5160 
3585 
4423 
6174 
1430 
1585 
4438 
4803 
5047 
3127 
6764 
5840 
1416 
839 
6712 
4263 
5846 
1517 
2849 
5036 
2874 
1766 
5919 
3342 
683 
1787 
2300 
6150 
3824 
812 
6045 
3352 
5833 
240 
4801 
769 
6998 
4265 
6874 
2559 
4672 
6532 
832 
562 
3475 
358 
2728 
2177 
6661 
6789 
3336 
3992 
3373 
2568 
4841 
4026 
630 
6599 
2933 
2672 
3351 
1099 
175 
6160 
6212 
5828 
3251 
5921 
1321 
2201 
2987 
2483 
2167 
5127 
402 
5029 
6103 
165 
4073 
455 
5260 
4812 
207 
720 
3143 
1672 
2837 
748 
6099 
3240 
6516 
4621 
425 
735 
2765 
914 
5426 
716 
2222 
157 
2926 
2490 
1098 
1388 
3570 
6171 
3204 
3327 
4467 
490 
3170 
6900 
6 
6833 
3385 
3983 
257 
2289 
6534 
2016 
4005 
5361 
3591 
3986 
3297 
3307 
3766 
3698 
3290 
2688 
5569 
1340 
5524 
2114 
4681 
2154 
4062 
6428 
220 
3592 
2198 
6054 
1104 
4885 
985 
6814 
2352 
4509 
702 
6180 
3608 
5106 
2886 
2022 
5263 
6609 
2049 
4483 
5625 
1050 
5092 
1491 
1381 
754 
5067 
865 
1799 
4732 
1309 
3028 
844 
1466 
514 
460 
3407 
1365 
2892 
4521 
3 
6749 
286 
1824 
992 
3104 
2229 
1808 
4477 
6916 
1980 
3618 
4838 
6997 
5733 
1518 
837 
4312 
1249 
1169 
4243 
1956 
4122 
6208 
6804 
2173 
3587 
4710 
3843 
2253 
2124 
6364 
3106 
823 
5545 
2570 
4894 
5825 
5780 
5901 
5463 
3547 
6325 
4743 
1127 
477 
6477 
337 
2531 
4064 
515 
3008 
3260 
6792 
3738 
3411 
2210 
4700 
5731 
3805 
5071 
233 
2943 
614 
1702 
997 
301 
788 
136 
4205 
5649 
270 
4893 
2372 
409 
6447 
852 
3810 
1920 
5725 
3857 
6330 
3743 
5734 
3768 
3968 
4507 
2974 
6031 
4239 
1018 
1669 
2290 
2151 
3188 
5266 
5664 
3714 
359 
5339 
2829 
3101 
5286 
3835 
1142 
4057 
5315 
468 
6829 
3612 
2129 
2669 
6592 
4154 
2138 
3442 
6825 
6101 
3390 
1274 
2729 
1953 
5052 
1215 
885 
1937 
3946 
4307 
194 
2784 
6641 
1814 
3115 
471 
3271 
6634 
1239 
6617 
2534 
2999 
1747 
5259 
3121 
5540 
2893 
4420 
750 
6004 
6604 
1988 
4367 
2928 
5484 
687 
5612 
2007 
993 
1394 
6693 
6897 
4611 
2505 
39 
178 
208 
6343 
4100 
4033 
5060 
1938 
5163 
4809 
2 
2759 
1944 
3769 
396 
4380 
6873 
835 
4002 
2083 
26 
2577 
3493 
1873 
5194 
5848 
2476 
1852 
1133 
710 
1790 
3710 
3338 
371 
3890 
4445 
2406 
1066 
6955 
4028 
6651 
5949 
2491 
4360 
6048 
3787 
6790 
1664 
4362 
861 
2036 
3275 
4350 
3496 
5390 
1915 
3356 
1985 
454 
3517 
1658 
2273 
4767 
5080 
4737 
916 
5301 
2145 
5396 
3955 
141 
232 
6465 
1439 
5261 
6742 
303 
4200 
6068 
1181 
1353 
4245 
6225 
5116 
5923 
6427 
736 
573 
63 
1685 
1490 
2274 
6461 
2002 
57 
5586 
2652 
4596 
6979 
6787 
1692 
4553 
4094 
6642 
313 
6183 
886 
2564 
2772 
5380 
4323 
235 
1966 
432 
1159 
552 
2543 
672 
2367 
5032 
5742 
2117 
6228 
575 
3438 
1865 
6913 
330 
1427 
700 
1701 
6993 
3957 
4779 
2997 
1965 
2582 
2158 
932 
2470 
2996 
1976 
1263 
500 
167 
3967 
80 
6351 
4415 
4811 
658 
1452 
90 
6366 
5911 
222 
6593 
2698 
4648 
82 
6451 
1246 
1826 
3345 
6249 
335 
6971 
6708 
879 
6014 
2604 
5518 
1495 
158 
1040 
3014 
6008 
4218 
1014 
437 
3311 
3131 
972 
431 
3979 
1101 
1862 
3656 
5798 
6274 
1838 
4015 
3624 
3789 
3501 
4547 
5491 
504 
6376 
4802 
1680 
5314 
1795 
1602 
6459 
283 
2203 
5985 
5814 
878 
5006 
4887 
3744 
1338 
1776 
3596 
1240 
1257 
1085 
2585 
525 
5597 
4959 
1480 
348 
625 
4266 
5981 
3976 
3393 
3118 
1908 
6654 
1545 
6336 
472 
2081 
2763 
91 
3313 
5632 
2525 
5800 
4754 
3016 
1057 
2528 
2824 
108 
2112 
5010 
1986 
3763 
6086 
32 
5045 
3774 
6032 
842 
965 
3450 
6326 
4091 
5312 
4149 
2966 
762 
6089 
604 
1850 
5866 
3693 
2819 
6868 
3575 
4555 
4909 
2977 
4722 
6795 
2336 
5097 
3741 
171 
4359 
3952 
6442 
3593 
502 
4049 
393 
253 
1118 
4476 
2968 
1992 
3627 
6802 
1025 
2008 
2851 
5139 
3535 
4183 
5709 
2685 
6402 
3779 
2509 
5726 
5512 
6590 
1494 
3966 
6612 
2014 
6444 
2946 
4517 
3889 
2334 
2691 
1553 
3205 
1564 
3778 
3709 
5269 
6074 
6801 
3410 
6985 
4892 
4931 
606 
3285 
5309 
4299 
2802 
3780 
4535 
509 
4813 
4598 
643 
1449 
249 
6132 
3771 
766 
1527 
4004 
964 
3020 
1861 
5295 
1291 
4457 
1218 
5989 
5867 
5013 
3415 
3487 
6843 
6588 
3206 
317 
3821 
6338 
1399 
3456 
1196 
5930 
6858 
3075 
2786 
2970 
2462 
1438 
405 
2868 
3905 
5826 
4528 
3965 
1279 
1581 
5976 
2807 
170 
2983 
2189 
6992 
2547 
6576 
5655 
412 
4203 
6484 
4918 
6633 
3557 
3947 
1409 
1333 
1020 
4819 
2535 
6547 
1516 
5841 
5407 
5369 
2903 
5254 
1900 
15 
230 
532 
3525 
2906 
3784 
1016 
4659 
5647 
6559 
624 
634 
3185 
6368 
4845 
1879 
4508 
934 
1655 
6778 
3310 
2654 
4955 
771 
880 
855 
4212 
1012 
3129 
2168 
3576 
4115 
415 
891 
410 
224 
4069 
6866 
695 
3859 
781 
2648 
3190 
943 
4950 
834 
4880 
547 
5064 
1063 
5991 
1922 
4225 
6126 
1021 
6335 
4824 
3167 
2053 
2409 
1843 
3359 
960 
2473 
1317 
5969 
2603 
2310 
1738 
5478 
5239 
1819 
2775 
940 
790 
2294 
5626 
1864 
4022 
3300 
3231 
474 
4556 
4879 
4113 
4605 
6416 
3462 
5461 
2707 
5089 
4169 
3214 
5772 
192 
4519 
5938 
1638 
4676 
3502 
957 
6810 
5451 
1898 
5720 
3465 
7 
2489 
310 
4460 
5959 
2178 
1762 
2204 
5510 
1707 
6040 
6242 
3974 
706 
733 
5692 
6121 
2904 
6055 
247 
1071 
3652 
3420 
334 
4045 
367 
99 
4378 
3505 
5110 
5065 
6169 
746 
128 
6439 
1 
5401 
5862 
3633 
2303 
83 
6982 
4687 
4703 
4322 
324 
6945 
629 
6774 
4288 
2556 
4396 
5344 
1929 
6354 
6616 
2471 
5698 
2583 
4244 
6734 
6141 
5112 
602 
3283 
4769 
52 
2915 
6287 
6110 
1017 
3589 
2513 
1734 
3531 
6512 
917 
112 
2622 
6636 
6349 
574 
363 
4211 
5494 
5433 
2242 
5659 
5155 
5579 
89 
1594 
5791 
2665 
3367 
768 
1237 
5504 
2150 
28 
2106 
945 
541 
5899 
198 
3268 
745 
4216 
4699 
1546 
3580 
4435 
478 
5398 
5414 
6430 
1765 
779 
4222 
206 
1904 
3026 
5450 
1086 
4001 
3751 
3444 
3266 
6023 
3246 
2369 
3574 
1128 
4837 
1724 
6638 
3568 
6432 
1972 
1102 
4150 
2090 
3200 
3783 
3382 
6632 
3065 
2742 
376 
4077 
923 
3799 
4144 
5038 
507 
11 
5876 
2697 
3936 
4571 
6572 
4783 
6283 
4102 
901 
3000 
95 
397 
2041 
3107 
4990 
4226 
1294 
2805 
1947 
5445 
6253 
4768 
2646 
3731 
970 
5546 
6310 
1212 
6313 
4452 
3029 
2562 
6782 
5551 
893 
4989 
3552 
260 
6362 
946 
3158 
3891 
5123 
3044 
3515 
1173 
782 
2402 
6545 
2316 
6672 
1376 
6696 
4181 
3005 
6529 
356 
6793 
608 
825 
2447 
1281 
5246 
1322 
255 
1293 
511 
3807 
4463 
5889 
5663 
3047 
4938 
4866 
6128 
4347 
2523 
123 
1037 
6064 
6390 
4748 
5081 
4432 
6653 
297 
1991 
3614 
4867 
2827 
3761 
6167 
1195 
333 
4744 
2628 
6292 
3383 
145 
5291 
622 
2659 
1192 
4484 
1513 
685 
981 
1892 
1703 
1476 
1946 
5693 
4741 
2667 
669 
2590 
6911 
2225 
4848 
1841 
5146 
3012 
5717 
3757 
2984 
5349 
1354 
67 
1867 
5430 
1160 
5970 
3272 
1670 
3653 
4864 
2967 
5714 
1347 
2257 
4975 
1022 
381 
3478 
4173 
4953 
5062 
521 
864 
5122 
1455 
3703 
3606 
3814 
6511 
6530 
856 
5690 
4427 
4118 
2962 
1820 
5591 
1731 
4595 
1420 
4251 
4223 
1514 
3749 
662 
1090 
1398 
54 
1229 
2877 
4188 
831 
3616 
902 
1675 
29 
6202 
2898 
2320 
1348 
5490 
4286 
2569 
5341 
282 
1206 
3156 
6805 
6344 
4447 
6947 
5575 
5615 
3077 
1858 
5126 
1339 
294 
5691 
6803 
3102 
4016 
5621 
3088 
4957 
3488 
4230 
5514 
1292 
6445 
1577 
3661 
1088 
1856 
2575 
243 
6549 
6739 
1613 
6305 
3391 
1129 
215 
2015 
3647 
2116 
6389 
5217 
6933 
5661 
4839 
1487 
1270 
3921 
5322 
2355 
1993 
1562 
1794 
3506 
3097 
3455 
1890 
6088 
365 
5458 
2419 
4833 
527 
3328 
5532 
71 
2228 
2385 
5707 
5087 
4599 
3713 
1349 
6544 
1763 
4573 
1332 
366 
4275 
4804 
5947 
1324 
5332 
5365 
898 
5573 
6252 
5022 
3852 
293 
4705 
4337 
2292 
1524 
1660 
6880 
64 
2443 
3140 
2815 
4711 
6463 
4788 
5948 
5104 
6784 
2870 
4456 
5293 
5019 
383 
501 
3132 
2066 
6211 
3526 
5481 
5584 
5689 
6691 
1121 
2690 
3802 
4316 
4712 
5340 
3055 
2796 
1076 
3715 
2068 
4778 
1272 
3199 
3289 
5598 
3659 
3261 
751 
5857 
4773 
5472 
1489 
3483 
3329 
473 
3851 
3348 
4130 
5741 
941 
6232 
2891 
6930 
5186 
2576 
3833 
4019 
6436 
277 
4035 
5005 
546 
4643 
3440 
2249 
2474 
871 
1608 
3315 
6367 
2239 
1654 
5764 
5767 
2269 
5554 
3541 
935 
5367 
4280 
2017 
4392 
4441 
1659 
4996 
2517 
3712 
1210 
2056 
5763 
1023 
6019 
154 
244 
6996 
4391 
2454 
2799 
364 
727 
2195 
5382 
2580 
6221 
5207 
3074 
569 
6797 
3665 
6034 
2340 
3658 
1891 
3913 
2745 
2237 
5778 
1588 
6598 
5706 
51 
3793 
888 
528 
4958 
5773 
2199 
1177 
2481 
1951 
6152 
996 
5881 
4040 
200 
2565 
4965 
5101 
1000 
1616 
20 
377 
3963 
6154 
6550 
4995 
1583 
3247 
6794 
3269 
5752 
4153 
5896 
1597 
227 
5952 
4007 
6244 
4134 
5299 
2692 
4236 
2516 
5400 
958 
2750 
4331 
854 
5399 
4603 
3631 
5409 
1007 
6261 
5864 
805 
4175 
5974 
4229 
777 
5913 
5253 
549 
6320 
6096 
2626 
1300 
4529 
1935 
6743 
773 
6926 
2925 
2331 
4486 
4182 
5958 
424 
4395 
74 
1818 
6558 
4795 
4877 
129 
3452 
6828 
508 
1146 
2119 
3556 
1567 
2307 
325 
5652 
4903 
911 
4968 
176 
3536 
245 
2867 
4051 
5522 
1570 
1807 
6762 
764 
4161 
1625 
4055 
3868 
5610 
4872 
3040 
799 
6138 
859 
5925 
2449 
281 
127 
2358 
2123 
918 
3958 
5168 
469 
1650 
726 
5070 
5887 
2794 
2617 
1688 
447 
3869 
3822 
1569 
3414 
3875 
795 
1663 
350 
4796 
2714 
1706 
2324 
1417 
4683 
665 
6415 
4823 
6886 
577 
1082 
1035 
6227 
2142 
1554 
3366 
6915 
1383 
3675 
3267 
6312 
4466 
3126 
3221 
4198 
2592 
4716 
386 
6275 
6938 
4987 
5124 
734 
1749 
3762 
3379 
5362 
5596 
5085 
1647 
4622 
2444 
840 
1812 
3033 
6823 
5960 
1178 
1325 
5144 
4761 
4982 
3175 
645 
3872 
6856 
6639 
6613 
5410 
2908 
2935 
873 
6082 
2054 
1204 
628 
2841 
5686 
236 
2027 
6644 
5856 
3403 
1069 
2235 
4156 
1874 
2464 
3883 
6173 
1610 
3539 
4781 
2500 
6518 
6067 
6478 
4860 
3972 
6420 
23 
5408 
5858 
5521 
4319 
6924 
1393 
2194 
4575 
5933 
4255 
3902 
4677 
5816 
3309 
4363 
2166 
6889 
4906 
312 
1032 
1883 
1522 
4217 
1676 
4913 
3773 
3734 
2227 
3850 
6668 
6585 
6869 
1219 
1407 
6018 
3094 
4985 
1130 
5017 
3063 
4922 
701 
5902 
6107 
4314 
4820 
5988 
86 
4970 
6187 
1661 
4459 
928 
3598 
1715 
2207 
4046 
5961 
3567 
5044 
2217 
3519 
360 
18 
3826 
3538 
349 
3163 
2069 
4264 
6236 
2869 
2322 
3144 
4854 
4723 
2071 
6542 
850 
1636 
1754 
767 
3495 
4777 
6149 
3039 
3781 
5832 
6288 
4194 
933 
5210 
1464 
5609 
450 
5827 
6692 
4123 
4805 
6570 
3419 
1055 
4980 
4539 
3371 
5425 
5376 
5794 
125 
1285 
3777 
2608 
4707 
6776 
2901 
1351 
76 
944 
2701 
4093 
2686 
2381 
5300 
6260 
4079 
5831 
1387 
4733 
6145 
1184 
5102 
3299 
5 
6711 
1575 
440 
2421 
6144 
4339 
2296 
3145 
2920 
681 
1408 
56 
6002 
693 
4413 
5198 
4325 
1722 
5962 
496 
1056 
6094 
6914 
2414 
6426 
2458 
4171 
3503 
4431 
3759 
4924 
6489 
4110 
3480 
2674 
6879 
4904 
3644 
3109 
147 
2852 
1389 
1969 
5435 
2606 
6974 
4162 
6460 
6680 
5942 
3707 
6901 
4368 
774 
4601 
2140 
2789 
384 
1832 
5446 
1596 
5256 
6574 
6876 
3737 
5758 
4342 
288 
3932 
3879 
6949 
804 
647 
1306 
2615 
5701 
188 
4695 
6191 
5035 
708 
5141 
4099 
3922 
6891 
3154 
4306 
5429 
656 
5520 
583 
2232 
4419 
1288 
5098 
3897 
3086 
2424 
6899 
2832 
6175 
2740 
6258 
1962 
229 
2311 
3308 
6910 
5270 
2496 
684 
5272 
73 
5788 
6196 
2263 
2321 
3096 
1592 
1634 
2113 
3708 
1932 
6528 
5623 
961 
5503 
820 
544 
5431 
2696 
2325 
5723 
6527 
2062 
3510 
6083 
2452 
6854 
2188 
5738 
4572 
6166 
4886 
2929 
1752 
1551 
5079 
5793 
2442 
492 
6505 
3184 
1183 
1591 
6978 
5527 
1806 
6268 
1895 
5235 
4729 
3683 
3217 
2075 
2438 
2978 
4505 
2441 
5926 
6536 
2817 
6181 
5306 
4638 
4165 
1760 
5748 
1635 
615 
584 
612 
1694 
55 
5467 
6400 
3298 
5937 
3448 
3225 
4108 
2390 
4500 
1074 
2376 
2224 
4706 
3906 
5107 
2267 
6503 
2221 
6495 
5637 
6830 
5854 
5502 
2853 
4346 
6640 
27 
4387 
275 
6259 
1784 
2770 
5668 
6188 
974 
6605 
2006 
5909 
1002 
6164 
6571 
146 
4 
1810 
3258 
1708 
1403 
6217 
4185 
3622 
5922 
5861 
3241 
5012 
1586 
4597 
2377 
3917 
3920 
5599 
731 
1468 
2492 
5181 
617 
1404 
4602 
3355 
971 
2439 
5620 
1788 
5211 
481 
863 
4328 
5875 
1033 
5465 
1342 
2689 
1175 
6579 
531 
4446 
6396 
1209 
3742 
1761 
6316 
1767 
3579 
1486 
2379 
699 
6387 
3417 
1368 
5131 
305 
3098 
1957 
1955 
5191 
6731 
4071 
4939 
3138 
5206 
1542 
6437 
191 
3068 
1093 
4284 
354 
4971 
6610 
3032 
1124 
1303 
92 
2760 
6417 
4370 
998 
2706 
2811 
6753 
2922 
801 
6737 
1216 
6163 
2887 
851 
1975 
4545 
2879 
5880 
3615 
4746 
789 
2905 
3630 
618 
980 
4214 
1853 
2986 
1083 
1642 
3650 
1933 
603 
6053 
390 
2065 
5471 
4318 
4546 
2286 
2944 
6125 
3978 
104 
1419 
5355 
2988 
1051 
5994 
5747 
1974 
1225 
6509 
4751 
3174 
6496 
3447 
5076 
626 
4202 
1656 
1039 
1254 
6098 
5965 
1963 
2339 
2558 
956 
3136 
3770 
2085 
6111 
5442 
1936 
5544 
2727 
6923 
2916 
6937 
5703 
4083 
5932 
1266 
3817 
1777 
3636 
5240 
2521 
4421 
2953 
6170 
115 
2190 
3428 
3073 
4673 
5905 
2602 
590 
5972 
6414 
6560 
3839 
1454 
1194 
4021 
2126 
6203 
4409 
2764 
401 
1269 
2187 
2180 
2725 
5611 
2389 
1115 
1716 
6493 
4925 
6674 
5423 
3195 
1882 
2264 
6030 
4574 
2337 
3518 
2164 
5048 
2128 
1698 
5233 
5820 
5550 
6515 
309 
342 
5953 
1525 
4174 
2554 
6404 
1523 
5585 
3844 
2584 
3220 
858 
1335 
3085 
740 
6473 
6309 
6323 
2726 
4320 
3812 
5523 
4929 
3609 
3943 
4437 
2351 
4384 
2176 
1299 
4482 
5870 
5204 
6057 
6783 
849 
3583 
2572 
633 
4628 
5799 
2094 
4793 
173 
557 
6270 
4647 
601 
5542 
3811 
4343 
1431 
494 
3563 
4032 
187 
3212 
5700 
1803 
6597 
1897 
5736 
4488 
3853 
6418 
938 
6537 
903 
1136 
6768 
5517 
2633 
2448 
2415 
936 
3660 
2965 
1307 
2428 
6361 
1009 
6765 
3654 
3284 
3007 
2631 
3984 
4977 
4364 
4629 
3601 
2769 
124 
2825 
6763 
5189 
47 
408 
374 
6272 
1632 
649 
4023 
5162 
5134 
4627 
6127 
2520 
2567 
498 
5500 
730 
5226 
4559 
5083 
2451 
6628 
707 
4048 
5990 
5712 
6393 
5039 
352 
5968 
2295 
5143 
2172 
5924 
6724 
1113 
2985 
2319 
5183 
3613 
1982 
3120 
3278 
1870 
3629 
2107 
4355 
4817 
6706 
6246 
3137 
4871 
4881 
75 
6300 
4878 
3765 
3357 
1691 
1341 
1355 
3719 
4067 
2260 
4654 
3332 
6016 
3588 
5379 
6519 
6824 
430 
4641 
857 
503 
4831 
1671 
3697 
5350 
6409 
5531 
3374 
743 
5138 
3572 
6453 
329 
1726 
2694 
845 
1472 
1840 
3953 
1087 
6663 
6517 
2735 
308 
3970 
344 
2102 
5327 
3066 
5447 
4581 
1352 
2752 
6356 
1028 
214 
1899 
4928 
5749 
3896 
4313 
5920 
2838 
442 
5813 
3798 
3555 
5470 
4145 
6750 
3677 
4868 
5879 
551 
5636 
2459 
6995 
3651 
3582 
1615 
1507 
5051 
1593 
6205 
6422 
6297 
4883 
3186 
40 
1250 
5872 
3599 
1058 
3108 
6365 
3134 
5812 
6104 
6342 
6883 
5147 
2998 
784 
271 
915 
3182 
1886 
2793 
621 
3893 
1940 
2536 
2612 
3856 
1392 
6324 
3998 
3803 
2193 
2695 
2797 
1783 
1059 
3021 
6492 
2391 
3196 
5326 
2537 
487 
1833 
6981 
6383 
2723 
1894 
772 
1531 
315 
484 
6896 
2020 
5090 
3673 
6038 
265 
3302 
2078 
1720 
2174 
5072 
1804 
1244 
2288 
1105 
5674 
3956 
5999 
725 
4495 
5606 
829 
3153 
327 
1149 
691 
470 
3482 
2313 
3934 
2563 
4680 
319 
2431 
5770 
5781 
5477 
2552 
4268 
5177 
6859 
641 
793 
4666 
3700 
5934 
1377 
5381 
4373 
3173 
1503 
3072 
632 
419 
4151 
6071 
3516 
2889 
4739 
2350 
6372 
3426 
2710 
4836 
5529 
5657 
1337 
5223 
4569 
6502 
5851 
1442 
3017 
6555 
2457 
6318 
84 
4590 
6596 
597 
4543 
5171 
3903 
884 
1535 
2623 
5779 
3634 
4714 
3481 
4873 
182 
2125 
6450 
4934 
6079 
1705 
6573 
1119 
3263 
5927 
420 
1997 
476 
2165 
6732 
6049 
1188 
5195 
5644 
3871 
4076 
887 
6575 
3468 
3162 
5882 
6717 
4405 
5488 
4932 
6299 
3023 
653 
4911 
3848 
14 
4540 
1366 
3721 
1386 
385 
1910 
2749 
3571 
458 
1327 
6328 
3507 
819 
3451 
2063 
5528 
5031 
2051 
688 
4072 
355 
5015 
2411 
6851 
4136 
2463 
2975 
5068 
2163 
6620 
2854 
168 
2052 
3680 
765 
3331 
2122 
3080 
4352 
4606 
4131 
830 
155 
4233 
2001 
737 
2959 
2936 
5553 
5007 
1258 
3754 
786 
4784 
3545 
900 
6056 
1107 
4585 
4379 
4514 
5727 
6120 
796 
4158 
5149 
5310 
6317 
6388 
3676 
6146 
1500 
406 
1639 
2466 
6341 
657 
1800 
5130 
6953 
6108 
6379 
1336 
6119 
1444 
1447 
2949 
2613 
6892 
6331 
1851 
5671 
111 
6769 
252 
4315 
6319 
1928 
439 
5023 
3564 
2573 
5987 
5304 
6850 
3892 
4660 
3678 
3722 
1813 
4912 
6956 
3695 
4927 
4434 
2976 
2407 
537 
1648 
5708 
1925 
2826 
3691 
1998 
6905 
4949 
922 
2506 
5838 
1026 
4859 
5008 
5572 
6118 
5627 
4193 
1164 
5285 
60 
6423 
4558 
1640 
3997 
761 
3082 
1153 
3019 
6172 
1905 
50 
4994 
6424 
6475 
1952 
6207 
6397 
5530 
4588 
2883 
5343 
5459 
868 
4219 
2494 
2399 
3796 
4789 
6100 
6815 
5762 
5424 
3230 
6723 
889 
459 
4515 
6027 
3679 
4090 
1264 
5683 
465 
1781 
1391 
4231 
4326 
2596 
1846 
4469 
5404 
2783 
218 
3485 
513 
6041 
131 
4884 
2846 
4433 
4471 
3133 
4664 
4327 
3726 
1996 
3245 
2662 
6304 
3720 
2680 
1842 
4112 
2502 
5387 
1234 
3664 
6061 
5307 
6401 
4321 
5117 
43 
3316 
1259 
6766 
6257 
4104 
5984 
2362 
5696 
246 
4138 
4747 
3666 
6165 
3037 
3790 
211 
4221 
4717 
6374 
6158 
6881 
4414 
5213 
2624 
3339 
676 
3776 
1298 
4829 
555 
6102 
1603 
2135 
3928 
756 
4087 
5561 
1721 
3395 
4570 
2957 
6129 
195 
3242 
4863 
6819 
813 
5697 
3760 
3022 
5323 
4480 
3543 
3725 
1094 
1437 
4388 
292 
909 
953 
5539 
2175 
1038 
2105 
1005 
241 
1238 
1282 
97 
1854 
6485 
5907 
1768 
6042 
6984 
553 
4297 
2856 
3775 
475 
3756 
4422 
862 
4017 
512 
199 
5320 
2127 
4637 
2272 
1926 
4417 
5238 
1782 
3344 
5202 
821 
4663 
5121 
6265 
6084 
6780 
3909 
1709 
663 
6200 
6565 
1213 
2981 
3425 
238 
463 
4241 
5140 
4261 
2255 
4897 
5475 
1733 
2682 
2446 
5666 
6771 
3864 
345 
2709 
3930 
2191 
3071 
607 
6520 
1901 
2461 
1363 
10 
2202 
3818 
5335 
2684 
4468 
5732 
556 
6779 
877 
1961 
4027 
2715 
817 
6161 
5860 
6700 
1479 
6713 
6231 
2206 
1622 
6738 
5363 
6052 
1641 
2079 
4041 
5302 
2394 
6888 
5415 
3999 
4502 
4951 
4220 
4713 
3980 
4967 
739 
4141 
2386 
5836 
1275 
5118 
6087 
328 
5294 
242 
3559 
61 
668 
3566 
1467 
1911 
254 
3360 
4132 
5049 
1191 
4504 
713 
4842 
5243 
4815 
3542 
3701 
6820 
6256 
5658 
6235 
3895 
179 
41 
1651 
6760 
4853 
3458 
3500 
6557 
1145 
1400 
5790 
5648 
6649 
4473 
6058 
4340 
1424 
4626 
2118 
4257 
2299 
5541 
343 
5034 
6021 
4237 
6359 
3324 
3457 
2855 
3434 
6454 
2840 
1696 
5796 
3100 
5808 
5869 
5699 
4961 
587 
1549 
189 
2980 
5874 
1907 
5360 
4444 
2328 
5809 
1540 
1214 
510 
5108 
5199 
6011 
5069 
6279 
5157 
5109 
2388 
5630 
2401 
4856 
1211 
2734 
2426 
3281 
4633 
5099 
2780 
4730 
2712 
6358 
6730 
703 
1451 
5462 
1859 
613 
1587 
6980 
1496 
4470 
5638 
3034 
4759 
213 
4618 
3718 
1796 
875 
380 
5011 
5815 
1406 
118 
4018 
4650 
2541 
2192 
1445 
3907 
1482 
5245 
3262 
1501 
2436 
560 
5996 
3045 
2437 
6446 
4914 
4210 
752 
3686 
5629 
2346 
2888 
5557 
4807 
3788 
3469 
5230 
1689 
212 
4644 
1579 
2013 
2298 
94 
2108 
2329 
196 
2480 
1174 
4096 
6355 
1863 
2884 
4757 
1508 
5179 
3991 
6650 
955 
1186 
5215 
3942 
1750 
6394 
1704 
792 
2455 
5152 
5128 
623 
6357 
5845 
2693 
881 
6657 
2356 
5002 
6755 
4649 
3938 
4642 
2614 
6142 
867 
2601 
1243 
451 
2101 
6614 
4440 
4646 
5667 
3728 
1323 
5276 
1477 
2318 
4692 
6412 
6178 
833 
5468 
81 
6543 
984 
4291 
3954 
4686 
1064 
5750 
6940 
3114 
6345 
4148 
3062 
846 
5564 
2878 
2416 
2472 
3815 
2130 
2507 
5576 
2248 
2279 
2284 
5802 
3279 
3400 
3524 
3486 
221 
949 
5231 
2530 
2029 
841 
1967 
4372 
5474 
6666 
1330 
6943 
2586 
5526 
4810 
822 
1096 
3546 
3288 
1001 
4619 
4191 
1759 
2581 
3623 
1511 
5682 
4675 
298 
6994 
1202 
5777 
4613 
2861 
5602 
3605 
4492 
2156 
718 
4760 
1334 
6791 
4645 
4947 
3337 
6898 
428 
296 
2733 
697 
3069 
3128 
3193 
1711 
1166 
6847 
3813 
6600 
177 
6582 
3604 
3994 
2333 
70 
2097 
5021 
962 
642 
2703 
5892 
6695 
5237 
2945 
2532 
35 
6522 
6686 
1278 
652 
2230 
2969 
346 
4042 
659 
3116 
2348 
3590 
5746 
2110 
6481 
341 
595 
4719 
2425 
2039 
5617 
6689 
2859 
4661 
1797 
3809 
1456 
403 
4510 
2834 
4399 
6009 
6715 
3825 
6346 
5443 
2080 
6095 
4576 
5744 
6035 
4050 
2940 
4631 
5735 
6637 
3621 
210 
6865 
3786 
2370 
418 
4671 
3113 
3467 
159 
2132 
2148 
3208 
2921 
5383 
4734 
5025 
3670 
3227 
967 
3025 
340 
3730 
4407 
2393 
4665 
4551 
4465 
1488 
1923 
6333 
6097 
2184 
4937 
2341 
3723 
1034 
3866 
160 
5354 
4082 
3312 
2270 
457 
3333 
4520 
2845 
1682 
5091 
4351 
161 
183 
4037 
1095 
675 
3178 
6504 
912 
5495 
3239 
2183 
4963 
1645 
6568 
6683 
6837 
59 
4106 
6159 
2911 
4992 
3900 
5754 
5420 
3238 
545 
4589 
3716 
2744 
4674 
4443 
2005 
225 
6037 
4702 
906 
3160 
2609 
2546 
4442 
5849 
3838 
894 
117 
1062 
2034 
3830 
2956 
4797 
1683 
5220 
6494 
6578 
3748 
5898 
3161 
2738 
4400 
4224 
2661 
2024 
4127 
5271 
4199 
6199 
93 
1308 
2635 
5552 
493 
5624 
741 
5543 
6525 
351 
5680 
2961 
2522 
1374 
5448 
1845 
2913 
2773 
5368 
3878 
588 
2327 
2640 
5914 
948 
4973 
1190 
1371 
2200 
1619 
33 
5288 
5792 
5480 
3837 
4765 
2076 
3584 
3326 
4402 
6131 
4013 
3927 
3511 
3794 
6069 
5389 
6113 
4742 
1167 
4081 
2382 
4731 
295 
2700 
952 
1161 
2030 
407 
3861 
576 
3860 
1460 
1436 
744 
2774 
5298 
1745 
1060 
2875 
250 
320 
4536 
5388 
3180 
536 
5082 
5216 
3431 
5979 
4902 
4317 
6449 
4101 
780 
2561 
5241 
4708 
226 
5837 
2058 
202 
4375 
1872 
4557 
2499 
6635 
4137 
5413 
6455 
5176 
4426 
3027 
1792 
2800 
4166 
2963 
2708 
38 
3509 
1047 
72 
411 
3362 
5871 
711 
728 
1233 
2435 
6965 
2739 
6864 
3067 
5982 
6553 
3840 
2960 
1981 
543 
4142 
3573 
666 
1772 
3684 
2197 
4855 
6934 
5917 
2323 
6747 
2989 
6254 
4782 
988 
2293 
2844 
6626 
5722 
4640 
5115 
3632 
5331 
4103 
5356 
4999 
704 
5487 
2161 
5042 
4014 
5774 
4253 
5056 
1236 
4745 
1473 
6925 
1242 
5485 
4849 
3232 
3215 
5244 
5153 
1429 
4390 
184 
2650 
395 
6877 
5669 
6540 
2551 
1502 
2788 
5829 
5890 
526 
6347 
6895 
648 
6541 
5016 
5635 
1080 
5373 
162 
5077 
5931 
770 
4119 
1003 
1555 
529 
1499 
3152 
3498 
1158 
1729 
5133 
5257 
6350 
5954 
4310 
4498 
534 
6469 
2818 
3346 
5242 
5566 
1746 
1848 
4898 
1053 
1878 
2422 
6950 
1369 
5525 
6482 
3933 
153 
2643 
6630 
6017 
4170 
2035 
548 
3135 
2557 
6968 
1432 
5940 
4905 
1397 
561 
4635 
1727 
6229 
5675 
927 
1578 
4526 
5412 
803 
5055 
6966 
2433 
6375 
1231 
6243 
6623 
1131 
3558 
4834 
3422 
2087 
2848 
4636 
116 
4632 
3255 
201 
3256 
148 
4416 
3358 
5277 
1052 
2149 
4594 
3056 
5333 
4356 
1220 
6263 
19 
3399 
398 
6608 
4383 
6028 
2408 
3323 
2057 
3918 
2847 
3099 
5681 
6276 
1741 
3048 
2731 
266 
4024 
5941 
1103 
797 
4799 
6562 
2306 
1568 
6280 
4450 
5721 
2275 
1078 
1539 
5493 
5650 
5119 
3948 
5096 
1091 
6800 
3119 
2677 
3747 
6192 
2833 
3041 
661 
5565 
3229 
1893 
5165 
4530 
3397 
2103 
4752 
438 
3533 
976 
2736 
6189 
6931 
5582 
4709 
4861 
721 
6421 
4493 
5670 
2100 
3111 
4070 
5438 
6821 
596 
5200 
6036 
5643 
2593 
5054 
357 
4579 
2181 
181 
6885 
5555 
2813 
120 
4549 
1378 
899 
5030 
6855 
6702 
34 
1903 
5229 
924 
3785 
4828 
5489 
3912 
6241 
2287 
3183 
2456 
2096 
21 
2032 
3473 
1182 
6206 
2047 
578 
966 
5605 
638 
3387 
6990 
5290 
3603 
1222 
6314 
1536 
3125 
4047 
1621 
6631 
5834 
1561 
3436 
4058 
4228 
6853 
4993 
4972 
3764 
6887 
1983 
338 
6647 
4704 
4562 
3705 
3561 
6690 
682 
3602 
2139 
6434 
2787 
678 
5995 
2019 
6786 
1497 
6643 
3827 
6425 
4010 
5303 
3270 
1889 
6044 
6658 
3610 
6554 
5577 
362 
6538 
999 
3427 
4425 
4770 
272 
6124 
6839 
31 
2059 
1402 
5801 
1949 
2111 
5358 
2247 
2404 
375 
6039 
5607 
1061 
1774 
6846 
2515 
982 
2162 
2413 
6799 
2589 
6281 
1256 
522 
4204 
670 
24 
4490 
446 
4630 
1713 
1042 
6070 
6251 
2364 
3926 
6569 
5946 
1604 
4267 
4956 
6294 
1653 
506 
5479 
667 
6564 
5209 
1396 
738 
5283 
3202 
6826 
1599 
4655 
6694 
2453 
747 
6679 
6210 
870 
6373 
3692 
5684 
2941 
5842 
3736 
1006 
2621 
689 
4544 
3694 
2215 
6464 
4235 
6986 
4843 
1914 
2344 
5822 
1241 
3321 
5641 
107 
2258 
4105 
2219 
2511 
5654 
1943 
5943 
4625 
4109 
2510 
5417 
5452 
6652 
4159 
6870 
6184 
5916 
1361 
4277 
3687 
4513 
3682 
2312 
6521 
3060 
5258 
422 
339 
4943 
3929 
1132 
2465 
919 
6073 
5559 
3941 
6092 
264 
2607 
6580 
114 
1070 
234 
5311 
5004 
5248 
4851 
1276 
1572 
2641 
2850 
6046 
5513 
6922 
3375 
5346 
2169 
3405 
6155 
3544 
2115 
2785 
3459 
4139 
3412 
5897 
947 
25 
1835 
4639 
5878 
3219 
3117 
2713 
853 
435 
2860 
2371 
4896 
3876 
3808 
6675 
3076 
5704 
479 
6939 
3009 
3429 
732 
586 
4190 
5014 
1816 
4651 
3252 
6606 
5391 
6277 
5378 
6983 
2720 
5506 
5364 
6852 
5536 
1346 
4592 
6220 
1358 
142 
585 
5784 
3696 
6840 
6213 
1180 
3264 
2636 
6818 
4389 
1418 
5603 
6759 
3081 
5811 
4974 
5053 
209 
353 
4404 
4794 
1876 
3237 
3642 
2012 
5125 
3257 
2365 
3398 
4857 
4095 
3179 
5673 
2256 
4984 
6433 
4259 
6063 
6709 
3226 
3353 
4157 
542 
6935 
2512 
538 
4254 
445 
3446 
2618 
3280 
5560 
925 
2508 
6072 
4750 
4550 
6849 
4524 
6871 
954 
6671 
4227 
6506 
1822 
4172 
251 
1821 
5830 
3203 
1373 
1959 
3823 
4846 
5998 
13 
1117 
4720 
6043 
2843 
4278 
6419 
1344 
2716 
836 
2814 
6033 
448 
2308 
4862 
2055 
6842 
4583 
4111 
874 
2597 
58 
273 
1802 
5656 
6399 
122 
2836 
3207 
4085 
3472 
2214 
6595 
3197 
2809 
664 
388 
2133 
4065 
6264 
6248 
1144 
753 
2670 
1618 
2417 
488 
5608 
3377 
3168 
5716 
4308 
6807 
2955 
3988 
2858 
3276 
413 
4208 
1247 
3105 
1667 
2484 
3282 
2330 
1960 
36 
978 
3087 
4403 
2146 
5563 
6720 
2160 
1912 
1481 
6812 
456 
3370 
5884 
2660 
6384 
2091 
1958 
4577 
314 
268 
6882 
4609 
6386 
1538 
1687 
2326 
1973 
5945 
5441 
5370 
3937 
4030 
3191 
5093 
2679 
6699 
3061 
1630 
1860 
323 
4080 
1780 
1067 
4503 
2380 
6458 
280 
2705 
3046 
4554 
2683 
3668 
2942 
6147 
5873 
6010 
4917 
6523 
5745 
2213 
1106 
3192 
5192 
1968 
4282 
2223 
2236 
1994 
3492 
3915 
2649 
6733 
5175 
6770 
1319 
4168 
1506 
5201 
860 
4385 
4458 
2642 
4527 
6988 
6721 
848 
4850 
1811 
103 
2932 
620 
4537 
2830 
5456 
6215 
6584 
2143 
5769 
5402 
1566 
828 
3404 
1815 
3846 
5519 
5992 
1227 
5639 
5046 
758 
5710 
2518 
2040 
5588 
5594 
1884 
2776 
5252 
3640 
1379 
151 
3553 
2746 
6704 
3724 
1934 
5824 
4923 
760 
3287 
3464 
5208 
609 
17 
6250 
3753 
382 
2655 
1930 
778 
4791 
12 
1031 
1498 
4578 
6077 
1805 
331 
5963 
4075 
4242 
1261 
6698 
6151 
5084 
644 
274 
1939 
2261 
1286 
5057 
3977 
1465 
2495 
1485 
6025 
4685 
3663 
3540 
5455 
2747 
4329 
4616 
6655 
2751 
3389 
4197 
6005 
4607 
1649 
5724 
2938 
4031 
2519 
2010 
5535 
3164 
6334 
1697 
5956 
1921 
4107 
4865 
2074 
3975 
1695 
1902 
1375 
2538 
1877 
3349 
1793 
2529 
5325 
4736 
2566 
4667 
5466 
453 
2533 
2951 
3887 
2917 
4147 
482 
1029 
4858 
986 
2947 
1345 
4835 
6718 
5428 
1917 
4591 
742 
4479 
4501 
5702 
3470 
4215 
5498 
2423 
6736 
4410 
4186 
5739 
3334 
5997 
2241 
1208 
5665 
2595 
2771 
336 
6903 
6406 
6563 
4270 
4775 
2301 
6381 
1459 
2208 
2544 
4059 
1328 
635 
5966 
1385 
6012 
5888 
1251 
5583 
1801 
2625 
6975 
660 
2033 
5393 
318 
6991 
2637 
3969 
4756 
5515 
2347 
1563 
4393 
6078 
3925 
3453 
1148 
6499 
4439 
4179 
4125 
5297 
3865 
6306 
239 
1302 
2675 
4766 
1170 
5236 
5768 
3181 
205 
6970 
2093 
4499 
3295 
1044 
433 
4930 
485 
78 
5886 
5719 
1081 
5904 
2276 
2089 
816 
6408 
1122 
5427 
535 
6758 
2485 
5950 
1448 
5372 
2412 
1798 
491 
6757 
4604 
2594 
2363 
1268 
991 
4624 
2645 
2088 
2881 
4693 
3090 
5482 
6065 
2487 
1909 
3797 
46 
1316 
2653 
1532 
3595 
809 
680 
5026 
427 
1786 
1679 
3013 
3122 
969 
6377 
2831 
1471 
368 
3607 
5353 
6507 
2756 
959 
6688 
5687 
1984 
3250 
6867 
1223 
2828 
5507 
6884 
2872 
4727 
4952 
1530 
4910 
516 
5509 
2918 
4542 
6510 
4489 
3858 
6112 
5224 
3931 
6090 
5196 
4036 
6581 
4844 
4818 
1906 
2387 
1919 
1367 
6411 
1434 
930 
3981 
4936 
1609 
3430 
3549 
6007 
4309 
2121 
869 
1283 
5986 
6526 
6967 
2634 
5150 
5640 
1989 
5983 
6697 
4121 
6785 
4586 
4684 
436 
2937 
1857 
4377 
6139 
2486 
4117 
2479 
2042 
3463 
6476 
5449 
1995 
3842 
5287 
85 
6143 
4944 
4332 
150 
4164 
2702 
3674 
332 
2018 
6240 
807 
1143 
4946 
3699 
843 
2587 
4942 
890 
5001 
1156 
6467 
4506 
3070 
6514 
3940 
787 
2993 
4610 
3416 
5274 
1116 
1364 
6831 
3381 
5158 
5807 
2084 
5074 
6816 
719 
6026 
4735 
2757 
2046 
2619 
6961 
1100 
2170 
2820 
4541 
5556 
2897 
4688 
3945 
3662 
4593 
3024 
1111 
2031 
6491 
6665 
696 
3484 
6122 
45 
2067 
4398 
3211 
1493 
6622 
3194 
321 
6353 
1735 
6273 
3043 
2104 
1372 
2291 
462 
4474 
2497 
6156 
3681 
3317 
2212 
5957 
5893 
6917 
258 
6456 
3165 
144 
1179 
651 
5685 
1221 
4764 
694 
2549 
1311 
6233 
673 
4875 
5190 
5182 
1699 
5264 
1775 
404 
2651 
3628 
3577 
1612 
2934 
5440 
2021 
3620 
6999 
1151 
4518 
4954 
4847 
808 
6973 
1412 
113 
2338 
1529 
5061 
2099 
6398 
5642 
2155 
2754 
4448 
6941 
5319 
486 
594 
3534 
322 
5653 
3322 
4755 
1205 
6902 
6942 
6315 
259 
5188 
5345 
1054 
910 
6659 
6392 
3292 
5805 
5590 
1505 
8 
1390 
2265 
3586 
3800 
6746 
4485 
3435 
6775 
4271 
6162 
6385 
3898 
3578 
973 
5205 
517 
4988 
6878 
1253 
1446 
5050 
5328 
5228 
4424 
5457 
4926 
5280 
2722 
2600 
802 
1248 
1356 
5187 
1565 
100 
6029 
1779 
4728 
4114 
4983 
5568 
4908 
4749 
1217 
1728 
2373 
2638 
3443 
3939 
722 
2678 
4567 
3625 
6222 
1030 
564 
1913 
1084 
1866 
5222 
1073 
2233 
399 
6682 
5935 
4283 
3319 
3884 
3079 
6957 
5166 
4808 
4006 
4034 
5562 
1492 
4822 
3877 
5318 
6500 
4376 
5634 
6781 
1410 
5593 
6405 
109 
4262 
3886 
1267 
4295 
2588 
876 
5508 
847 
1770 
3961 
1036 
1742 
6116 
6594 
2666 
1193 
5567 
6740 
1265 
2553 
6003 
4250 
1875 
2668 
1441 
1606 
4656 
2910 
4785 
6474 
1013 
3147 
580 
2972 
6130 
567 
6860 
3291 
977 
1152 
414 
4167 
2540 
5148 
611 
942 
1948 
5324 
267 
1550 
1662 
133 
2964 
2211 
3408 
1350 
6806 
1474 
5730 
3834 
4273 
3409 
5041 
1576 
2268 
2134 
4038 
3151 
1646 
5221 
5894 
674 
776 
2070 
2064 
4345 
723 
1172 
5156 
5135 
1617 
6841 
2037 
1019 
5028 
3964 
1739 
5900 
6513 
5337 
1977 
4061 
1235 
1134 
4140 
3233 
1789 
1964 
5113 
4981 
2283 
3149 
838 
2979 
6498 
4092 
1147 
3347 
6591 
3095 
3750 
1771 
692 
4600 
6080 
3646 
3286 
5633 
3530 
2418 
2182 
1764 
3035 
5265 
278 
394 
5397 
5797 
5631 
6678 
775 
6777 
5250 
4762 
2866 
2574 
1187 
306 
4056 
6952 
559 
417 
6176 
1163 
5847 
77 
1730 
6468 
3296 
3819 
950 
285 
1537 
2882 
3413 
4935 
4285 
655 
791 
6321 
3318 
3432 
1885 
2120 
4780 
6285 
3259 
5313 
6490 
5020 
3836 
2445 
6918 
2616 
6435 
3294 
3655 
5855 
963 
811 
6524 
6093 
6198 
5289 
3499 
2392 
2251 
2077 
1718 
679 
605 
5316 
4534 
4522 
4386 
1896 
5775 
3841 
1504 
571 
4852 
2429 
3882 
5676 
1077 
6332 
4084 
757 
2719 
6466 
2354 
2072 
4827 
518 
5151 
2578 
6906 
3031 
96 
5570 
1314 
126 
4612 
1457 
5694 
1941 
5338 
5614 
174 
3520 
3735 
2923 
3635 
1075 
5018 
1605 
907 
5760 
1395 
106 
6194 
6844 
6908 
5757 
2009 
2526 
2280 
6929 
4774 
5003 
5374 
4657 
489 
3548 
929 
798 
1304 
5939 
3320 
6378 
5789 
5476 
2343 
4472 
3880 
4511 
426 
814 
5483 
4287 
1484 
3490 
5321 
1450 
872 
4986 
2990 
6960 
6535 
4381 
6959 
4336 
1839 
6719 
4324 
5628 
5600 
6909 
2902 
5184 
3919 
4301 
1855 
5411 
1284 
4260 
1541 
2954 
261 
3273 
4976 
6845 
1978 
466 
1360 
2895 
3973 
6193 
2876 
3396 
520 
5063 
4740 
6352 
378 
1548 
3752 
204 
5538 
1207 
6838 
5351 
6872 
3049 
4491 
3051 
4003 
2896 
3960 
3617 
5810 
5219 
3141 
6744 
5473 
5342 
3052 
3424 
4303 
5803 
763 
6546 
5604 
582 
2397 
5967 
37 
3862 
2252 
3058 
1315 
2144 
5928 
3439 
1999 
6705 
3042 
1421 
1590 
2721 
4771 
1512 
5728 
6471 
5977 
2899 
5766 
1643 
1589 
1141 
2939 
2527 
4369 
379 
6601 
164 
480 
2627 
3513 
2141 
483 
2842 
1138 
6262 
6907 
3688 
3325 
2488 
5249 
5371 
4025 
4382 
190 
311 
1228 
6625 
3139 
2673 
4184 
6480 
4300 
2501 
4349 
3243 
3914 
6133 
5416 
4587 
3521 
5180 
4901 
6861 
6085 
138 
5499 
4365 
6197 
5548 
5178 
4412 
6135 
3504 
2982 
2610 
1079 
143 
1478 
6370 
2259 
5366 
6893 
4163 
4088 
4763 
6811 
5711 
1737 
1289 
6024 
6201 
172 
530 
1139 
1631 
783 
5818 
2023 
5891 
2440 
4548 
4054 
1945 
3704 
2605 
2003 
1226 
3597 
4726 
1043 
1574 
2761 
1114 
1155 
2216 
5918 
1475 
3384 
6230 
1828 
2061 
6714 
4449 
3235 
1607 
5850 
1849 
6000 
4039 
3078 
6286 
5505 
1552 
5761 
5646 
6247 
5255 
3894 
539 
639 
1252 
3755 
6269 
231 
3643 
4411 
4341 
3364 
48 
6586 
6754 
6403 
299 
1301 
4333 
1823 
2410 
4401 
2073 
3816 
3050 
6577 
2560 
3388 
3210 
3222 
5951 
4406 
6136 
895 
5145 
5120 
785 
4566 
5589 
3228 
1791 
1831 
4249 
66 
3792 
2687 
6948 
5651 
1469 
2766 
724 
4919 
6707 
4870 
4907 
3855 
1200 
3944 
3341 
1011 
5695 
5292 
1719 
5225 
4298 
2823 
4531 
2524 
1359 
2234 
6117 
193 
5375 
5251 
5359 
304 
2271 
6216 
5268 
6470 
640 
2658 
2152 
5863 
4830 
570 
5100 
6015 
3372 
6177 
1271 
4816 
2681 
3449 
4623 
650 
921 
4533 
5262 
1415 
6115 
2579 
2795 
3885 
1785 
3916 
2671 
461 
3030 
1509 
119 
1868 
42 
5581 
4330 
5613 
392 
5936 
558 
2743 
4724 
600 
2992 
6271 
6716 
1384 
6566 
3253 
6081 
2958 
101 
1834 
2755 
1068 
2403 
6728 
5915 
1629 
1310 
1582 
2864 
3189 
4561 
5453 
2332 
6531 
4124 
6958 
5895 
5281 
3038 
5852 
4933 
4563 
3782 
5973 
3123 
677 
1624 
1065 
3791 
1072 
3645 
5392 
3112 
1700 
1620 
464 
1686 
5033 
1262 
568 
6190 
3881 
1370 
2599 
6395 
156 
897 
1125 
1528 
3863 
4888 
3402 
6603 
5853 
5929 
347 
3171 
197 
6278 
1185 
3831 
3611 
4921 
1426 
216 
6245 
593 
882 
2514 
2335 
237 
4694 
3166 
5771 
5537 
1260 
4029 
1224 
1326 
3236 
434 
3394 
2205 
690 
3124 
5422 
2704 
373 
6438 
6114 
3904 
2302 
2656 
6773 
5334 
6681 
421 
3350 
5094 
2952 
139 
4889 
6556 
6284 
2082 
6648 
5865 
3494 
2971 
4177 
6890 
219 
1773 
3537 
1443 
2245 
3479 
794 
5910 
2427 
4725 
4000 
5804 
2250 
186 
6291 
6936 
2821 
5267 
759 
276 
3649 
4043 
4969 
1140 
729 
1717 
3989 
6539 
1560 
3711 
3392 
2781 
5308 
1627 
6488 
6059 
6308 
5534 
3581 
1015 
269 
6667 
3739 
3002 
1723 
4187 
2375 
5464 
3935 
3685 
1881 
3847 
4481 
3209 
3514 
637 
3423 
49 
806 
5227 
4718 
4044 
926 
6857 
7000 
6157 
3142 
4721 
5592 
2950 
4293 
2863 
5418 
6664 
905 
2378 
6204 
6062 
2782 
4464 
2663 
3305 
4126 
497 
4052 
4060 
3740 
6134 
5460 
4869 
3157 
68 
4920 
4895 
6290 
4361 
3497 
4753 
5164 
6382 
5868 
2147 
429 
1255 
6615 
22 
2304 
1817 
2092 
2924 
3729 
391 
4608 
4580 
134 
5193 
6587 
5823 
4430 
5971 
815 
3177 
5174 
2095 
2890 
5944 
2862 
5095 
4279 
1405 
1888 
2741 
6487 
6932 
4461 
1515 
1740 
4979 
1880 
2315 
1199 
6209 
6921 
1112 
1201 
1462 
3437 
6834 
3551 
4690 
6703 
2909 
4899 
1573 
1693 
302 
6756 
1950 
2475 
1678 
4697 
712 
3354 
3001 
1600 
4256 
6153 
5275 
4900 
5167 
6360 
3476 
6105 
3274 
5172 
619 
5578 
4213 
6646 
6363 
4371 
4063 
3335 
5329 
2973 
3304 
2218 
3006 
698 
5114 
1041 
4358 
6443 
6662 
2109 
2632 
130 
3910 
6796 
4418 
4523 
4915 
4776 
400 
6951 
3527 
2718 
6226 
5601 
6976 
6817 
1049 
3523 
2025 
6972 
6013 
152 
2810 
4089 
1189 
6927 
1637 
5212 
467 
2792 
4335 
9 
3529 
904 
1027 
287 
2000 
3054 
4429 
6977 
163 
65 
5688 
2620 
248 
3418 
6109 
810 
6066 
2098 
1825 
5234 
6912 
5980 
1556 
5395 
1048 
2004 
121 
2186 
6726 
631 
6483 
140 
1510 
6761 
5877 
5786 
1197 
2361 
2816 
5111 
5024 
6218 
6195 
6339 
3380 
6255 
372 
69 
1543 
3003 
6848 
4252 
989 
2801 
5776 
4394 
1290 
5385 
1433 
3669 
4011 
524 
6410 
6969 
5347 
5678 
2762 
3550 
610 
1633 
5756 
3512 
1109 
2045 
228 
4397 
4453 
4941 
1628 
3314 
2777 
2779 
3091 
1668 
3888 
4998 
2871 
5844 
3951 
4180 
135 
983 
749 
3093 
3637 
2732 
6322 
4964 
4916 
3130 
279 
4053 
2305 
6239 
2398 
6369 
1887 
2430 
1126 
6106 
5964 
565 
4334 
920 
2931 
6677 
4353 
2539 
4269 
4948 
2639 
6954 
5975 
1758 
5469 
1736 
4532 
6701 
1357 
185 
3489 
705 
6946 
6001 
2366 
2948 
2790 
4701 
4209 
5037 
3249 
3908 
5843 
939 
6561 
3011 
4840 
6266 
4962 
3962 
2571 
2611 
3923 
6186 
2359 
5978 
4289 
5783 
289 
6219 
2591 
5142 
5352 
5713 
6832 
2384 
2345 
3187 
2498 
714 
1203 
931 
4207 
87 
6238 
3849 
3406 
4374 
4176 
2857 
6836 
550 
5616 
5533 
4086 
53 
2282 
3594 
3619 
5279 
2353 
5384 
1137 
6020 
5078 
387 
3361 
5406 
1743 
1150 
102 
1710 
3460 
3057 
4991 
2647 
6348 
30 
5403 
4652 
3901 
1097 
2238 
5436 
1382 
5058 
1990 
1725 
1176 
3176 
2400 
6621 
5059 
6745 
979 
4195 
2644 
6289 
5547 
2676 
2179 
6452 
5672 
1744 
4691 
2450 
2420 
5439 
3717 
5715 
1714 
2285 
1748 
4304 
1598 
4582 
4234 
5819 
3508 
307 
5161 
1168 
866 
3265 
3254 
1916 
6813 
6687 
6223 
5782 
1757 
1979 
6862 
2914 
2368 
6051 
2803 
4890 
6944 
4189 
6533 
6551 
6741 
4248 
5336 
1809 
2900 
1584 
1329 
4098 
2767 
4832 
995 
2542 
62 
6548 
6567 
4497 
5009 
3466 
4978 
4698 
1829 
5574 
1120 
5088 
2226 
6920 
1970 
1595 
5806 
5677 
3924 
1751 
6589 
4891 
6337 
1435 
3806 
3832 
2209 
2482 
5492 
5821 
2038 
505 
3306 
6583 
5740 
2545 
951 
1836 
1230 
4670 
4940 
1626 
1010 
2220 
2778 
4133 
3089 
5835 
217 
3671 
975 
4800 
5993 
444 
1652 
5511 
4160 
6964 
2317 
2360 
5043 
1827 
2231 
2748 
3053 
5660 
3277 
2277 
1623 
2060 
5737 
5305 
3732 
1401 
3626 
2930 
6140 
5278 
291 
3474 
1453 
3103 
44 
627 
6413 
5486 
5795 
5912 
1165 
2724 
1684 
3368 
908 
1198 
4662 
4296 
5839 
800 
4615 
2699 
1305 
4614 
5103 
6006 
4274 
5282 
6751 
5645 
1171 
4068 
579 
1295 
6429 
824 
4451 
4462 
3330 
3820 
937 
6669 
5000 
1847 
3477 
5169 
1871 
4247 
1614 
4428 
1526 
262 
4826 
6431 
3059 
6391 
1534 
6627 
5027 
6448 
3600 
5377 
4357 
4538 
3064 
4116 
3491 
4634 
1089 
2493 
6602 
994 
5718 
3433 
6624 
3702 
423 
671 
370 
1837 
2011 
5073 
566 
2768 
4276 
1924 
2478 
6735 
223 
2835 
2374 
3365 
1519 
6371 
3569 
4311 
5173 
6302 
5129 
6863 
2504 
495 
2309 
5753 
6060 
2026 
1559 
6619 
3690 
6962 
1971 
3198 
3828 
2153 
3727 
6684 
6618 
4617 
3987 
3148 
2196 
4653 
4120 
5729 
4960 
5618 
1601 
4152 
98 
2028 
3959 
1380 
2043 
2758 
203 
3224 
6441 
4882 
5705 
2468 
6486 
3565 
