12000
7090 
2098 
9896 
1874 
8547 
7878 
11071 
2760 
2302 
2079 
3883 
10260 
6540 
5138 
83 
7671 
11542 
5357 
10299 
11568 
523 
4903 
1130 
3746 
11935 
8431 
7594 
8738 
6877 
11678 
11991 
3920 
8600 
8960 
1805 
210 
870 
4289 
5406 
11874 
6986 
7825 
5094 
8726 
7285 
3564 
10194 
1004 
1787 
549 
2775 
371 
1356 
5838 
2394 
1820 
9083 
1964 
3448 
7421 
1431 
2914 
3644 
2982 
7961 
3787 
7115 
11824 
3821 
10461 
6318 
8133 
838 
5447 
5901 
11352 
3330 
8554 
4840 
1944 
4948 
10592 
5816 
10409 
2239 
8252 
499 
9858 
8632 
1492 
11143 
4598 
8078 
4282 
5439 
9512 
8611 
149 
7049 
10179 
4145 
9826 
11096 
4835 
347 
8029 
5980 
6779 
6659 
7316 
11247 
5086 
113 
5500 
4972 
4090 
5494 
3739 
7634 
1446 
10223 
9738 
11148 
9968 
1936 
7088 
5620 
3366 
1224 
7566 
8312 
3960 
4915 
7003 
6799 
3964 
5042 
5030 
10040 
2314 
7533 
11672 
2752 
4562 
9631 
6180 
6758 
11767 
6233 
8872 
11423 
3224 
7723 
4748 
7292 
5551 
11249 
10359 
413 
791 
1730 
1882 
10588 
2742 
3544 
1040 
7234 
6759 
10335 
9974 
9374 
5127 
4165 
5595 
1623 
6991 
4776 
8753 
6291 
6992 
11085 
3845 
8685 
4486 
7702 
6083 
9947 
6880 
8580 
7180 
11487 
11363 
10053 
5279 
685 
9045 
5038 
3614 
1962 
10364 
9861 
7053 
2451 
9979 
3942 
9060 
3324 
8129 
1289 
1873 
4971 
7215 
11384 
5495 
4637 
960 
5944 
8506 
5758 
7583 
11338 
8265 
3163 
6713 
5254 
8935 
11406 
1284 
2869 
5566 
11876 
998 
9258 
5110 
2613 
6093 
11136 
2744 
7089 
2932 
8480 
6320 
10016 
10558 
303 
5115 
8637 
5555 
10055 
10811 
1159 
9264 
3941 
2323 
1088 
10396 
6702 
1542 
10667 
10315 
10577 
5029 
3191 
5680 
422 
9717 
2944 
1347 
2087 
947 
11260 
5199 
9616 
5634 
2099 
4345 
4899 
7032 
5689 
11327 
4644 
8711 
4290 
2674 
2648 
2262 
2763 
32 
8609 
7821 
1454 
8647 
9728 
6189 
7186 
7303 
1145 
6588 
8038 
8977 
7380 
343 
10430 
7309 
1405 
9385 
9227 
5272 
9857 
9047 
9230 
5034 
8083 
5899 
4777 
9704 
9741 
1393 
1596 
7193 
6425 
4238 
2716 
7143 
775 
5511 
5142 
401 
1269 
10280 
10215 
10489 
5906 
2419 
1285 
6153 
424 
6620 
7198 
2726 
6494 
8693 
3663 
5525 
4873 
7154 
7991 
1103 
2426 
3216 
9327 
108 
10852 
1715 
10663 
6725 
2315 
8529 
8422 
1344 
1923 
2723 
4097 
2356 
10719 
2729 
4790 
562 
10644 
4477 
4505 
10956 
10209 
2614 
7512 
5652 
11410 
10714 
8605 
7565 
327 
4459 
3021 
3285 
3338 
11922 
6053 
6762 
247 
9903 
1720 
8402 
97 
9412 
7485 
5150 
2638 
10916 
11181 
1641 
8830 
4586 
10036 
9271 
10098 
9388 
7603 
8829 
1163 
11629 
4596 
6773 
8807 
9945 
7052 
962 
5890 
11514 
9708 
4929 
6600 
1082 
10010 
1245 
2691 
10279 
5312 
3082 
8656 
1041 
747 
3016 
11645 
1061 
8694 
4640 
11865 
5759 
7859 
11481 
1382 
9272 
2830 
5065 
2605 
4132 
10138 
9020 
6897 
2538 
9559 
3738 
6401 
1162 
10047 
2757 
7724 
1597 
2999 
11890 
2947 
1685 
8491 
5486 
742 
1372 
11540 
4435 
10122 
8063 
1209 
3343 
11992 
9799 
1943 
7394 
11657 
1590 
6071 
8750 
7606 
21 
73 
3041 
3415 
4713 
5952 
4553 
1089 
8128 
4092 
3059 
3081 
5083 
2400 
10453 
10729 
8984 
3568 
10204 
11982 
8812 
1096 
2499 
10928 
4655 
6591 
5865 
9452 
3136 
6095 
579 
1967 
49 
11228 
889 
1090 
6334 
8184 
7202 
1180 
3137 
3335 
7415 
1986 
8792 
8086 
5293 
2800 
10601 
9664 
3961 
3114 
11718 
6585 
7127 
1291 
7152 
5748 
8980 
1303 
1493 
11841 
606 
9000 
4867 
6222 
1066 
6422 
9909 
1868 
782 
2306 
10797 
5912 
1988 
3203 
3620 
9218 
9001 
5103 
10342 
6730 
11832 
5073 
2635 
8849 
3018 
5309 
1856 
1811 
10902 
6989 
10295 
4009 
10446 
8101 
4594 
598 
1175 
9451 
6669 
369 
11266 
9727 
4849 
4592 
8016 
6663 
4565 
8032 
8015 
436 
878 
6838 
4469 
4761 
6592 
8348 
5812 
1677 
2971 
1204 
2194 
724 
9568 
4595 
8320 
10304 
11999 
11901 
495 
2844 
2883 
4450 
6537 
380 
6756 
6002 
2167 
3033 
8196 
1855 
6553 
10917 
8229 
4161 
9361 
4543 
10363 
2704 
3501 
7395 
6504 
3057 
8277 
9443 
4142 
10748 
586 
8946 
2878 
8535 
7233 
5246 
8931 
5165 
812 
3175 
9114 
11574 
3777 
3304 
3153 
10368 
187 
8116 
377 
6366 
1538 
84 
11435 
7636 
7910 
9260 
3180 
11712 
4821 
3994 
8377 
4233 
824 
497 
8523 
5782 
11275 
2083 
139 
6451 
5854 
7546 
7596 
986 
8314 
2405 
4704 
4134 
7330 
9413 
6181 
5742 
7162 
10311 
10709 
10375 
504 
708 
8897 
11862 
8089 
9972 
5768 
10768 
6379 
5574 
3976 
1345 
2401 
9479 
2908 
7834 
1781 
5450 
4084 
4412 
346 
4287 
8295 
4754 
5424 
9737 
2645 
10417 
6778 
10251 
4408 
5669 
4750 
5183 
9461 
4284 
8218 
8870 
42 
3956 
10781 
11267 
8513 
8009 
250 
9430 
4133 
4319 
1210 
749 
3666 
4004 
6691 
3548 
7584 
9039 
7051 
6107 
9105 
5389 
9648 
3855 
2215 
11100 
3507 
777 
3781 
4906 
11578 
8773 
3957 
5914 
3070 
5018 
8360 
11232 
9182 
8484 
3982 
312 
11010 
8860 
11630 
9417 
690 
7700 
3623 
1415 
8936 
2559 
5282 
796 
4293 
7905 
6903 
2725 
10765 
5012 
10743 
3580 
10828 
7190 
6548 
2777 
3147 
1675 
7247 
9965 
9750 
8791 
9957 
11944 
8047 
6247 
7276 
3096 
9749 
10339 
8217 
11361 
11473 
11306 
6764 
7399 
10609 
894 
2321 
9475 
9740 
558 
9416 
578 
4256 
10567 
8257 
1373 
1211 
8751 
3196 
9795 
6894 
3914 
8729 
5754 
6912 
2338 
4834 
150 
539 
5056 
9808 
657 
1341 
2060 
2328 
3650 
6915 
3213 
449 
6589 
4453 
5860 
1275 
5225 
7409 
3288 
6271 
1792 
4023 
8190 
10997 
5963 
9575 
4050 
11394 
4800 
10033 
600 
997 
627 
9054 
9926 
10159 
8808 
1983 
9835 
9779 
4144 
5448 
11536 
2693 
4220 
1851 
547 
132 
9402 
6952 
10821 
339 
7104 
5116 
2909 
2906 
6326 
10382 
4052 
1682 
5057 
9964 
3909 
11525 
1014 
10322 
4987 
10455 
9628 
6480 
8267 
6535 
7851 
5962 
7064 
10946 
8550 
5386 
1878 
8607 
4452 
2450 
9434 
3485 
4769 
9862 
4405 
5891 
11738 
9822 
10896 
7794 
2459 
4153 
1290 
7576 
5102 
3000 
6169 
4615 
7835 
1680 
5485 
7738 
3876 
2879 
4795 
492 
8364 
3502 
2058 
1887 
7061 
7182 
213 
10853 
5928 
11777 
11582 
4575 
9032 
10934 
9281 
5380 
10881 
5954 
3083 
572 
10067 
8783 
11279 
8282 
1619 
10541 
3376 
2154 
6190 
4460 
4346 
4270 
10246 
5590 
6806 
3571 
8640 
11550 
271 
3737 
11973 
2121 
1129 
5674 
8537 
11755 
11666 
2445 
4244 
6705 
7539 
8483 
4994 
3262 
4340 
5394 
1657 
667 
10371 
5082 
5686 
10253 
9351 
8317 
7598 
9721 
4261 
197 
7988 
1532 
11795 
5611 
8514 
11336 
8278 
11902 
2731 
6890 
7026 
2634 
3784 
8197 
391 
1049 
1990 
8263 
1335 
8209 
2810 
1894 
1012 
2819 
6664 
9540 
4945 
1409 
11331 
7138 
2700 
8500 
10234 
272 
5618 
5738 
11727 
2618 
7997 
3839 
9576 
174 
9433 
10779 
11112 
6191 
2825 
1885 
1551 
1030 
7035 
1293 
6555 
7666 
1015 
7280 
8713 
3091 
9560 
9204 
10273 
10561 
3296 
9197 
6165 
17 
10791 
3009 
6356 
8489 
6445 
6606 
185 
8457 
9253 
577 
4424 
7245 
11569 
10867 
11342 
3183 
8796 
9882 
2381 
5269 
9825 
8188 
10221 
2609 
4736 
6940 
7296 
7805 
4419 
3319 
3171 
3159 
4564 
659 
5325 
7332 
5273 
8993 
1513 
10095 
5222 
9605 
4705 
1149 
7076 
221 
4653 
10636 
7868 
6805 
10227 
4087 
6242 
170 
1316 
8838 
10498 
7004 
2958 
4410 
3665 
8905 
10627 
5744 
1826 
6446 
10899 
5291 
11789 
9530 
5050 
430 
8307 
4311 
7785 
4272 
1216 
8505 
9239 
779 
3162 
11466 
5622 
10898 
6429 
3591 
4528 
2779 
11531 
3725 
1705 
9075 
7059 
255 
11760 
9958 
6394 
1794 
1550 
3913 
8797 
5493 
4675 
258 
3588 
2967 
9063 
8947 
11915 
3441 
7690 
4717 
4926 
11829 
5147 
6837 
1895 
1138 
662 
7147 
3860 
6768 
9066 
9735 
5398 
1599 
5008 
2621 
1985 
5587 
6312 
6879 
4348 
319 
4462 
7628 
9386 
5785 
3817 
848 
10866 
2387 
10271 
9754 
134 
7507 
461 
5946 
10535 
5 
4711 
4982 
2184 
9335 
6046 
4964 
1948 
3042 
1124 
2991 
8482 
8270 
2504 
9956 
1908 
2003 
10075 
4836 
4156 
4639 
2746 
9128 
5797 
9426 
10560 
1502 
11209 
6842 
10065 
2159 
9336 
10196 
8376 
350 
10137 
5900 
7119 
9676 
10390 
797 
2420 
4434 
6433 
793 
8827 
6800 
53 
8976 
11504 
2759 
11273 
63 
5078 
4802 
2904 
6984 
11074 
7402 
2469 
9148 
829 
11866 
7250 
3386 
4633 
6248 
9762 
7122 
2094 
10976 
8417 
8447 
11693 
11079 
11254 
4199 
11328 
10556 
1397 
8841 
2368 
3238 
10224 
8717 
10525 
7183 
4155 
9051 
2064 
887 
10504 
7429 
10699 
9653 
6610 
1679 
4721 
8778 
8458 
3734 
1863 
3549 
10623 
7588 
5733 
5953 
5983 
3540 
2769 
7301 
4429 
10553 
10554 
5679 
11561 
9316 
416 
6481 
5433 
6383 
10005 
2739 
4040 
8657 
6752 
10901 
6792 
7431 
179 
1724 
1411 
10737 
7941 
4471 
3002 
3346 
11131 
8972 
4275 
8421 
950 
8695 
3708 
10733 
7879 
4312 
7888 
8121 
6250 
9288 
9621 
11934 
11900 
10731 
7131 
4056 
2549 
2238 
7617 
1737 
7812 
6467 
1509 
11684 
9878 
9134 
5436 
10805 
723 
9615 
123 
1076 
5672 
11122 
10052 
11728 
5133 
298 
2565 
10775 
7078 
4817 
8865 
6048 
9249 
8222 
11722 
3853 
11752 
11088 
7547 
3804 
11058 
10238 
8162 
1800 
7005 
4514 
6960 
8442 
6435 
4877 
3306 
2531 
9574 
10515 
5058 
7355 
9422 
10790 
1333 
4663 
705 
5043 
76 
483 
8027 
10399 
11581 
9294 
6492 
8195 
4956 
7358 
4850 
1676 
10618 
984 
9521 
11108 
9699 
9707 
8704 
8665 
2266 
8625 
10216 
1732 
1920 
8150 
9463 
6655 
2709 
8898 
11069 
10189 
4372 
7184 
5585 
2841 
11799 
6047 
1603 
9564 
8866 
5100 
4864 
9262 
8018 
6314 
784 
10645 
1662 
9911 
112 
3684 
1508 
11156 
975 
5683 
4631 
5482 
6479 
8896 
8440 
11704 
4305 
825 
10049 
803 
10908 
9354 
6269 
9936 
2719 
2150 
2088 
8622 
2899 
274 
4695 
8890 
8926 
755 
2814 
2176 
10286 
381 
389 
58 
1835 
9477 
686 
6735 
10478 
5662 
7626 
7418 
10958 
1369 
8208 
8881 
9056 
10536 
3241 
981 
8581 
7795 
3472 
5663 
6224 
4509 
6791 
10803 
4103 
2205 
7336 
2111 
7635 
7046 
5955 
3543 
7854 
1925 
6039 
7139 
6362 
4911 
8429 
3917 
11658 
7440 
9064 
7423 
9048 
5706 
8415 
11182 
7453 
1663 
866 
4461 
2189 
9432 
7015 
455 
9196 
4876 
2080 
903 
3220 
785 
22 
7766 
9199 
931 
6350 
11674 
1263 
8215 
11478 
7581 
3532 
9186 
10405 
837 
11138 
2964 
8794 
2330 
11940 
3649 
1622 
8692 
8765 
2349 
7366 
7174 
5268 
7060 
6615 
2447 
3072 
8846 
10677 
6804 
7790 
8558 
7831 
4554 
5241 
8629 
4904 
8182 
7570 
4512 
2370 
11101 
3901 
9567 
11538 
10675 
7545 
6955 
2201 
7966 
8641 
6042 
1995 
8261 
3727 
2989 
7327 
1242 
3910 
575 
8848 
7556 
9444 
10434 
3638 
4661 
2882 
2812 
11434 
11452 
10419 
3954 
2118 
9125 
11671 
10484 
5650 
10700 
7537 
10841 
1429 
4526 
4773 
7645 
1214 
11510 
5226 
1479 
4805 
10967 
6234 
11359 
8879 
4231 
1417 
10856 
2081 
118 
3768 
11909 
5749 
6096 
10516 
5128 
1554 
299 
591 
1080 
8989 
1673 
11937 
7553 
4718 
8098 
6016 
10907 
7456 
9506 
2212 
5863 
6724 
5862 
3554 
2091 
11208 
1425 
2781 
6284 
9478 
11125 
4313 
2065 
6621 
3112 
9939 
7748 
9839 
6086 
10641 
2473 
7410 
7261 
9345 
9228 
4126 
5176 
6336 
1432 
2859 
5328 
6734 
1113 
10769 
3645 
6733 
7381 
1735 
251 
3276 
8754 
787 
6238 
5781 
9235 
4728 
711 
2514 
9705 
9203 
11261 
10761 
11368 
8662 
10545 
6511 
1423 
2847 
9089 
3302 
8201 
4810 
6200 
4504 
5676 
7694 
2652 
3429 
3190 
11947 
3286 
1583 
8194 
5930 
5374 
3239 
7906 
10548 
1134 
1568 
5576 
11993 
8362 
9158 
115 
172 
423 
68 
11316 
4226 
6130 
8544 
1700 
2699 
3729 
3050 
10464 
11904 
300 
7618 
9373 
11332 
10679 
7876 
5167 
2359 
517 
8363 
9609 
9092 
8341 
382 
11127 
7359 
10487 
3928 
9851 
1222 
1760 
302 
1253 
11185 
11786 
8944 
9561 
8198 
7620 
6209 
581 
4110 
1097 
7554 
275 
6637 
5673 
3596 
9959 
9583 
9353 
8851 
2942 
1847 
5105 
1992 
11801 
5881 
5201 
3474 
7640 
7095 
10879 
8943 
448 
2290 
1017 
7885 
5636 
855 
6825 
991 
4341 
11774 
7297 
3726 
37 
6301 
9387 
2105 
9769 
2919 
11509 
5975 
7045 
11173 
7337 
8355 
8369 
6273 
2250 
8661 
6454 
1473 
7079 
11943 
5857 
1264 
4500 
4417 
3092 
8854 
11353 
908 
2268 
2839 
7187 
1258 
3157 
11242 
3511 
86 
2536 
6381 
7999 
5610 
4182 
1213 
4430 
1250 
3413 
614 
9123 
11413 
1798 
826 
10060 
7749 
1021 
10574 
8065 
8552 
11183 
10568 
1755 
9214 
4076 
7798 
7602 
5617 
6622 
8433 
1849 
3401 
6188 
1481 
983 
9998 
4698 
702 
2625 
8091 
6186 
11644 
7480 
8982 
1817 
11511 
3477 
4568 
11333 
701 
5746 
11580 
1526 
10849 
1648 
11864 
2940 
2240 
10715 
8437 
4026 
5097 
11840 
7132 
6252 
7740 
4095 
3358 
6411 
10963 
1647 
11463 
3411 
11003 
1310 
10842 
4648 
7511 
2478 
1891 
4017 
6123 
146 
1580 
11502 
5395 
2048 
3922 
11699 
9485 
4545 
11980 
9110 
9641 
8003 
11773 
6946 
712 
3102 
1477 
6221 
7493 
10883 
10494 
4513 
7257 
5661 
4893 
6670 
7623 
2724 
2464 
2110 
11673 
11691 
6496 
4623 
5877 
2696 
2574 
6754 
2528 
4887 
11800 
1917 
8327 
8675 
11245 
4265 
4253 
3452 
9014 
8247 
10222 
10564 
9149 
5010 
4745 
5729 
11835 
8230 
10528 
10746 
444 
3498 
534 
3017 
8262 
10936 
3214 
10676 
11146 
6865 
6833 
2996 
1789 
2845 
6508 
4895 
11836 
2862 
4370 
6396 
564 
2069 
7947 
8052 
8869 
6018 
7562 
5849 
10870 
5206 
2619 
1161 
50 
11188 
2937 
5156 
10404 
2024 
6075 
4672 
2641 
8856 
3145 
5289 
6932 
1649 
9283 
6813 
806 
9678 
3521 
2854 
5313 
5475 
9534 
10488 
2697 
4322 
9187 
10524 
6820 
4666 
5509 
11356 
2307 
1179 
10308 
3520 
8584 
6809 
3069 
427 
654 
1922 
9245 
2347 
6276 
5711 
8449 
9096 
5391 
10603 
10088 
7428 
3447 
6909 
1131 
2286 
8071 
10328 
671 
1704 
6514 
5027 
6134 
457 
323 
3538 
7913 
10228 
109 
6319 
3090 
7901 
135 
9121 
5318 
1900 
9983 
3231 
3260 
1158 
9832 
8601 
10272 
617 
7902 
11392 
11625 
8054 
10284 
6117 
11941 
1836 
11387 
587 
7291 
11453 
2722 
3795 
5562 
1251 
1348 
2885 
4364 
647 
6076 
6945 
11448 
2889 
9019 
8056 
4078 
3723 
762 
9261 
3879 
6282 
7661 
6323 
5438 
9403 
1371 
9687 
7259 
10481 
1569 
6753 
4859 
1326 
158 
6261 
4327 
1003 
7810 
7170 
980 
2279 
6562 
5480 
3835 
9833 
5449 
3311 
2043 
3322 
7258 
1119 
11920 
6601 
6580 
8332 
8200 
6150 
4008 
11593 
2011 
4489 
5243 
3584 
6137 
6358 
1660 
7778 
1809 
8169 
254 
6913 
9870 
6036 
9873 
9969 
3336 
9456 
3098 
394 
6716 
4880 
2142 
11089 
767 
77 
366 
2924 
3187 
5308 
10596 
10389 
6021 
11534 
7437 
1515 
2912 
8386 
3279 
475 
11960 
5786 
6032 
10756 
9989 
3577 
530 
11562 
2498 
1818 
3696 
11695 
10533 
11029 
10477 
3897 
11740 
8305 
8631 
2446 
2406 
740 
2231 
5194 
4160 
2012 
10932 
10307 
10960 
409 
2193 
5822 
6443 
11150 
1934 
7265 
3594 
10886 
1695 
5966 
11464 
7126 
11746 
5258 
11781 
370 
3603 
3173 
9423 
3703 
3454 
7624 
4786 
2762 
4780 
3583 
8185 
4369 
6760 
4530 
3095 
8706 
2560 
9397 
6368 
1288 
478 
2733 
5368 
8260 
4651 
9306 
2936 
8159 
10824 
4454 
589 
11095 
8392 
7142 
6415 
5701 
3491 
856 
11882 
2821 
4337 
6397 
11196 
8650 
1511 
10608 
6685 
6525 
11318 
6228 
8110 
188 
10022 
4470 
11613 
5070 
3055 
2505 
4708 
7716 
8840 
10930 
7479 
11082 
7426 
2945 
10950 
2822 
5965 
5974 
4201 
5861 
7452 
4783 
8868 
4690 
10789 
10093 
1877 
6748 
1125 
6486 
7775 
5171 
8234 
7475 
7351 
4808 
10893 
9213 
5463 
10938 
2966 
4189 
186 
5625 
11253 
8388 
6103 
8384 
1571 
719 
3967 
9763 
6370 
8689 
3735 
9072 
7841 
9892 
4569 
4033 
7025 
5880 
11894 
1300 
11202 
4107 
634 
5247 
10121 
11532 
3690 
11252 
9220 
10969 
296 
4001 
6102 
4625 
5982 
4422 
4627 
1606 
6274 
1537 
6929 
8937 
276 
1559 
4591 
6388 
7864 
10495 
1827 
6641 
938 
178 
2423 
8527 
5623 
633 
6461 
3988 
571 
11490 
11667 
2227 
437 
3722 
6253 
5071 
6751 
6305 
4534 
4191 
204 
1402 
5504 
8336 
8228 
8323 
2653 
6436 
508 
2046 
1723 
4967 
11679 
4996 
2791 
10091 
2357 
9990 
804 
9693 
6066 
6264 
11042 
5302 
996 
5119 
11147 
6343 
5894 
5338 
1784 
8541 
5571 
9611 
8374 
5359 
7400 
3281 
10259 
2764 
6037 
9997 
10074 
638 
6509 
7894 
9730 
2440 
10827 
101 
390 
7625 
3254 
6074 
8170 
748 
7946 
1450 
7830 
10378 
5763 
8510 
1065 
2217 
7510 
1457 
8842 
9076 
9037 
3290 
2373 
10858 
8910 
5245 
10175 
2007 
7616 
11936 
7788 
2610 
4959 
1270 
7228 
3331 
486 
7069 
9150 
11651 
3084 
1980 
7883 
9067 
763 
853 
7837 
5278 
1960 
11961 
8303 
8214 
8741 
10113 
3379 
1945 
6787 
3512 
1717 
6990 
230 
6668 
8361 
2782 
6727 
7682 
9405 
11892 
2710 
10278 
10873 
11056 
8438 
7953 
1974 
7469 
4744 
316 
5919 
3586 
8691 
2740 
262 
3154 
861 
563 
480 
8503 
7822 
3482 
10310 
4368 
11601 
4248 
11757 
10981 
4870 
6975 
7466 
3779 
6719 
7939 
7391 
1127 
9877 
9669 
10252 
9517 
8090 
7930 
9927 
7357 
11516 
8211 
2515 
2253 
4085 
11011 
4638 
691 
2640 
5583 
9212 
1252 
4363 
5501 
3607 
6235 
5994 
1248 
491 
9613 
10303 
9933 
1846 
5578 
3480 
8836 
7207 
3950 
1313 
5335 
9297 
1011 
1901 
502 
2455 
2028 
11537 
2815 
2346 
5542 
8325 
11084 
4656 
8614 
811 
8723 
11714 
2398 
11297 
3848 
80 
6777 
7283 
2666 
3410 
3669 
10966 
11839 
602 
5425 
1053 
10864 
11715 
9278 
6133 
1098 
5548 
5412 
5265 
7135 
4232 
7339 
4176 
2090 
9436 
3404 
1136 
3384 
11588 
354 
462 
8863 
1710 
11969 
8764 
4527 
10183 
11641 
3624 
10739 
1370 
11945 
2200 
7540 
3212 
3935 
2951 
9470 
6232 
6906 
8219 
1886 
1575 
1929 
5457 
10582 
30 
7893 
6091 
6115 
10090 
2466 
487 
1946 
2348 
6065 
1489 
2391 
10614 
10248 
3786 
5724 
1697 
5054 
7009 
2858 
6295 
9872 
3240 
2747 
5532 
4381 
10551 
10079 
9553 
8714 
4234 
2708 
7897 
5233 
10792 
10480 
4028 
697 
9488 
11564 
799 
4360 
11214 
6170 
10904 
10410 
11093 
2187 
3925 
2751 
8448 
4202 
6623 
3827 
613 
11133 
7382 
841 
355 
8326 
10321 
1743 
3459 
2228 
1110 
11884 
7294 
2287 
4336 
45 
570 
5929 
8862 
2579 
4099 
11729 
10977 
1006 
11367 
8861 
11595 
5776 
10100 
10948 
5818 
110 
10300 
1524 
249 
9894 
5474 
5767 
6679 
1718 
10292 
2656 
2926 
3836 
4885 
3494 
9525 
1171 
1853 
8225 
1436 
9091 
7120 
11290 
7660 
3931 
8831 
4192 
6092 
1418 
3481 
7555 
3287 
2646 
3367 
9999 
5751 
8375 
7237 
961 
2992 
4051 
4628 
10549 
8867 
7240 
8930 
5588 
9745 
426 
5539 
1739 
11460 
69 
7083 
5180 
5211 
7604 
3205 
4029 
5491 
5036 
11783 
5039 
2776 
3808 
11083 
7333 
9085 
11455 
9078 
4681 
3202 
8293 
7029 
10351 
1694 
6899 
4525 
9340 
10521 
4555 
5096 
1529 
11811 
7350 
182 
6317 
10653 
10306 
4079 
4828 
10144 
9685 
8707 
1435 
1337 
3421 
1262 
10760 
9962 
6259 
5399 
4213 
10503 
10788 
3701 
7235 
10747 
3431 
10921 
2404 
7585 
2144 
3299 
11853 
3813 
9714 
3906 
3380 
5916 
10392 
4358 
11647 
3011 
1684 
3985 
8979 
7093 
2310 
9645 
8948 
6155 
7027 
7731 
11959 
10467 
11855 
760 
10927 
10502 
6547 
7720 
1915 
3851 
2160 
1123 
8401 
576 
11518 
3858 
10199 
4597 
5833 
11217 
2813 
10501 
10540 
8917 
3185 
808 
2587 
6578 
8468 
5508 
6687 
5257 
2311 
9961 
4308 
138 
2748 
6772 
3465 
10825 
5784 
2443 
8562 
2078 
2689 
3390 
520 
9469 
103 
3522 
353 
10707 
439 
1500 
2341 
5968 
7284 
7903 
924 
4271 
5249 
8164 
8888 
956 
6662 
8731 
6384 
7168 
4605 
9309 
2688 
3563 
11617 
47 
1353 
7826 
6582 
3487 
858 
7630 
3176 
1486 
9789 
10486 
11132 
2057 
11492 
6013 
7414 
4939 
11963 
4366 
6695 
7322 
6340 
2491 
2457 
7116 
8819 
1587 
9437 
1438 
3295 
10235 
1077 
9431 
2834 
8289 
2000 
1533 
5934 
9299 
4138 
8253 
10360 
5343 
5601 
2948 
9231 
8959 
3470 
5290 
9518 
4356 
7504 
7073 
5793 
3955 
5779 
2389 
3272 
5725 
9775 
5682 
11222 
7118 
5645 
141 
8148 
11897 
4913 
4746 
5137 
3232 
10995 
6515 
10436 
4061 
4892 
5792 
4482 
5552 
11590 
854 
1631 
4784 
3378 
2795 
8024 
11472 
11933 
2643 
4022 
4503 
4494 
7302 
11950 
7819 
10993 
5109 
2734 
10696 
11554 
10801 
6207 
3891 
3359 
6236 
11294 
995 
3527 
3051 
6470 
1379 
8049 
11135 
2224 
6742 
3025 
2603 
2035 
9377 
8876 
8956 
10157 
8153 
1391 
2837 
7730 
6171 
459 
6827 
9798 
1961 
8335 
11520 
1 
9287 
6226 
3257 
25 
5317 
9010 
1455 
7728 
318 
10888 
11028 
1449 
2068 
2981 
2545 
245 
7665 
1480 
10174 
11389 
10264 
9620 
10691 
1078 
9859 
8014 
9871 
7130 
9953 
832 
7137 
4532 
5423 
3478 
9805 
4737 
10695 
9040 
3158 
2576 
8158 
3024 
3782 
10586 
3124 
11879 
5657 
789 
260 
8152 
8187 
3767 
11288 
5844 
11754 
725 
10910 
7487 
9492 
1764 
1892 
9201 
8686 
278 
1747 
11311 
5651 
11700 
5579 
5207 
5560 
11589 
11847 
3710 
407 
10459 
5557 
6257 
5977 
1167 
3237 
8274 
3327 
637 
8732 
11031 
2843 
11956 
9103 
7363 
7164 
10954 
11062 
9139 
6270 
5131 
9824 
1612 
10150 
5250 
5996 
2555 
129 
5490 
6572 
4066 
11014 
2955 
5181 
1043 
7896 
11043 
10546 
5931 
4467 
8844 
10330 
11241 
2114 
6575 
7269 
357 
822 
8299 
3633 
6497 
4897 
631 
1351 
3080 
11130 
8988 
6765 
5387 
2378 
7325 
11713 
7683 
9842 
3816 
4456 
7746 
9232 
1937 
7393 
10897 
10629 
10171 
1386 
3865 
9427 
6212 
4722 
8097 
4391 
4522 
2038 
1354 
11967 
650 
7971 
9424 
8816 
3589 
2128 
11649 
7065 
8469 
10366 
7105 
885 
1398 
9542 
6521 
176 
9614 
5130 
201 
5216 
4989 
10578 
5911 
9600 
2320 
9238 
11286 
2778 
10345 
8308 
7654 
2554 
2983 
10002 
5460 
1903 
1246 
11319 
7704 
1028 
3123 
9458 
8633 
432 
10600 
7271 
11621 
2433 
6167 
1911 
5760 
9582 
3258 
2977 
10290 
6369 
2650 
10069 
11039 
1329 
7209 
1218 
5192 
7549 
11050 
5487 
11871 
9929 
2702 
5612 
4174 
6681 
11303 
10120 
9898 
4523 
11401 
1388 
6296 
10650 
10129 
4970 
6502 
10035 
7397 
9318 
8412 
11676 
6367 
4384 
4375 
4059 
3811 
9759 
5047 
9809 
10703 
398 
5923 
4217 
9982 
8642 
1330 
1010 
4785 
9887 
8241 
610 
10 
6886 
2082 
10356 
10543 
9170 
7986 
4328 
3230 
6590 
3590 
7992 
3852 
9275 
11428 
8736 
3753 
7703 
1916 
11605 
91 
10633 
716 
3969 
3867 
3953 
2362 
3664 
7144 
3565 
2735 
8826 
928 
5041 
10777 
9210 
1712 
11310 
2537 
7196 
4602 
5874 
289 
1545 
1464 
335 
9455 
11875 
7918 
953 
11895 
2754 
6640 
4794 
8105 
3971 
4395 
5231 
5002 
1688 
3443 
1728 
8987 
9446 
1002 
3820 
4853 
6602 
1238 
4662 
3 
9617 
3611 
3133 
5606 
9270 
2429 
500 
6088 
6647 
551 
8525 
8461 
2002 
2085 
1414 
923 
11716 
1483 
9946 
8044 
7806 
2496 
11632 
507 
8497 
2997 
6217 
7638 
2022 
6268 
10350 
9489 
7166 
10874 
7298 
4730 
8212 
6208 
10829 
2463 
7070 
9715 
9495 
4108 
4307 
7849 
4768 
8166 
9847 
2946 
3291 
10944 
3599 
8058 
5545 
3829 
1608 
3875 
5295 
145 
7721 
6489 
766 
8103 
460 
1751 
11225 
5053 
5853 
11030 
10347 
6054 
10615 
3466 
2539 
9390 
11467 
5821 
2053 
9136 
1546 
6969 
7792 
2229 
406 
9081 
2976 
9629 
823 
4399 
6416 
939 
1991 
10764 
2501 
11770 
4871 
11804 
10537 
3755 
3894 
9866 
7028 
3814 
2437 
4005 
9510 
9400 
5158 
786 
1019 
5964 
1318 
5573 
5140 
7752 
3646 
1215 
2318 
10050 
2662 
5060 
3783 
297 
8700 
3525 
8681 
373 
11308 
4529 
6463 
585 
9350 
5193 
2557 
4682 
3610 
6227 
8762 
4935 
5340 
10949 
9718 
1918 
6546 
4105 
10492 
8013 
11515 
4493 
4517 
3031 
11497 
640 
5484 
6810 
5843 
8924 
10926 
3468 
4480 
6439 
873 
1109 
9588 
4499 
5938 
11560 
11846 
4323 
1837 
10348 
1912 
2372 
9298 
3842 
9494 
3225 
9312 
646 
55 
5764 
5024 
1422 
3977 
11628 
11868 
7658 
2575 
11732 
1584 
4579 
6958 
630 
89 
7266 
1026 
7516 
2620 
8955 
3747 
5582 
9202 
7847 
730 
6127 
10475 
64 
6550 
531 
358 
4443 
2881 
1104 
7213 
10039 
6161 
9579 
3504 
7780 
605 
11424 
7925 
11 
6450 
4269 
10326 
9419 
6854 
10718 
6674 
1834 
1315 
2896 
5641 
4223 
2872 
3365 
6223 
4140 
3824 
11802 
1144 
4907 
5232 
11068 
738 
8546 
4759 
9803 
10441 
6993 
3713 
10624 
2415 
11698 
6797 
1413 
9891 
4224 
3562 
9764 
10844 
3789 
9677 
9207 
8668 
4624 
5918 
3998 
10708 
6387 
1830 
1674 
8756 
3473 
1016 
7407 
7571 
3748 
2077 
2325 
7498 
846 
428 
10440 
10149 
4954 
5925 
9009 
1067 
1633 
9449 
162 
6024 
5405 
7697 
11655 
11192 
3471 
6941 
10767 
1812 
5461 
7509 
3377 
863 
9079 
827 
388 
261 
11668 
4719 
11942 
8254 
1711 
882 
10063 
8165 
11805 
6231 
7622 
7525 
877 
1982 
7188 
9623 
11486 
4473 
4735 
4930 
9145 
363 
8451 
341 
11889 
6294 
3115 
6914 
4117 
5143 
11055 
5503 
973 
9700 
3704 
10942 
1927 
8784 
9395 
1722 
9006 
8576 
1194 
816 
1950 
10017 
8456 
6488 
1646 
6608 
4402 
10634 
8734 
345 
375 
5556 
1839 
6902 
11215 
2384 
3395 
10576 
2647 
11002 
1978 
10820 
7486 
3691 
5795 
7670 
683 
8319 
5426 
3391 
7890 
9016 
9250 
10407 
2416 
9948 
9971 
3419 
3803 
5927 
23 
4546 
8416 
4047 
10693 
5151 
5770 
4556 
10007 
3978 
7082 
5554 
9322 
7669 
4013 
11848 
4058 
1448 
1501 
6715 
3508 
10116 
1367 
1669 
4924 
8608 
2552 
6342 
3315 
10656 
6970 
5259 
5878 
5621 
469 
3453 
10257 
151 
2663 
6162 
2230 
5015 
8932 
6740 
10057 
10142 
9302 
1942 
3305 
9061 
10034 
10664 
2218 
7246 
6023 
8235 
692 
6338 
2564 
10860 
11309 
11007 
546 
7733 
10391 
9370 
4753 
6292 
8815 
2424 
6749 
191 
11626 
7534 
4392 
10021 
2921 
10794 
632 
2805 
1528 
5037 
4720 
2019 
11299 
11975 
6385 
11285 
5321 
867 
3001 
7972 
7086 
1416 
9476 
4689 
6044 
5597 
7173 
8953 
2678 
11910 
8915 
5655 
7217 
11345 
7075 
6094 
8167 
11438 
7601 
7224 
6633 
2546 
11981 
10211 
7037 
4130 
629 
471 
2023 
1857 
11519 
10285 
8189 
11284 
8154 
7108 
9036 
11873 
4688 
9549 
1708 
10305 
8593 
7684 
9932 
2309 
10380 
1736 
6185 
5949 
38 
4920 
2165 
7962 
7734 
4498 
6473 
10071 
11061 
9378 
10026 
2623 
7220 
8186 
5796 
3068 
5616 
3116 
5971 
831 
5149 
3308 
7197 
11577 
1189 
7022 
6673 
3761 
6321 
9352 
7492 
8687 
1482 
7514 
5148 
3671 
6011 
6241 
5435 
8120 
9133 
458 
761 
1083 
10547 
9226 
795 
10400 
440 
9829 
6455 
8528 
1562 
8455 
7989 
5549 
10887 
9760 
1060 
6360 
2679 
4973 
3621 
3778 
9756 
6931 
5218 
3732 
3989 
5513 
6112 
3788 
9736 
10104 
1977 
11852 
7862 
11919 
8883 
4072 
10155 
285 
1761 
3750 
7210 
7146 
10945 
2342 
4119 
5859 
6163 
7194 
1828 
10491 
4752 
6031 
4326 
4818 
1670 
1543 
2660 
11334 
7114 
3317 
1536 
10263 
10445 
4162 
3004 
8115 
10198 
2393 
5292 
3113 
3519 
11268 
4925 
2270 
3828 
10066 
1909 
10532 
10975 
2274 
4612 
2461 
2304 
7158 
9172 
4618 
1924 
2221 
9296 
1822 
2119 
10319 
10462 
1229 
3355 
3801 
4437 
2627 
7803 
10706 
6132 
4074 
10622 
2410 
4889 
6645 
1346 
9744 
11419 
7354 
1064 
6697 
4778 
7398 
1070 
4548 
620 
4273 
8916 
759 
3830 
4042 
1086 
3462 
2984 
4186 
7314 
9577 
10522 
8256 
11322 
3277 
6009 
8163 
7969 
2156 
9225 
468 
5355 
899 
5713 
1196 
7181 
9453 
3360 
5802 
9291 
9393 
2041 
2137 
236 
2848 
9119 
3844 
3007 
1392 
6796 
7632 
651 
4642 
4415 
5940 
7599 
5108 
3264 
11479 
8966 
5164 
8344 
6033 
7531 
682 
3497 
8108 
9976 
8621 
10971 
4791 
374 
7820 
1617 
3417 
4330 
6410 
2521 
6428 
754 
5613 
9100 
7058 
1005 
216 
7931 
2522 
5348 
3547 
7646 
9902 
2476 
10148 
8036 
10231 
2483 
5950 
7443 
6574 
3138 
8021 
9724 
7561 
11358 
1514 
2326 
1247 
2533 
8583 
538 
3476 
11778 
489 
6298 
3921 
9589 
4923 
9649 
8007 
2294 
5301 
5898 
2074 
1401 
8941 
9792 
2458 
4267 
9949 
8805 
9409 
2593 
11917 
2190 
11576 
907 
5642 
1008 
3439 
7872 
1740 
7106 
10450 
4863 
4862 
5602 
7117 
5727 
4855 
8309 
4393 
957 
7909 
6583 
1378 
11289 
921 
5237 
11158 
7917 
1796 
7263 
10027 
6157 
8570 
3108 
11321 
10882 
1780 
1595 
7771 
5063 
4237 
6694 
3677 
7621 
6382 
1776 
5586 
6660 
5932 
6462 
2833 
124 
74 
7304 
11080 
919 
5023 
11635 
10425 
1050 
4321 
4550 
2475 
8338 
2206 
8722 
6939 
1460 
5805 
11355 
874 
9812 
2376 
11216 
11124 
6542 
10922 
6907 
4021 
2434 
6808 
2820 
8006 
11857 
3888 
7768 
2456 
757 
4197 
555 
3973 
11376 
4815 
864 
3556 
4274 
4673 
2097 
989 
1561 
8072 
7973 
2161 
7012 
8696 
48 
3249 
8524 
4998 
10132 
2957 
106 
2027 
7311 
5253 
1228 
744 
3210 
10763 
5155 
6283 
9993 
10984 
9106 
5170 
8967 
9279 
7508 
4413 
4361 
7739 
1655 
2898 
225 
6199 
11430 
1765 
6503 
8395 
5280 
5467 
196 
3805 
6299 
5699 
5080 
1306 
6643 
2941 
6565 
6718 
5703 
8604 
9152 
7459 
8471 
794 
9538 
3570 
1309 
5692 
7648 
5166 
3595 
5329 
11179 
10102 
2808 
9885 
3634 
735 
10751 
574 
7482 
9778 
6025 
1610 
5277 
7607 
4865 
5550 
10178 
7055 
10043 
5361 
9794 
4239 
5135 
11883 
10690 
8636 
4011 
6406 
7990 
6767 
1232 
2972 
6315 
1840 
9087 
1535 
78 
3929 
6193 
10619 
4845 
10531 
4371 
5477 
7898 
11117 
8767 
10607 
4798 
7751 
5593 
4848 
4781 
11128 
4814 
7592 
3983 
10288 
7449 
993 
521 
2395 
1268 
11105 
10687 
958 
10208 
6144 
8858 
36 
2616 
8297 
2772 
3558 
4931 
879 
2197 
8921 
2486 
1328 
6898 
8045 
3798 
140 
3733 
11793 
252 
2506 
4227 
10752 
7657 
4379 
1395 
11989 
559 
8855 
7185 
46 
7899 
6026 
6122 
1938 
3721 
2622 
7133 
7750 
4833 
5924 
9746 
160 
11097 
1453 
11371 
7952 
10134 
1629 
11219 
10716 
9726 
689 
930 
1062 
24 
704 
452 
4601 
5735 
8139 
2010 
2243 
4150 
8358 
10517 
8509 
11543 
7066 
7192 
9068 
266 
4194 
5346 
3235 
2113 
1549 
5897 
96 
3354 
3774 
10476 
6710 
5804 
11690 
9646 
8672 
8571 
8192 
9022 
8432 
7869 
3679 
6147 
3742 
10832 
7214 
11354 
6636 
5019 
750 
6474 
11091 
1919 
11719 
10324 
1191 
11663 
5745 
5979 
3736 
2601 
6408 
3499 
248 
5017 
6832 
8450 
5591 
4574 
4857 
1484 
7422 
9996 
3256 
5637 
11204 
8130 
2584 
9147 
3606 
10062 
8954 
6442 
5479 
8428 
5708 
9320 
9267 
2364 
8934 
4247 
778 
5466 
9935 
11858 
1671 
2728 
61 
6802 
5124 
3117 
11686 
1057 
5624 
4976 
2179 
11692 
567 
368 
5422 
4060 
9981 
1803 
6745 
639 
5221 
1987 
11985 
6911 
8085 
4111 
8258 
10025 
11233 
8961 
11305 
2636 
4025 
4071 
6977 
11210 
6198 
6078 
2701 
2050 
6690 
7254 
1607 
6949 
10988 
11348 
678 
2256 
2749 
8501 
4397 
5512 
3030 
5215 
3222 
904 
3597 
8901 
512 
6729 
1555 
3904 
7857 
7579 
11929 
11470 
628 
4882 
3707 
8157 
9180 
1594 
8680 
8847 
9325 
3434 
5336 
2597 
5196 
9221 
11681 
1280 
8669 
2029 
8918 
11579 
9697 
917 
752 
9033 
7957 
10051 
7100 
4664 
153 
9140 
9490 
5926 
3868 
2214 
1256 
6627 
11689 
5236 
1804 
7633 
5609 
3924 
438 
1276 
11978 
9585 
6866 
2857 
332 
10184 
3720 
7663 
7526 
5788 
11142 
1137 
10672 
8974 
5850 
305 
6867 
11513 
102 
1206 
2677 
10666 
3228 
6049 
10669 
10826 
7270 
4715 
10317 
7727 
1687 
334 
5046 
4685 
3151 
2578 
9224 
10344 
11845 
6732 
5006 
11843 
7074 
8345 
6761 
3655 
7871 
8113 
11110 
2226 
3604 
7824 
3764 
11665 
4966 
4635 
10965 
4002 
6981 
2497 
11851 
3862 
2143 
2516 
3654 
6885 
623 
4938 
3313 
9592 
7838 
7923 
6807 
11557 
9622 
8160 
7471 
675 
3428 
5752 
4891 
10868 
7693 
3642 
9132 
4207 
3515 
244 
1327 
10865 
2148 
6420 
9311 
10674 
11535 
5188 
10001 
7102 
3651 
9638 
6528 
2076 
2276 
1174 
6243 
9556 
6328 
3062 
6477 
8965 
6712 
397 
2931 
6064 
8037 
3905 
658 
7097 
1762 
6246 
5162 
1702 
356 
2607 
3106 
1377 
10340 
5577 
3639 
8617 
6409 
5538 
270 
773 
5048 
5326 
7642 
11040 
6331 
1989 
5516 
1444 
875 
5007 
9869 
7823 
3227 
5605 
1591 
9751 
2333 
10782 
3364 
6830 
9498 
6790 
7981 
8076 
5698 
6377 
11437 
8733 
281 
541 
8677 
4185 
1154 
8059 
11381 
7975 
8776 
90 
3912 
11439 
8406 
9514 
7416 
7140 
2836 
10432 
8275 
7006 
2707 
294 
2034 
10889 
10119 
2485 
4088 
6507 
95 
11586 
349 
6373 
9348 
2112 
384 
11731 
2916 
1753 
7874 
9679 
9480 
4221 
3706 
2798 
6263 
7349 
6962 
4014 
2600 
8123 
7911 
4654 
6476 
2421 
11506 
9129 
4520 
8352 
8147 
9860 
516 
3934 
3791 
8834 
6195 
82 
5658 
8051 
6288 
8419 
5731 
4902 
1544 
3773 
7536 
1421 
10662 
10449 
6916 
1808 
5223 
6453 
6079 
8787 
9237 
5173 
1956 
10240 
5363 
2706 
3926 
3716 
4339 
2965 
8000 
8618 
2366 
6846 
1642 
1821 
8311 
10383 
10186 
9880 
4883 
8033 
3345 
954 
8134 
8875 
7048 
8453 
166 
1349 
9029 
2870 
7590 
4963 
3078 
3711 
290 
9429 
3889 
8079 
10758 
6030 
6530 
2570 
7513 
3023 
4035 
7860 
7935 
817 
11323 
330 
11180 
9215 
10408 
699 
8347 
5510 
2408 
8771 
4936 
1147 
5079 
7016 
5961 
11385 
7378 
7867 
1869 
10077 
5837 
6000 
10161 
8697 
5182 
6973 
9118 
4919 
11803 
1193 
5287 
2963 
7031 
1361 
10177 
518 
6815 
8975 
3086 
3412 
7455 
9818 
7324 
10472 
8112 
3387 
4054 
4037 
9531 
2305 
11165 
9711 
9545 
9280 
2952 
8699 
1185 
10597 
10713 
7575 
4515 
2680 
6029 
3944 
8353 
892 
7582 
5248 
5710 
6720 
4572 
8684 
3523 
1928 
4438 
6794 
668 
6763 
9338 
4329 
3135 
9117 
4100 
372 
9673 
1975 
8518 
8914 
11998 
9967 
5364 
7020 
1807 
9767 
7499 
6541 
5334 
2232 
4544 
3618 
3450 
8488 
8409 
3375 
5431 
7376 
6951 
10239 
11878 
133 
5430 
11838 
227 
7340 
2974 
7517 
9901 
4401 
2072 
7677 
8106 
10068 
6302 
3074 
3518 
4858 
10468 
11748 
10126 
5908 
11262 
7243 
10258 
9928 
1951 
9856 
9209 
10302 
10771 
8949 
4490 
7856 
3047 
4686 
6743 
6341 
8624 
4136 
8203 
10648 
7804 
7081 
10892 
320 
8880 
918 
2928 
10214 
11854 
8176 
5061 
6215 
6438 
7506 
9317 
7160 
5643 
5417 
7253 
7001 
7383 
11474 
11750 
10201 
8046 
4912 
2482 
1707 
10834 
9667 
8023 
3340 
9837 
3201 
4714 
1024 
7696 
621 
9748 
2895 
1714 
2714 
8069 
56 
5522 
2856 
8479 
5288 
8298 
6090 
11078 
9052 
10755 
7521 
4502 
4566 
11913 
10438 
5075 
10153 
1778 
10193 
728 
11622 
5444 
4993 
2468 
2737 
9850 
10125 
3882 
8242 
4816 
1693 
2438 
2745 
2676 
7945 
1410 
6782 
8423 
3625 
2343 
7732 
2572 
7800 
147 
8938 
3965 
2920 
5229 
5614 
7745 
7208 
9307 
6587 
11837 
8540 
4089 
5736 
5353 
3714 
5185 
3403 
7828 
10800 
1312 
1636 
1181 
7172 
1166 
3792 
10508 
3760 
1490 
8382 
11820 
5825 
10014 
9013 
7796 
9286 
4200 
11161 
2532 
1165 
5543 
11547 
11493 
7221 
10635 
6581 
4950 
11157 
2164 
11106 
4350 
2542 
2842 
644 
2103 
6586 
661 
3087 
5904 
9269 
3794 
6616 
6812 
4921 
8243 
5737 
7430 
6862 
4118 
4599 
3758 
9500 
2432 
6417 
11772 
1530 
10736 
910 
10443 
6237 
3321 
5052 
6780 
10205 
8566 
1308 
8963 
7335 
6349 
1426 
3659 
2685 
1381 
2738 
87 
2166 
8643 
2990 
7169 
10331 
11403 
8088 
11753 
7659 
10565 
4286 
11661 
315 
10423 
3139 
10276 
11528 
2969 
9811 
713 
3537 
8446 
5639 
7010 
4409 
3438 
616 
5846 
6638 
1408 
4069 
8839 
5564 
635 
5691 
5515 
111 
656 
3463 
11052 
7836 
2067 
9814 
884 
6089 
6484 
1025 
11600 
5458 
8359 
4236 
7839 
6708 
5528 
360 
8927 
6495 
6085 
8878 
9359 
5370 
6485 
4646 
1202 
5559 
5626 
8435 
2104 
4281 
6375 
11530 
4917 
8813 
8613 
11608 
11726 
4015 
5125 
235 
9893 
6106 
10418 
717 
871 
11809 
2158 
5351 
8073 
7535 
8001 
5882 
4729 
3177 
2182 
10170 
241 
8907 
11725 
405 
8652 
3221 
5333 
1058 
10352 
11020 
11258 
536 
9304 
6560 
7362 
3592 
8383 
10512 
3048 
8472 
10638 
8413 
7218 
308 
6884 
8493 
7315 
8612 
9914 
1819 
7373 
5381 
11441 
5492 
5569 
5227 
1412 
7463 
6836 
410 
6329 
5000 
4048 
11366 
10085 
10710 
2851 
11330 
674 
8475 
1758 
8884 
4581 
39 
6206 
1384 
396 
1627 
7904 
11064 
4829 
2360 
10212 
4318 
7949 
2880 
11743 
8126 
8171 
7242 
1230 
3972 
7644 
9198 
8592 
5521 
9791 
2493 
10008 
4960 
10702 
703 
4826 
4573 
10982 
4113 
3545 
7450 
8543 
1563 
180 
4157 
1650 
7880 
1439 
6567 
1362 
6935 
171 
9907 
4900 
11842 
5553 
9435 
2510 
2293 
2004 
5519 
5922 
2246 
10814 
10804 
3569 
2526 
6244 
11905 
4367 
4727 
11997 
4109 
6279 
2180 
5055 
10863 
9883 
11656 
10082 
5204 
6648 
11680 
11931 
7175 
5451 
4898 
10255 
1709 
4561 
978 
429 
9781 
10575 
7712 
9743 
1239 
10807 
5630 
6070 
9135 
8331 
253 
1999 
5886 
1564 
3861 
9175 
5093 
3996 
3670 
8777 
473 
5049 
3013 
10520 
3496 
4349 
676 
7072 
10657 
3648 
10266 
9922 
11005 
7685 
8770 
8202 
11114 
7236 
6831 
7348 
4324 
2927 
4807 
1387 
8833 
2599 
2562 
9557 
7717 
6196 
5696 
11420 
4979 
4338 
11634 
9986 
9507 
5747 
11326 
10830 
7709 
5014 
8962 
6561 
3892 
11304 
4622 
2626 
3757 
10847 
8012 
8822 
4451 
985 
1114 
3268 
2284 
2122 
5134 
2037 
1930 
7548 
4801 
9131 
4944 
3353 
7111 
4558 
4252 
4141 
4465 
8799 
11885 
450 
8346 
11558 
344 
10802 
2170 
11198 
4901 
5989 
8981 
5217 
4678 
1496 
611 
1357 
9248 
3037 
2561 
2334 
10109 
1763 
1799 
8798 
10506 
10998 
3825 
2199 
6138 
52 
3744 
10671 
2479 
130 
2211 
4317 
7578 
11779 
5327 
5022 
1120 
926 
9606 
10433 
7762 
696 
189 
9420 
3622 
5066 
10585 
10859 
5401 
11526 
10334 
4436 
9951 
8628 
11109 
11798 
2115 
1713 
6105 
5895 
2036 
2061 
9347 
2086 
4742 
6265 
5526 
3101 
163 
6538 
2225 
7388 
11364 
8467 
4294 
8983 
9257 
4933 
9713 
5970 
6577 
5271 
4464 
7071 
7343 
11344 
1518 
3847 
202 
2673 
3263 
9310 
6372 
10261 
11483 
10140 
10539 
4230 
11426 
3246 
10112 
1748 
9007 
4702 
4403 
9591 
5297 
8287 
2681 
1905 
11343 
2657 
3342 
11563 
9167 
11446 
5161 
94 
11075 
11597 
2816 
4537 
11118 
1998 
1169 
6921 
10338 
11908 
8698 
10735 
6465 
8306 
2583 
6008 
4700 
4251 
11421 
11756 
5872 
3423 
2244 
6307 
5943 
4875 
4507 
1334 
4195 
9034 
8690 
6267 
5126 
8426 
3248 
4632 
4584 
2923 
9793 
11034 
8237 
2925 
5454 
9783 
6308 
3426 
9290 
6934 
7815 
3686 
1072 
2162 
205 
1630 
11271 
9108 
9355 
5376 
10133 
11065 
279 
4255 
5581 
2363 
4448 
9015 
10913 
445 
454 
4083 
5820 
7789 
6612 
2661 
842 
11948 
544 
5445 
10658 
11292 
1437 
9005 
1926 
5589 
5106 
10362 
4485 
6080 
2973 
7056 
1557 
850 
8902 
10421 
9604 
11397 
2922 
5230 
6405 
10514 
1910 
801 
5189 
72 
7177 
11263 
9916 
836 
11683 
4296 
7979 
8877 
5384 
9864 
10689 
1100 
561 
7886 
6803 
11603 
1579 
10660 
3424 
3182 
267 
2123 
6052 
1208 
1292 
7433 
472 
8231 
4427 
4115 
6699 
643 
7473 
11616 
9153 
11968 
2823 
3754 
8061 
3546 
9627 
916 
5823 
4583 
2223 
6701 
7627 
11614 
1503 
3930 
8889 
769 
944 
9768 
4576 
2095 
952 
10697 
11887 
4629 
10202 
1973 
8462 
2153 
4062 
3040 
6501 
2890 
10785 
2133 
8485 
8683 
4463 
3535 
6959 
9332 
7239 
2236 
6771 
9164 
10349 
1643 
5224 
3958 
6478 
2875 
1521 
5324 
5984 
10111 
9647 
10727 
3493 
942 
6843 
3598 
886 
10244 
1786 
8403 
1581 
10891 
7278 
6801 
707 
992 
3970 
5366 
4259 
4277 
5186 
835 
9703 
4316 
10996 
2915 
7564 
3890 
11912 
4147 
10925 
6948 
8011 
9753 
228 
5917 
5144 
1112 
10176 
774 
4225 
2903 
10435 
9069 
2073 
7043 
5704 
9797 
8705 
3947 
1512 
2683 
2015 
8519 
4788 
11817 
8740 
8066 
2292 
6657 
1018 
10097 
891 
1620 
3908 
8397 
4210 
11026 
3927 
10073 
4387 
731 
1265 
2418 
10398 
3385 
10823 
4082 
2005 
10562 
7573 
3297 
7736 
2335 
1888 
1299 
10081 
10431 
9879 
5920 
6584 
9771 
453 
7212 
5987 
105 
7811 
9415 
11433 
10107 
1576 
1358 
8300 
6177 
7652 
257 
9607 
1824 
11979 
11527 
8474 
4630 
8594 
10401 
9920 
8492 
849 
3866 
4196 
9602 
9003 
4560 
9867 
7609 
9438 
948 
1400 
976 
1645 
26 
7477 
9116 
1639 
9755 
1170 
10460 
8138 
8302 
10499 
2020 
4298 
2439 
8906 
11822 
6022 
3149 
642 
6082 
8026 
3968 
5845 
6414 
9985 
2327 
6844 
1940 
2668 
3181 
4674 
9408 
9918 
11636 
3071 
1186 
5756 
2849 
2624 
3405 
242 
3490 
8737 
10439 
2251 
11190 
10678 
883 
7274 
1389 
75 
9058 
7124 
7036 
7586 
4420 
5085 
2259 
5717 
4824 
10152 
8761 
8008 
1094 
4804 
6874 
3966 
4416 
9541 
4411 
7379 
1336 
183 
7651 
6339 
6686 
2070 
3822 
10579 
2500 
6142 
4292 
4067 
2352 
6680 
8125 
4073 
7532 
11350 
10219 
8111 
7943 
6893 
1890 
11653 
10163 
8985 
4547 
7497 
9688 
5001 
8408 
7021 
9565 
8853 
5721 
756 
5935 
1355 
1075 
10442 
7293 
6001 
8559 
10978 
6055 
11243 
6811 
10141 
8268 
7023 
7675 
34 
3073 
1343 
8908 
9772 
9787 
1733 
1340 
2275 
1586 
4846 
10173 
2503 
6469 
1143 
5452 
11006 
7519 
9520 
7277 
9467 
9709 
11059 
2316 
11302 
4303 
4121 
7062 
10778 
1332 
8057 
5240 
4203 
7491 
726 
7483 
1706 
1558 
10905 
6881 
2888 
2767 
5091 
9184 
1517 
11197 
7019 
5120 
1774 
7922 
10395 
1497 
963 
1434 
8224 
7797 
3029 
8420 
6131 
259 
7300 
9151 
3974 
11541 
4909 
9162 
11422 
5986 
10316 
11021 
6693 
6059 
2340 
8379 
2846 
11390 
6917 
3799 
3938 
7312 
2277 
3244 
2868 
9099 
2117 
10673 
7615 
580 
3617 
10810 
3918 
9547 
2374 
11880 
6566 
1073 
4246 
5807 
10044 
4139 
10225 
7369 
10046 
8400 
4608 
9586 
8136 
9255 
4946 
4428 
9380 
11995 
5203 
3864 
11457 
11850 
6888 
376 
10411 
4300 
9796 
3991 
5685 
10056 
8727 
1183 
10838 
11012 
1914 
10766 
7018 
2409 
2013 
4770 
9418 
7 
2172 
11863 
6351 
6140 
6272 
4123 
8318 
1035 
8512 
8436 
2799 
142 
9519 
4692 
5567 
8077 
7364 
3946 
4288 
7011 
10083 
5473 
1314 
1955 
10220 
10587 
10160 
9608 
11469 
7600 
11987 
584 
8911 
8246 
510 
167 
4266 
6883 
8266 
4116 
3270 
4376 
4683 
7747 
6499 
4767 
1085 
3323 
7921 
8238 
3495 
2558 
5306 
5092 
5670 
9404 
847 
4677 
2589 
7970 
3408 
5407 
3752 
5114 
1428 
8635 
5496 
11723 
11637 
1267 
8596 
943 
5483 
456 
6968 
3812 
5266 
5489 
3188 
10493 
5799 
4531 
3683 
8703 
9836 
1135 
3687 
7157 
5722 
11325 
11529 
1614 
11234 
8354 
1257 
8427 
11412 
1661 
4535 
2807 
9346 
9634 
11559 
5739 
6950 
10937 
8539 
10374 
7347 
10742 
11818 
12 
6402 
208 
970 
2453 
2108 
2956 
6650 
8790 
1461 
11790 
4910 
6256 
5141 
1525 
11278 
1696 
5262 
6357 
8092 
5687 
5700 
6596 
1233 
1963 
11073 
1745 
6087 
2271 
2044 
3676 
11765 
2985 
5664 
6073 
3094 
11081 
11551 
6281 
2796 
7326 
7084 
7368 
8301 
11524 
7476 
4616 
7580 
10337 
11523 
3283 
6684 
1220 
8502 
5187 
714 
540 
6346 
4258 
6653 
1319 
1861 
9966 
1656 
15 
780 
6120 
342 
2301 
6310 
1638 
7008 
10000 
10741 
6529 
9502 
7744 
5876 
11119 
11009 
7781 
385 
565 
7392 
8894 
6277 
6466 
9675 
7167 
310 
4888 
526 
159 
8958 
8122 
10845 
9598 
922 
9536 
7413 
5111 
3274 
324 
7502 
6652 
11618 
10358 
7273 
11784 
7346 
8724 
11404 
3075 
3144 
3451 
7843 
10720 
4643 
5635 
4992 
8712 
9523 
9681 
1785 
6722 
11769 
6841 
10346 
9459 
3616 
10490 
5740 
3877 
2397 
7054 
8002 
8191 
3245 
10994 
11844 
11170 
5139 
6698 
5659 
2684 
9644 
4896 
11624 
11735 
11425 
3066 
417 
1907 
467 
7755 
10096 
8639 
9695 
1632 
8561 
5035 
4167 
9558 
7674 
3769 
10447 
4775 
3763 
1616 
3530 
7956 
1510 
9830 
7558 
6149 
10293 
7067 
11293 
6380 
2178 
2712 
2135 
10900 
3886 
2149 
6448 
11567 
6930 
6961 
687 
1459 
2690 
1777 
3762 
3600 
8769 
3425 
5791 
2371 
7793 
1749 
4039 
1534 
7464 
5831 
10028 
7760 
3266 
9904 
10341 
10835 
7650 
9548 
5379 
7993 
307 
10139 
2125 
9636 
4163 
10188 
4782 
7649 
2835 
1565 
8081 
4665 
10080 
4204 
912 
5958 
6721 
1142 
6404 
1301 
2430 
2790 
7406 
1899 
8651 
8623 
7360 
10770 
10147 
8316 
6077 
11149 
4483 
2573 
7068 
7982 
3513 
3529 
3885 
5783 
10365 
10105 
6316 
6067 
4314 
6593 
10086 
5743 
2100 
8565 
2425 
4374 
7299 
11454 
2248 
4175 
9702 
6303 
7799 
10974 
10394 
7689 
1297 
7653 
9601 
4874 
5159 
6895 
351 
10694 
1116 
3881 
6520 
2780 
268 
11702 
8719 
7203 
3293 
5535 
9071 
11768 
3046 
8747 
7096 
5828 
2252 
9251 
7927 
5568 
9356 
4 
8272 
11407 
1155 
3678 
4262 
7662 
9544 
529 
7710 
7892 
2245 
11927 
8904 
11763 
10323 
814 
9776 
3560 
7686 
10854 
5455 
3392 
6337 
7965 
1368 
8925 
322 
4211 
5062 
464 
4511 
745 
8673 
9770 
11494 
1150 
11277 
7434 
7264 
5644 
3528 
9912 
9314 
6204 
5671 
8715 
9503 
3776 
5345 
6823 
4518 
6889 
121 
5873 
8671 
7367 
7619 
915 
6786 
1286 
9138 
3134 
2970 
7365 
1860 
126 
1865 
4957 
11994 
4668 
4607 
3063 
7226 
7523 
11129 
10991 
11696 
9130 
6249 
1320 
9522 
6325 
5067 
3695 
4533 
514 
3715 
404 
2355 
8752 
6119 
4779 
5693 
5514 
7222 
8820 
9486 
5238 
10372 
11930 
9546 
11444 
524 
3939 
169 
6 
9941 
1548 
6456 
9674 
8127 
3208 
6564 
8084 
1744 
1036 
5959 
5755 
11237 
7401 
10072 
5951 
6266 
2651 
2828 
5879 
3997 
5350 
9661 
7741 
3215 
7881 
8832 
8504 
4709 
9263 
11032 
10059 
119 
966 
7557 
11711 
5769 
10192 
6558 
2129 
9890 
6426 
655 
3061 
3856 
5892 
10496 
3831 
11300 
3712 
8132 
6324 
5382 
10566 
7877 
8460 
664 
10918 
3049 
9810 
1602 
11592 
3039 
6505 
758 
9923 
3605 
11954 
9802 
11341 
11891 
4333 
513 
3253 
4658 
7179 
2519 
3673 
3555 
488 
9445 
8404 
6187 
4501 
1527 
946 
10061 
3197 
11436 
1893 
11447 
11771 
10809 
3635 
11952 
273 
7692 
11709 
1884 
2021 
6516 
10877 
4593 
1178 
11990 
10168 
7960 
8577 
9533 
223 
4764 
3307 
1806 
1198 
2281 
11923 
3206 
5789 
10269 
3349 
1958 
10906 
10376 
10753 
9539 
8574 
6770 
8823 
11720 
3110 
2566 
10773 
3020 
9524 
7777 
8682 
2018 
7610 
6531 
8223 
81 
11623 
3079 
4187 
9719 
9848 
6020 
1282 
6848 
3984 
6441 
3019 
8334 
9573 
4154 
7454 
11548 
2147 
5773 
8517 
3826 
7457 
7411 
1933 
2049 
4731 
6101 
9978 
1788 
12000 
4190 
4916 
11315 
8463 
11431 
10722 
5342 
1111 
1427 
5948 
3895 
5728 
9349 
7765 
1838 
5681 
2040 
10957 
3348 
8264 
1659 
11017 
6536 
9758 
7268 
8043 
4869 
3373 
10210 
6483 
7252 
8785 
4148 
11053 
9906 
2449 
31 
7404 
6060 
9266 
6125 
4268 
8755 
6853 
680 
8050 
6275 
3393 
1605 
10740 
4991 
10078 
10583 
5013 
5801 
6498 
9640 
2436 
6041 
6864 
6974 
10457 
8454 
8259 
9247 
8321 
10992 
1034 
5830 
851 
1779 
1959 
8290 
8405 
11758 
11707 
6963 
10015 
4406 
1331 
8586 
9919 
5264 
8095 
11194 
8511 
28 
217 
8328 
6111 
2595 
8809 
10876 
771 
7770 
710 
11046 
1752 
451 
1770 
727 
8818 
8749 
7725 
2260 
2157 
6543 
6688 
6262 
1947 
10931 
11347 
2968 
9934 
4691 
10527 
8630 
3937 
8109 
4881 
9242 
11235 
6703 
6828 
2145 
7178 
4497 
11054 
10704 
1407 
3837 
8676 
5629 
4751 
4214 
3414 
2596 
10947 
3818 
7030 
5136 
9038 
2001 
9665 
1190 
743 
9111 
6784 
7377 
5649 
7574 
5032 
10692 
1255 
2377 
8394 
11072 
8913 
8060 
5437 
6656 
1862 
8774 
11859 
2295 
11703 
10610 
3500 
7816 
143 
10744 
1068 
2672 
9410 
4344 
10020 
9881 
9925 
1841 
10377 
5988 
1690 
419 
3749 
7954 
1832 
2891 
9651 
7527 
4164 
4347 
4710 
6280 
4357 
5261 
1852 
3280 
10313 
9491 
5684 
4701 
9655 
967 
10343 
3148 
11164 
6006 
3572 
8181 
5714 
7500 
9234 
7275 
1069 
5778 
7963 
3993 
11736 
11312 
4433 
9146 
9952 
1611 
10717 
9790 
10473 
8564 
8486 
3236 
10256 
7389 
3933 
7605 
569 
10563 
3259 
6192 
11482 
10632 
10024 
5421 
3575 
4609 
3785 
10164 
3661 
3125 
5530 
8507 
5072 
652 
902 
3420 
6769 
2669 
4377 
615 
7701 
5627 
3668 
7490 
8040 
1850 
9942 
2093 
7396 
2905 
5157 
5360 
4943 
10750 
4866 
3863 
6604 
5310 
4129 
8545 
8579 
1052 
2055 
6183 
10406 
5369 
9995 
7150 
3719 
9315 
9392 
8781 
3347 
4000 
5375 
8444 
9372 
10241 
4755 
2422 
11792 
2550 
7951 
11174 
1430 
8286 
1042 
1969 
645 
7958 
11662 
5913 
751 
11051 
8168 
10613 
2863 
5202 
4797 
2732 
5716 
2671 
4588 
4158 
3396 
10584 
2802 
2612 
11087 
9821 
10301 
5572 
11036 
4984 
3065 
1672 
11199 
5356 
3469 
2801 
11823 
5059 
11163 
618 
7887 
5957 
1773 
6512 
8968 
5294 
5720 
4229 
2930 
815 
2399 
2255 
7707 
7891 
792 
8568 
3442 
2441 
11477 
543 
2033 
6635 
7708 
2273 
8473 
7597 
10318 
7942 
1858 
8653 
11717 
10145 
8039 
5220 
3195 
3898 
4484 
8114 
8445 
8199 
7385 
8249 
11221 
9156 
4135 
8929 
6966 
4020 
9055 
7461 
6304 
7387 
5465 
4832 
4975 
5766 
6985 
5596 
9358 
6863 
9499 
1582 
7520 
6413 
2770 
11491 
3923 
7216 
4151 
3640 
1825 
8634 
11475 
292 
10812 
8973 
3217 
6774 
3919 
11374 
1281 
6821 
1236 
7563 
7964 
408 
7577 
1522 
10237 
5941 
7987 
4732 
4222 
9889 
3234 
2644 
6900 
414 
732 
5344 
1466 
7161 
6216 
1797 
11041 
6194 
10281 
6297 
4086 
4487 
9529 
9876 
6158 
8206 
9300 
2594 
8255 
2902 
746 
3672 
10454 
8430 
8292 
11870 
2787 
3170 
4276 
165 
1081 
10019 
790 
506 
11274 
11485 
1949 
293 
4359 
971 
2444 
5702 
6172 
6363 
10983 
11335 
10099 
10796 
8995 
11008 
1271 
3948 
8971 
3107 
8886 
4440 
7308 
1588 
1188 
4927 
8117 
2598 
10429 
11921 
1390 
3796 
6491 
6364 
239 
11710 
2331 
2577 
10985 
8107 
4310 
693 
6781 
3467 
6005 
6568 
5175 
2474 
4442 
6649 
9594 
4636 
20 
7112 
5099 
6040 
403 
9326 
3252 
8393 
10128 
10314 
11018 
9865 
2386 
11399 
11360 
9840 
10054 
116 
11070 
6434 
11272 
10580 
3076 
1598 
10602 
3427 
3099 
1187 
6493 
1520 
3464 
2588 
10912 
4383 
4219 
11287 
10813 
10712 
6129 
4884 
7889 
2383 
7317 
8821 
6176 
1609 
1226 
9994 
2768 
4102 
442 
6599 
5305 
2016 
11000 
5810 
5319 
3326 
2209 
8443 
9633 
9082 
6139 
1475 
2365 
9074 
337 
7782 
1782 
8146 
8207 
8172 
1494 
11167 
684 
3626 
11734 
7848 
288 
11660 
2192 
5628 
834 
11365 
6309 
4733 
9819 
5462 
6571 
10647 
5234 
5213 
10387 
4949 
10880 
3629 
10990 
10038 
2543 
7306 
1771 
4093 
7538 
8459 
9206 
8597 
698 
3743 
10045 
6015 
9195 
1651 
1567 
3846 
6545 
11776 
9682 
6922 
10270 
3541 
4763 
2488 
3986 
2788 
1272 
5907 
8340 
11462 
2750 
1476 
8296 
6835 
11162 
3688 
6971 
11022 
3028 
5003 
1566 
207 
7436 
9899 
1266 
11090 
9823 
8161 
6731 
4823 
1783 
7408 
6644 
9921 
5330 
3142 
2220 
10243 
1904 
2269 
3316 
10951 
2556 
3647 
3089 
709 
5009 
9090 
9440 
10370 
1305 
2208 
3682 
11223 
7926 
3582 
11391 
6017 
3152 
7040 
1051 
10594 
7191 
2950 
11953 
8220 
909 
8149 
2637 
7641 
6225 
977 
88 
231 
2867 
7524 
10385 
3457 
2986 
10393 
3111 
4315 
5323 
8909 
7865 
11924 
5688 
2481 
7092 
4081 
10776 
10637 
6398 
4542 
2567 
5299 
11370 
5842 
694 
1322 
10688 
6229 
7758 
2288 
2658 
6887 
10474 
8933 
6148 
5666 
9722 
1420 
1491 
3675 
2 
3631 
4997 
2313 
5184 
399 
190 
10123 
5777 
10986 
5069 
9511 
9323 
9303 
11751 
9731 
65 
4955 
5734 
10816 
7882 
4988 
8175 
6976 
11379 
9178 
6850 
11596 
10552 
6205 
11810 
3483 
5195 
560 
463 
9874 
11521 
3034 
10187 
844 
5377 
6500 
10573 
1261 
6965 
7809 
9334 
4302 
9330 
11741 
8515 
10581 
10929 
6793 
9200 
7334 
3552 
4974 
11212 
1424 
9732 
9127 
5995 
8324 
6617 
2291 
6534 
7735 
9193 
5607 
1823 
4932 
5981 
4886 
4934 
1235 
3044 
379 
9652 
2139 
1578 
1725 
11373 
2056 
7833 
59 
6393 
5544 
7458 
9954 
865 
7042 
194 
11169 
3167 
5523 
10833 
10428 
1046 
8859 
9845 
9002 
6527 
11264 
1635 
11687 
9141 
5251 
4425 
412 
6391 
8466 
11141 
6371 
3653 
721 
3980 
6557 
3999 
734 
6613 
11175 
1775 
8802 
3503 
11432 
11631 
5660 
2987 
4981 
11152 
4063 
420 
164 
9137 
4978 
5533 
3581 
5403 
5209 
9991 
8144 
5531 
4765 
4941 
8725 
4671 
6506 
1902 
2130 
7737 
6979 
238 
8273 
11522 
6472 
6330 
556 
2412 
2353 
11066 
7412 
4334 
3802 
11411 
11044 
10523 
4441 
10872 
5385 
11604 
2687 
5502 
5884 
1029 
8679 
301 
3834 
4506 
9095 
4582 
3874 
6747 
10885 
1932 
1939 
8490 
1451 
2219 
7814 
3381 
2299 
104 
7310 
6910 
9938 
4426 
10232 
2216 
284 
474 
10158 
3437 
10011 
8407 
11587 
7481 
7673 
3952 
522 
6967 
10497 
3402 
9973 
11265 
54 
3143 
9059 
6937 
3730 
7000 
7801 
4868 
10106 
1996 
3693 
11606 
11827 
9185 
7936 
4827 
5517 
10355 
9632 
10701 
11627 
10483 
3660 
5084 
4032 
11047 
233 
1495 
10705 
6051 
6389 
7313 
4418 
9578 
2586 
5558 
4070 
2633 
4820 
7845 
3689 
8536 
2173 
11459 
7361 
7321 
2188 
11964 
4740 
10799 
8096 
11440 
9229 
2721 
2210 
3514 
2794 
7136 
11024 
9943 
3486 
9668 
8742 
8942 
3643 
4389 
8075 
3936 
5284 
9176 
6399 
715 
4264 
5320 
4091 
4983 
2267 
7718 
11869 
493 
11140 
7773 
5973 
3035 
2827 
1957 
1121 
7044 
33 
6063 
4995 
5429 
386 
5903 
3432 
4172 
314 
1338 
6882 
5775 
2152 
10570 
8156 
1000 
11159 
5004 
434 
8606 
6861 
4825 
8885 
1577 
2417 
5529 
1523 
8410 
6004 
4762 
11324 
3361 
11583 
4831 
3067 
9104 
4652 
4819 
5808 
219 
881 
9571 
9143 
4283 
9086 
5208 
7145 
4053 
6202 
7757 
8495 
125 
1227 
4999 
9295 
990 
933 
1352 
11191 
203 
9663 
9157 
6689 
11955 
5592 
5507 
2784 
3211 
7448 
4670 
2935 
2006 
8028 
209 
2030 
11739 
2278 
4878 
11498 
2713 
10923 
1801 
8620 
10628 
5575 
214 
154 
10655 
6711 
352 
280 
10665 
3352 
6178 
1207 
1231 
4947 
6988 
4382 
4228 
11834 
5411 
11938 
624 
3656 
10680 
6014 
2257 
781 
11762 
5040 
5937 
5456 
6744 
2743 
8649 
6539 
10941 
11383 
8817 
10291 
2089 
2544 
3492 
11189 
8835 
3350 
5409 
263 
568 
9587 
1678 
7950 
3344 
9414 
11489 
5640 
5307 
3436 
5118 
7419 
6741 
739 
4621 
7201 
10466 
9154 
3038 
4806 
10631 
2237 
6625 
156 
6365 
2894 
3003 
3566 
10029 
9174 
3372 
7937 
6437 
2758 
7873 
5524 
2831 
8670 
11976 
387 
8452 
10591 
3567 
5095 
10894 
7272 
4077 
7472 
10684 
7153 
3064 
6819 
6614 
6084 
10482 
6210 
10625 
2606 
9747 
8864 
2580 
9642 
11555 
5256 
6999 
6287 
4198 
5089 
5205 
11565 
10018 
7444 
3823 
5190 
3186 
5537 
3446 
1979 
11830 
7057 
5481 
8638 
9572 
8068 
1791 
10042 
10569 
6997 
1952 
6891 
7802 
5362 
16 
9800 
7743 
4908 
4468 
1981 
3056 
7664 
7863 
2116 
8140 
8339 
11337 
7099 
10213 
11974 
9379 
1625 
2994 
6723 
1790 
11594 
5505 
2530 
5856 
2101 
224 
10919 
10831 
7405 
3298 
3553 
9528 
5841 
4131 
3951 
9698 
11640 
1092 
311 
11785 
3223 
71 
11888 
1038 
11033 
9505 
2388 
3278 
476 
2132 
11867 
2332 
11256 
5383 
11276 
3226 
4055 
5275 
9166 
914 
7248 
3995 
2241 
4796 
7688 
9970 
443 
3601 
9259 
5298 
496 
11988 
3250 
9115 
8825 
9910 
9570 
8928 
5122 
1831 
6457 
11977 
3383 
5985 
10621 
3460 
9820 
2413 
3045 
6136 
533 
8476 
9293 
6632 
3374 
2324 
9670 
8233 
4792 
4726 
895 
8744 
10031 
2793 
11099 
2953 
8389 
4325 
5286 
3959 
2411 
2183 
5715 
10939 
6661 
3533 
10620 
11966 
3685 
10218 
5993 
2171 
3751 
10651 
3052 
11372 
3284 
6010 
7940 
9341 
9931 
7171 
1592 
6630 
6629 
1652 
11957 
11896 
7919 
306 
10267 
5972 
7123 
5197 
2213 
10915 
8017 
3488 
6007 
7643 
893 
8666 
10379 
5020 
98 
7769 
8923 
226 
5112 
1277 
4986 
10197 
4693 
2592 
2427 
9321 
648 
2694 
6972 
3911 
8664 
8533 
10437 
11654 
4279 
1156 
10649 
198 
8205 
5632 
3745 
6361 
8304 
1634 
7550 
6460 
7199 
3854 
9551 
7200 
3699 
9733 
1279 
1731 
11495 
441 
1013 
206 
2979 
6579 
4766 
8531 
6407 
8365 
7753 
10420 
768 
1296 
6099 
4098 
2272 
9815 
2850 
10172 
9384 
7238 
5936 
601 
7726 
3975 
7007 
8227 
1071 
3178 
4600 
9008 
11060 
1474 
8560 
5855 
4617 
8970 
9977 
14 
8387 
11220 
3637 
9471 
10507 
1443 
10682 
7113 
6871 
519 
9552 
7998 
5064 
9254 
5815 
4706 
3129 
10973 
41 
2563 
2649 
10388 
4127 
3849 
2512 
10530 
6924 
10094 
7528 
11745 
6750 
3870 
4159 
972 
9305 
5153 
7776 
11664 
8874 
1654 
4235 
4660 
8245 
3120 
1283 
7542 
9766 
3475 
10935 
6852 
4034 
3815 
6175 
2628 
1898 
11721 
5107 
3166 
4626 
5518 
5331 
6672 
5719 
11816 
10878 
625 
5690 
10599 
2414 
11269 
117 
3718 
10795 
8538 
6875 
10298 
269 
2107 
4169 
11612 
959 
3036 
9163 
4193 
2569 
2462 
5244 
7195 
5392 
9031 
4243 
10616 
329 
8837 
583 
3652 
5905 
8763 
11764 
11378 
7832 
2698 
4699 
4446 
4080 
6251 
5978 
7772 
9046 
3085 
8285 
9049 
3418 
4215 
2866 
2120 
1152 
5177 
1385 
11928 
5033 
626 
2174 
10262 
1045 
2910 
951 
9785 
3949 
10604 
3619 
3422 
7024 
11737 
1273 
9289 
1445 
6412 
10458 
4444 
10101 
8828 
11168 
6353 
10336 
11346 
5867 
9689 
10725 
5848 
4030 
4423 
1472 
8644 
8082 
6258 
3990 
6174 
5771 
9603 
11599 
6980 
1039 
4250 
11512 
1102 
3627 
1772 
5172 
10980 
764 
10909 
672 
7530 
8603 
6817 
7134 
9813 
348 
2874 
9376 
7678 
2861 
3130 
313 
7679 
8042 
2911 
7900 
11076 
833 
8556 
7211 
8179 
421 
6159 
3093 
2783 
85 
4538 
6824 
10416 
11049 
2913 
8067 
11828 
1172 
5371 
6510 
470 
1141 
7787 
5372 
9160 
4496 
1471 
5787 
3161 
934 
1921 
5712 
2901 
6072 
3557 
7613 
3694 
9265 
2203 
6533 
10871 
862 
4741 
8216 
4712 
2998 
1624 
10422 
7231 
8064 
770 
3705 
7390 
11505 
8997 
11639 
6518 
3339 
10403 
7866 
4962 
5757 
3398 
8743 
5761 
7515 
10730 
9774 
1007 
9329 
4680 
1870 
4414 
10448 
9044 
7225 
1148 
3168 
7722 
6201 
979 
3790 
5772 
6519 
4044 
2897 
2367 
7551 
1254 
10236 
1108 
1883 
10354 
10115 
2524 
8996 
6938 
900 
2285 
8276 
5774 
783 
9618 
2817 
10469 
8627 
6876 
5160 
6666 
6677 
6128 
9472 
2071 
5497 
4335 
7305 
6849 
57 
9501 
6482 
6452 
7852 
2682 
10009 
5210 
3840 
1769 
5016 
4985 
4951 
11508 
7462 
11584 
2604 
5896 
5337 
5469 
9739 
9555 
9142 
6430 
11166 
4297 
6860 
7034 
4580 
10806 
6857 
9241 
6517 
2492 
4844 
2477 
4847 
5561 
4679 
11211 
4027 
5646 
8893 
11250 
2568 
1118 
940 
6631 
29 
8498 
2581 
11145 
10332 
211 
2786 
5314 
6658 
11329 
4789 
10003 
6245 
4958 
10698 
10724 
7591 
7959 
9399 
10226 
10181 
11633 
2513 
5104 
2402 
9630 
1217 
2865 
3388 
7784 
7829 
2954 
1976 
1842 
4942 
1691 
3407 
6427 
11240 
6327 
7706 
10875 
3800 
8598 
4285 
2611 
11819 
3632 
6676 
1237 
670 
1833 
5832 
11501 
10333 
5656 
869 
2075 
11139 
9369 
4180 
9895 
11496 
11013 
10862 
3962 
11682 
1864 
5365 
4378 
4331 
2529 
4749 
2039 
3772 
2319 
11585 
11339 
6728 
8591 
1692 
5956 
7465 
10593 
7468 
5798 
7764 
8850 
6116 
5990 
6559 
1321 
7041 
9496 
10274 
8782 
11351 
2470 
10774 
2031 
3916 
10110 
3775 
1164 
3127 
11499 
4064 
6285 
10367 
7715 
1572 
1091 
9484 
6814 
11766 
2855 
365 
3269 
9191 
11877 
9276 
4112 
2233 
4355 
4604 
4007 
603 
3399 
9691 
10030 
1795 
3362 
9473 
7846 
7474 
11414 
7227 
6449 
200 
5893 
901 
5827 
5440 
4771 
5811 
3119 
7204 
3505 
128 
4354 
6795 
9725 
8998 
8920 
6978 
6108 
9236 
2169 
6306 
5396 
5303 
9073 
11019 
10427 
7014 
8578 
8814 
1295 
1470 
1139 
4854 
1079 
321 
509 
1604 
1876 
10006 
1844 
9097 
857 
3032 
9460 
3943 
5098 
1813 
2508 
10309 
4351 
1244 
1716 
9843 
4309 
7934 
3838 
798 
1553 
2052 
3409 
5011 
2467 
11282 
10509 
8553 
595 
3940 
4170 
6526 
545 
2591 
9094 
845 
6611 
5868 
4400 
10550 
8521 
3242 
3333 
7289 
6609 
1456 
4209 
2025 
3247 
7974 
3294 
8991 
3100 
8137 
5794 
1324 
6354 
5076 
9723 
6607 
6097 
9368 
10895 
8721 
9328 
9070 
8378 
11573 
9292 
9109 
215 
8758 
9053 
8892 
9447 
8569 
4577 
8022 
3531 
10846 
906 
6300 
1033 
9319 
720 
6260 
4299 
6628 
2962 
641 
3146 
2454 
8720 
4390 
7914 
7230 
5378 
11456 
6714 
9509 
6665 
8019 
362 
3628 
4362 
7290 
3172 
2336 
1037 
10526 
9527 
2934 
3097 
9252 
411 
3880 
6618 
8590 
1403 
3793 
5866 
1913 
6851 
9701 
2773 
2980 
7445 
8177 
3884 
11155 
7763 
2551 
2832 
4291 
9863 
10505 
8478 
8710 
3717 
10130 
7496 
2354 
3356 
945 
393 
5471 
8551 
1160 
8891 
8041 
7779 
9465 
7489 
2705 
737 
6868 
11281 
10557 
11694 
11659 
3445 
10103 
10084 
1126 
2264 
10822 
8645 
6789 
4183 
10268 
2917 
425 
5443 
10914 
10247 
4124 
4822 
11669 
3561 
1889 
1585 
8280 
7470 
2109 
9331 
11408 
1935 
9222 
1307 
9274 
9363 
597 
4879 
11116 
3273 
7870 
7163 
5413 
596 
5594 
2585 
9543 
2489 
10500 
4743 
1505 
6953 
9782 
8573 
9580 
9481 
5584 
6028 
433 
6124 
4619 
4813 
6532 
2490 
4301 
6061 
9244 
5169 
10659 
5432 
1027 
3054 
6068 
10972 
695 
8118 
8373 
6619 
11115 
7611 
9179 
11098 
2826 
2892 
7424 
706 
7978 
6706 
7260 
6654 
5653 
8516 
5178 
8602 
8291 
9734 
5668 
1223 
3184 
4065 
2382 
7267 
4094 
1225 
2507 
1056 
4373 
2527 
9192 
10538 
4839 
1816 
1317 
9112 
8119 
594 
5840 
10728 
4852 
6109 
9217 
10850 
11113 
673 
9011 
11417 
9828 
2127 
9464 
2717 
7920 
11186 
1468 
6154 
5506 
4491 
9773 
1972 
9875 
9817 
3674 
3902 
3141 
8522 
7002 
10721 
8070 
11697 
3534 
10013 
9563 
11102 
7786 
5129 
131 
6135 
8398 
8768 
852 
1458 
4431 
11759 
868 
6944 
4205 
11507 
4245 
5707 
5200 
5101 
8124 
5945 
11380 
8526 
1376 
2852 
6639 
9301 
43 
10207 
8434 
1087 
10798 
2864 
11488 
9441 
1287 
7656 
3440 
4969 
6490 
3332 
1531 
3341 
6311 
10818 
4003 
4488 
4723 
4038 
9018 
2886 
10640 
4106 
8709 
5174 
4398 
9515 
3251 
11747 
1703 
7320 
6471 
1234 
7984 
11038 
7432 
6332 
6081 
4697 
11120 
3574 
2084 
5910 
3702 
4774 
3524 
8595 
7676 
2403 
1756 
6983 
3371 
218 
1507 
9065 
3265 
5408 
10961 
9659 
4559 
2771 
2168 
4041 
7063 
11932 
9683 
1054 
7331 
2195 
2753 
7281 
9101 
2407 
3573 
9504 
5992 
7985 
11086 
10117 
1363 
9113 
5367 
3155 
5028 
7013 
4212 
2345 
6923 
6475 
3309 
772 
5358 
3444 
11545 
3841 
7447 
7156 
6069 
1726 
447 
331 
4519 
11213 
5442 
10136 
3526 
5800 
9535 
6423 
9466 
10626 
6936 
653 
7759 
10732 
11946 
336 
10989 
246 
10642 
5967 
7241 
8994 
8391 
8010 
10180 
1059 
2943 
8912 
8548 
2102 
11958 
1151 
9716 
6110 
328 
3915 
3397 
5212 
8494 
10955 
11701 
4510 
6696 
9219 
1880 
9208 
2062 
9028 
5864 
10076 
9188 
9712 
4179 
9569 
7932 
1323 
927 
11357 
3204 
6012 
6173 
11144 
592 
9917 
148 
7038 
3077 
828 
8240 
4613 
1441 
11951 
7375 
6683 
1540 
11177 
1644 
11572 
11027 
2054 
9635 
4188 
1132 
1984 
10242 
8757 
3871 
9915 
5400 
548 
1734 
3416 
192 
7467 
4587 
222 
8333 
9554 
4620 
4075 
9216 
19 
3394 
494 
11780 
6286 
4475 
11796 
2442 
6737 
8716 
2390 
6459 
1463 
10166 
4716 
8481 
1157 
9357 
4861 
60 
6344 
3559 
8667 
10456 
8895 
2280 
6678 
6156 
11317 
11860 
4445 
5410 
5852 
5826 
4304 
7484 
8313 
4684 
1637 
10652 
1294 
10200 
9852 
8357 
9537 
1681 
325 
482 
4669 
11893 
7494 
9960 
11400 
3907 
6927 
1689 
3510 
7425 
1574 
1074 
4603 
4838 
5198 
7698 
2535 
7544 
4940 
3709 
5152 
7522 
1001 
10402 
11111 
8857 
2803 
5453 
11257 
9706 
9619 
1658 
10968 
5121 
6597 
8658 
3657 
10783 
3987 
1506 
8368 
6058 
7808 
6829 
7994 
5239 
9493 
10839 
2096 
490 
1815 
776 
9383 
8371 
11705 
10424 
11575 
9597 
1055 
7908 
35 
5976 
6766 
3199 
9497 
4614 
5909 
9662 
8141 
9940 
11677 
7817 
1971 
5806 
9240 
1618 
6239 
9256 
11724 
3887 
11104 
1197 
9780 
7017 
1600 
6424 
1404 
8873 
137 
2428 
9077 
4734 
9612 
10686 
4010 
6595 
2181 
8155 
4181 
1667 
9786 
2063 
8735 
317 
3271 
4057 
9165 
888 
6166 
10749 
6240 
418 
10953 
818 
8099 
2797 
6775 
4104 
11369 
1519 
2392 
3551 
9084 
1107 
11471 
10890 
3128 
8031 
7631 
1741 
44 
10217 
8093 
8811 
4137 
557 
5311 
256 
6682 
3043 
11517 
982 
1871 
2198 
10933 
6395 
10397 
2059 
6182 
6164 
10282 
905 
6118 
11807 
1433 
6798 
10275 
1182 
9333 
5615 
1350 
9908 
7699 
11549 
11296 
6348 
10861 
9720 
9975 
6104 
1199 
11650 
7695 
11320 
1701 
5813 
395 
8004 
10943 
8035 
1153 
8370 
283 
8390 
1192 
10970 
2824 
9406 
8329 
9205 
8780 
7206 
4394 
3869 
5694 
9339 
11939 
4937 
1729 
2297 
872 
8939 
2300 
10819 
11077 
1843 
8919 
10723 
8142 
6556 
3140 
5677 
1201 
3662 
11255 
10815 
10037 
2829 
604 
10146 
7691 
3132 
666 
2756 
333 
736 
9666 
9696 
969 
6254 
1829 
9513 
7205 
1640 
11539 
622 
4540 
4649 
8760 
9023 
11126 
2993 
4842 
11153 
5915 
9190 
5163 
11787 
1499 
2884 
4474 
7907 
11442 
5270 
2282 
11195 
10754 
99 
2263 
10555 
6569 
4725 
7446 
6211 
234 
2995 
3550 
9487 
5260 
10793 
10169 
9637 
8094 
753 
9450 
6056 
1953 
237 
3979 
8582 
2900 
9827 
1666 
3506 
8663 
3641 
5113 
7589 
9050 
498 
7559 
10381 
8903 
11227 
9088 
4756 
4694 
5732 
1184 
2204 
9672 
1547 
62 
8659 
2163 
11057 
10353 
11388 
7256 
3058 
1048 
7344 
876 
5870 
6995 
5851 
10414 
1866 
2487 
9686 
1419 
9425 
843 
9987 
8330 
7439 
7288 
8999 
1478 
9211 
5563 
6100 
8005 
10190 
5005 
10297 
10787 
10329 
7608 
367 
3382 
11638 
6573 
1304 
7572 
2509 
2014 
1966 
6926 
4278 
1668 
9243 
7128 
582 
291 
1498 
10012 
1396 
1128 
3389 
10772 
2541 
1683 
4143 
5478 
1699 
3243 
7488 
8284 
5819 
5960 
6920 
1653 
7996 
4216 
8759 
4634 
3602 
535 
2322 
9657 
6845 
599 
4249 
7244 
6333 
11465 
8800 
7875 
3192 
11812 
9169 
4809 
10903 
3060 
4177 
11986 
1469 
5603 
8575 
10661 
4571 
340 
3357 
9004 
5446 
10041 
1140 
7427 
6552 
2806 
4068 
10808 
2695 
4421 
6651 
3165 
157 
4747 
2741 
9532 
2196 
9886 
4332 
542 
6057 
8034 
8131 
11151 
7501 
5871 
11184 
1259 
9017 
3458 
11794 
4152 
10254 
1260 
1365 
5154 
10643 
6219 
8969 
5145 
8236 
11291 
6709 
1504 
11730 
935 
5420 
4114 
277 
3759 
435 
1601 
3150 
8048 
9093 
525 
5418 
5829 
2136 
4667 
6386 
9124 
3455 
2045 
6704 
2718 
5414 
2665 
4536 
1325 
8702 
554 
11230 
2818 
2838 
9401 
1031 
3126 
7249 
5252 
11314 
3370 
3351 
6928 
819 
11886 
1366 
8845 
7307 
11207 
1380 
2853 
11307 
840 
11239 
9173 
2792 
8793 
6113 
10510 
2730 
6347 
6290 
9806 
3681 
11349 
11503 
1757 
4353 
4990 
5316 
1746 
1552 
11037 
10451 
8441 
1859 
6904 
11362 
11643 
2448 
965 
10681 
6376 
6755 
8746 
9313 
4479 
9684 
6464 
1298 
9411 
8803 
4476 
7085 
6121 
7176 
1105 
4707 
6847 
10857 
6043 
4521 
11063 
5997 
6392 
2761 
2511 
3809 
4570 
3692 
3303 
9366 
7342 
8104 
2317 
5638 
4388 
9 
4149 
8804 
10277 
7967 
3992 
10386 
9337 
4128 
929 
10534 
3899 
7356 
1626 
6487 
2379 
9581 
11246 
5600 
7386 
4342 
7077 
10726 
7895 
619 
9625 
2186 
5858 
10023 
8646 
2008 
3433 
503 
5146 
6355 
5499 
4812 
7495 
7884 
11193 
550 
11598 
1845 
10999 
8349 
10289 
6646 
10294 
9035 
6570 
7976 
1221 
2494 
2247 
8648 
7827 
10598 
2615 
7767 
27 
6858 
8279 
9183 
2893 
1615 
2465 
5428 
11556 
2639 
2298 
10191 
4365 
6352 
11815 
1173 
9448 
6563 
4178 
3005 
5341 
2804 
6947 
9804 
11591 
2261 
127 
809 
5349 
3275 
9454 
6098 
7977 
2175 
1117 
3896 
9342 
7541 
5839 
5077 
2548 
10325 
1339 
5263 
7372 
11259 
2582 
5322 
1970 
3334 
649 
6313 
10479 
2435 
2670 
6905 
3105 
2632 
18 
6873 
7933 
4647 
7110 
4758 
5081 
4257 
11398 
4455 
9900 
11914 
8951 
11688 
309 
11484 
2460 
10952 
5547 
9550 
1020 
5352 
4549 
6458 
5276 
11500 
800 
11814 
5647 
4905 
9955 
5179 
2518 
11849 
10884 
9656 
9391 
10287 
4872 
400 
5281 
11962 
2960 
11742 
1133 
415 
11821 
6700 
8555 
11386 
1754 
4611 
11015 
9692 
5741 
2655 
5527 
1738 
8183 
3667 
7318 
955 
5902 
5441 
6126 
4760 
173 
9181 
11825 
9884 
1665 
8411 
8 
392 
4466 
11270 
4146 
3724 
3479 
10064 
2789 
378 
5753 
6738 
9021 
8549 
11226 
11298 
8978 
968 
1177 
11733 
3612 
4385 
11236 
9107 
181 
7417 
4295 
1541 
304 
8616 
3489 
4306 
5723 
6896 
5889 
5803 
11983 
11461 
3325 
8074 
9474 
4404 
5219 
4447 
8940 
11458 
7435 
79 
3337 
2185 
4016 
9761 
3406 
4472 
7714 
7149 
1212 
3484 
1742 
9442 
5472 
2765 
607 
5762 
11775 
932 
9590 
7861 
3233 
9177 
11619 
4557 
152 
9308 
199 
11445 
3435 
10283 
608 
5697 
10135 
10444 
9944 
10108 
1802 
8239 
4952 
7711 
1243 
1364 
2308 
8053 
7080 
681 
2553 
11427 
6289 
8439 
11251 
7232 
3193 
10786 
6524 
9868 
7840 
8464 
9650 
5285 
4738 
195 
5021 
3509 
8599 
1593 
7159 
9950 
2385 
4922 
10745 
8025 
67 
11965 
11137 
9159 
2502 
9757 
2667 
10911 
6213 
765 
8615 
4241 
9846 
8520 
11949 
532 
6359 
6038 
4036 
4125 
6671 
9268 
788 
3218 
8178 
11926 
10048 
3630 
7774 
7287 
8294 
6840 
937 
3517 
4343 
11861 
7141 
1881 
1374 
859 
8496 
9838 
2242 
6667 
11443 
8281 
3027 
2312 
9168 
6335 
7094 
3430 
2811 
9246 
10869 
4851 
8381 
5498 
3819 
8922 
4645 
4860 
2642 
8660 
7384 
2138 
9025 
8824 
5242 
359 
5675 
11375 
7403 
7438 
9816 
3015 
7098 
8248 
7341 
9643 
1342 
8204 
5604 
4006 
9171 
11546 
5132 
2207 
4757 
8779 
4524 
9654 
9102 
10327 
6390 
5402 
9144 
2571 
5296 
6707 
9526 
7595 
11172 
7165 
2959 
8424 
2051 
11016 
338 
11048 
4019 
7955 
9853 
5888 
6856 
4122 
4492 
4606 
11544 
93 
7687 
528 
8193 
6378 
505 
7587 
10471 
8654 
7129 
8221 
6278 
1993 
3088 
2720 
3014 
7219 
2177 
9098 
9421 
4541 
2907 
3456 
6717 
2283 
9126 
3022 
11205 
3198 
3301 
2617 
6045 
1589 
3131 
9831 
4043 
9562 
896 
10759 
1084 
2296 
7370 
7148 
6757 
3300 
4578 
2517 
1719 
1106 
1759 
2026 
5667 
11831 
8055 
7125 
6954 
4703 
2703 
9233 
11788 
9937 
6523 
107 
7552 
6964 
5255 
10485 
10452 
8288 
3312 
1394 
184 
8425 
10836 
8986 
11615 
1063 
8250 
11396 
100 
1613 
6788 
10611 
6785 
4650 
2547 
4928 
1406 
5885 
7912 
11200 
8244 
10296 
3963 
8532 
10964 
7569 
11708 
1009 
6447 
2664 
8499 
6776 
7319 
1848 
1278 
5404 
9599 
3209 
193 
11154 
1560 
2480 
1698 
1249 
6513 
6634 
11903 
11395 
1628 
4046 
4641 
9344 
10167 
3189 
11377 
4856 
4787 
4218 
5817 
10612 
5274 
7568 
913 
7518 
6826 
9041 
11610 
8251 
161 
5520 
7980 
2675 
3608 
11382 
479 
7783 
5933 
282 
1994 
821 
4166 
3156 
7109 
10162 
7681 
5765 
8351 
2303 
5718 
4352 
8701 
2249 
5397 
8992 
8174 
688 
2938 
212 
2092 
3756 
8210 
5416 
11916 
9841 
5476 
8470 
2339 
3680 
8226 
636 
3207 
4563 
2452 
8283 
3810 
7155 
11067 
7983 
10924 
1488 
2047 
7647 
3109 
5393 
1767 
10837 
10182 
7451 
11405 
5790 
9624 
6143 
2654 
897 
6692 
537 
11996 
6818 
5678 
9694 
6168 
8587 
8380 
3807 
9012 
5339 
677 
114 
5726 
3658 
830 
6440 
9120 
6374 
4045 
9849 
1203 
7813 
5883 
9273 
11911 
6642 
3289 
10757 
5434 
2361 
2590 
5541 
6145 
11925 
6982 
9277 
813 
2146 
11642 
9658 
729 
2929 
4552 
10571 
3576 
7807 
4280 
10143 
4589 
700 
6549 
3872 
11280 
2344 
2978 
3292 
8102 
8487 
8795 
5598 
5390 
10780 
10089 
590 
5214 
3164 
3449 
10265 
10312 
2234 
9439 
3765 
6431 
6035 
11203 
4585 
9680 
2975 
10151 
5045 
4386 
10070 
11833 
810 
326 
11881 
4449 
11035 
4396 
4696 
987 
6034 
10320 
9462 
3194 
5814 
2918 
11201 
8810 
10630 
136 
7729 
1487 
7667 
2358 
10357 
8271 
6400 
8990 
7612 
10058 
1965 
6783 
3833 
8310 
11025 
511 
6522 
3780 
3121 
5373 
10185 
7420 
660 
8100 
5665 
11238 
4457 
10415 
8957 
11744 
7968 
8343 
7279 
3461 
994 
11797 
11782 
3320 
240 
9626 
7995 
11160 
3585 
5780 
3850 
1205 
11972 
3363 
7329 
5419 
10962 
175 
3200 
5068 
383 
11566 
6943 
3731 
941 
11224 
1686 
10840 
1399 
7328 
2631 
7107 
8087 
122 
5388 
4567 
4168 
10413 
8806 
1997 
6151 
8143 
5875 
9396 
2534 
11706 
7855 
10848 
3318 
7756 
1442 
7295 
11872 
2042 
11301 
5540 
9030 
8789 
4551 
573 
2686 
2235 
2351 
7374 
9223 
9992 
10131 
9282 
2396 
8852 
9807 
7915 
3118 
2202 
3012 
9194 
2659 
3593 
9027 
9593 
1766 
11480 
11340 
10124 
9398 
2431 
6160 
1383 
8414 
8900 
8843 
5546 
3539 
6062 
3806 
5921 
8356 
9324 
2933 
8062 
1099 
2495 
8020 
7818 
609 
5942 
9468 
2873 
11451 
4830 
1931 
3267 
4240 
7948 
5235 
364 
7087 
8786 
10529 
1122 
1168 
6551 
9381 
6322 
2126 
2191 
6869 
9710 
229 
8367 
10087 
1875 
4096 
1095 
10426 
3615 
9057 
4495 
11899 
11675 
70 
40 
10979 
11813 
11607 
4772 
5090 
964 
8585 
4965 
3859 
11045 
911 
2106 
10470 
8950 
5695 
8315 
10817 
8465 
11449 
7091 
7460 
3578 
2066 
898 
11416 
8350 
9988 
10544 
5228 
8899 
2140 
5031 
6179 
2258 
11808 
11094 
2774 
2141 
9189 
1906 
11178 
11856 
6146 
1440 
10940 
805 
6908 
3613 
8887 
11971 
4407 
1093 
10513 
3932 
6019 
1896 
8626 
4012 
4590 
7629 
11552 
6925 
10230 
5074 
6933 
7668 
718 
8534 
6834 
10195 
9752 
4894 
11248 
9924 
6822 
8674 
5354 
9389 
3857 
6468 
6870 
527 
4980 
3542 
4031 
8952 
3741 
6220 
9394 
3981 
4799 
3368 
3843 
7567 
7121 
7560 
10762 
9610 
3536 
11023 
431 
7229 
8080 
5730 
7853 
1879 
9043 
3174 
4914 
9913 
2766 
2727 
7505 
5347 
7761 
9024 
6626 
9508 
4977 
6855 
3636 
1750 
8708 
10843 
11533 
8342 
8745 
11121 
3903 
5631 
6403 
8728 
5459 
9855 
4024 
6554 
9457 
5887 
4481 
9566 
11429 
925 
4508 
3329 
10114 
11103 
9365 
8030 
6419 
8945 
5123 
11468 
11553 
2630 
10784 
7047 
8269 
4841 
7189 
177 
7543 
5836 
11244 
5536 
10206 
1022 
10156 
11206 
3369 
6746 
3579 
5044 
4320 
988 
4676 
7262 
9285 
10685 
11570 
890 
1452 
3006 
465 
9284 
4968 
5415 
4918 
11761 
9362 
6998 
1200 
5570 
2939 
6942 
5705 
5939 
120 
2840 
6605 
2375 
4837 
9026 
6293 
5304 
9595 
6544 
7103 
1793 
1023 
5051 
7223 
3282 
7101 
9930 
4208 
9980 
10511 
4610 
9690 
446 
4458 
7672 
168 
3587 
1872 
10249 
3008 
1462 
9905 
11402 
11791 
880 
4793 
11231 
6432 
10711 
8619 
5999 
11907 
3053 
11648 
6859 
1721 
6255 
1867 
1044 
10203 
9161 
5608 
8232 
1465 
51 
3609 
6027 
949 
2009 
3832 
11646 
7924 
3026 
7928 
5087 
9364 
2876 
11001 
6114 
477 
6421 
466 
4242 
9367 
807 
4254 
8688 
7353 
5648 
2961 
6141 
5470 
6892 
7039 
5847 
4101 
265 
7639 
6418 
11806 
10373 
8567 
3900 
10118 
5824 
515 
4184 
9042 
9371 
10233 
588 
6345 
2380 
3103 
10851 
2988 
9062 
6918 
9984 
11283 
3740 
566 
5117 
10229 
11652 
8655 
5534 
6919 
3728 
155 
10605 
6739 
4953 
8788 
2871 
11906 
11476 
11418 
4843 
11393 
5332 
8563 
10092 
1101 
11218 
9729 
2472 
10463 
6444 
2949 
8477 
7719 
8151 
1302 
3255 
5834 
10127 
8385 
10465 
8396 
5869 
8964 
8372 
10654 
1664 
6726 
7858 
10646 
8730 
2265 
7352 
2715 
7742 
232 
7255 
3328 
593 
2484 
9963 
7844 
4260 
481 
2289 
6624 
6203 
4516 
66 
9897 
5709 
6675 
8589 
11313 
7791 
9854 
7286 
10959 
8508 
3122 
3893 
1897 
1219 
10617 
1556 
5427 
7680 
2525 
10245 
11176 
1954 
5025 
1485 
5464 
920 
2471 
5565 
7929 
1274 
2520 
5283 
7637 
1360 
1810 
10670 
4539 
8801 
10572 
9639 
6736 
5088 
5488 
7916 
1375 
9080 
11187 
9516 
9801 
9428 
1467 
3314 
264 
11685 
3179 
5191 
6603 
4687 
1621 
9407 
5168 
10250 
8145 
1176 
802 
839 
4890 
3219 
5468 
3169 
9844 
9343 
3400 
5026 
7655 
1195 
8213 
9742 
7442 
8766 
7251 
10683 
974 
4811 
2155 
1854 
4803 
2134 
4432 
11620 
5267 
144 
3771 
9784 
11092 
6050 
7345 
8775 
9482 
286 
9483 
7529 
11970 
7713 
11918 
4739 
10165 
1146 
2540 
6598 
287 
2755 
6878 
11107 
9777 
612 
1573 
4659 
6218 
6197 
6214 
2692 
10590 
9122 
1032 
2629 
6816 
8557 
6901 
9765 
6184 
5300 
4724 
8322 
3770 
8180 
2350 
1941 
2736 
9660 
6957 
2523 
9155 
3229 
11171 
2337 
10542 
4380 
5809 
402 
7754 
5969 
4173 
220 
10920 
3310 
6230 
741 
10032 
4657 
3261 
4439 
6956 
999 
11450 
4961 
8718 
8748 
7441 
1359 
11409 
11415 
7842 
3945 
1241 
9888 
1047 
8366 
8678 
243 
936 
1727 
484 
501 
679 
2860 
485 
9788 
6996 
2602 
2222 
2809 
1570 
295 
1516 
3104 
6003 
11602 
7944 
7938 
3010 
1814 
3698 
1447 
8173 
7705 
7050 
4206 
8772 
10639 
3873 
11826 
10855 
2131 
10384 
2887 
10518 
9671 
4120 
1968 
2151 
6994 
8418 
10369 
7503 
733 
5633 
8882 
2032 
2877 
10361 
10589 
665 
3878 
11670 
6594 
8588 
669 
5835 
8572 
7033 
5991 
11898 
1115 
2017 
10519 
8530 
13 
6839 
6987 
9596 
10606 
8542 
4263 
8399 
10668 
10412 
8337 
10154 
3766 
11004 
11611 
5599 
820 
8610 
7371 
3700 
7850 
4478 
553 
7478 
10987 
663 
2329 
9375 
10559 
11123 
361 
7323 
2369 
1240 
860 
7593 
1311 
10004 
1539 
7614 
5315 
5750 
4049 
3797 
4018 
6152 
8739 
9382 
11609 
9584 
552 
5947 
3160 
11229 
11749 
8135 
11295 
11134 
92 
2785 
5580 
5998 
4171 
3516 
7338 
6576 
7151 
11984 
6872 
11571 
5619 
2254 
3697 
10738 
7282 
10595 
10734 
9834 
2124 
722 
1768 
2711 
2608 
5654 
9360 
8871 
