8000
6201 
5821 
7315 
6674 
7154 
3431 
3263 
4614 
7101 
4959 
3955 
7906 
3618 
7050 
6887 
6478 
2632 
7458 
7608 
2378 
7621 
6415 
6017 
679 
202 
7136 
7718 
3526 
2566 
723 
7904 
7773 
4627 
2113 
7618 
1277 
4828 
4920 
7040 
4440 
3885 
6364 
7992 
2986 
3513 
1817 
5394 
7463 
2527 
32 
7843 
6224 
226 
1529 
1573 
1640 
2367 
4618 
1316 
6181 
7839 
105 
6278 
878 
5459 
246 
4730 
5998 
4823 
2193 
1039 
6246 
3445 
1599 
393 
2213 
967 
7060 
521 
916 
3390 
3004 
4542 
5953 
1705 
2831 
4402 
2091 
5754 
4983 
6657 
5021 
2099 
3541 
2718 
7945 
606 
2103 
2894 
283 
6756 
932 
7108 
4837 
3989 
6514 
3619 
1723 
5008 
6874 
2442 
5683 
496 
2301 
6318 
3795 
1159 
6512 
7269 
6232 
7279 
7162 
1641 
5570 
6102 
5290 
1969 
6473 
1858 
7580 
4096 
277 
7780 
5544 
2253 
3348 
4619 
1196 
1242 
5206 
1072 
3424 
590 
512 
7249 
7560 
1467 
4303 
3048 
7334 
4827 
7686 
7793 
924 
7263 
3409 
6413 
3923 
573 
1479 
3754 
7032 
7231 
751 
6624 
4918 
6542 
4407 
6376 
1200 
6371 
4892 
3128 
2836 
4611 
1821 
3903 
3834 
2291 
6923 
2234 
5969 
6141 
2035 
964 
7287 
7071 
5928 
7143 
7799 
3378 
2032 
3737 
6312 
3521 
2456 
5661 
3006 
5465 
156 
6526 
6458 
6486 
2554 
1154 
4674 
5264 
6825 
2799 
6160 
7918 
2019 
262 
1069 
7404 
5902 
49 
2763 
2041 
7277 
6988 
2869 
281 
3371 
6221 
2157 
1592 
2307 
1757 
7046 
633 
405 
5323 
6167 
3293 
389 
1201 
5463 
6068 
256 
79 
306 
5450 
6445 
6044 
4878 
4453 
499 
3646 
6975 
5507 
6420 
661 
4164 
6085 
5740 
1395 
5080 
7070 
3861 
6682 
7672 
6966 
760 
6296 
6389 
7680 
6567 
1719 
6753 
4991 
6229 
5586 
4069 
248 
2427 
761 
1161 
354 
7901 
5530 
6293 
7165 
1832 
5251 
1416 
4791 
6957 
994 
1877 
1842 
1540 
3176 
2483 
3242 
4190 
5509 
6090 
5558 
5099 
4898 
793 
5556 
2066 
4891 
2890 
7239 
5537 
843 
1016 
6908 
5663 
3600 
5770 
5643 
2669 
7611 
425 
5430 
1968 
2543 
264 
4917 
1967 
1280 
3573 
5446 
3663 
458 
3729 
3083 
1978 
1685 
7306 
3187 
5989 
4927 
2339 
3971 
5976 
2964 
3248 
3632 
7451 
1556 
5631 
3770 
6336 
2835 
495 
517 
623 
4662 
6527 
7872 
7273 
680 
7302 
6995 
7582 
2751 
4086 
895 
1356 
7402 
396 
7956 
6888 
7042 
927 
4272 
3556 
1962 
263 
2488 
6547 
1918 
7181 
3136 
6158 
945 
6847 
3857 
2803 
7643 
1653 
2368 
1110 
695 
7353 
371 
4474 
774 
2110 
1814 
1563 
771 
1202 
1117 
1474 
381 
67 
2116 
2623 
6392 
2423 
4074 
6844 
1611 
4759 
6424 
7493 
2602 
5686 
2137 
3998 
548 
3880 
4598 
1077 
5157 
3080 
3283 
54 
6771 
2946 
2662 
3704 
605 
1712 
845 
6687 
1847 
2361 
6627 
1789 
208 
2993 
7574 
7562 
7554 
6565 
4829 
4017 
1859 
6097 
2020 
3 
2952 
3499 
7543 
395 
5907 
5339 
5173 
7093 
1483 
6073 
1517 
1337 
7715 
2416 
2691 
5941 
1622 
1194 
4023 
4641 
3298 
5901 
1372 
6079 
5030 
6961 
537 
1663 
10 
2645 
4150 
4401 
3592 
2394 
2402 
4871 
3000 
1206 
3698 
1150 
3765 
3938 
5278 
3076 
985 
2009 
7483 
6789 
3538 
3843 
1306 
7919 
5625 
6558 
1396 
4072 
7272 
1054 
5228 
81 
1721 
7740 
5568 
3681 
4416 
2004 
1696 
3418 
1816 
1508 
1407 
5270 
4486 
7703 
5997 
4934 
5512 
7488 
7856 
7568 
269 
7484 
2084 
2194 
7520 
1537 
5653 
159 
1081 
6180 
6272 
1841 
3919 
3140 
2934 
31 
4770 
4230 
6884 
2728 
2309 
3174 
3392 
444 
6214 
2526 
150 
1318 
3124 
1026 
3633 
4194 
6734 
738 
5899 
4824 
4092 
1447 
4073 
961 
5996 
317 
3648 
4500 
2885 
2674 
2573 
2772 
2983 
3855 
7790 
2201 
1974 
6139 
7955 
1546 
5216 
1516 
4021 
3369 
2430 
1898 
6365 
7687 
1914 
2585 
4223 
249 
1295 
4211 
1792 
6915 
2815 
823 
4860 
1499 
712 
15 
6673 
918 
3254 
863 
5124 
4270 
1261 
2480 
7142 
2185 
7193 
4125 
2042 
6159 
3679 
2344 
1284 
185 
1158 
653 
853 
5482 
6292 
6864 
4630 
6598 
4391 
821 
4294 
5866 
4022 
342 
6456 
4784 
3534 
3530 
620 
2310 
1045 
6780 
7095 
3255 
2882 
3960 
3142 
7752 
3817 
7756 
3649 
6151 
5890 
2716 
1285 
2170 
7099 
6323 
7420 
3713 
7734 
7535 
5836 
452 
7238 
6569 
5718 
5108 
1694 
1053 
1930 
2639 
2891 
3854 
547 
7964 
4673 
6143 
5485 
2517 
4410 
3867 
6178 
4504 
3064 
5528 
4209 
2744 
1791 
7614 
2795 
3082 
3427 
2651 
5112 
2098 
7705 
1532 
6916 
4566 
4546 
103 
6996 
2095 
7532 
6052 
682 
1896 
3233 
1139 
5680 
5038 
5855 
1923 
768 
7675 
5303 
2491 
4254 
4514 
6728 
3743 
3933 
6609 
3673 
2605 
5104 
6109 
5274 
5190 
5014 
3469 
2306 
6050 
668 
7730 
3934 
6216 
5756 
6387 
4382 
7971 
53 
1589 
4515 
5293 
2347 
7258 
5197 
6685 
7255 
6279 
3671 
3776 
1822 
912 
4866 
6074 
6601 
5845 
3576 
2650 
3755 
7721 
5913 
2953 
2081 
5497 
1222 
4140 
1937 
4700 
1229 
2654 
3391 
1199 
7167 
3537 
309 
5924 
1778 
1526 
5134 
4350 
2489 
4786 
1983 
2506 
298 
2785 
7501 
7693 
4046 
515 
2705 
1754 
2010 
1987 
4104 
6991 
1548 
2496 
3444 
2118 
5649 
4981 
4678 
2457 
1336 
4913 
5546 
4241 
4856 
6096 
7025 
7377 
5961 
6194 
6930 
4315 
2333 
5132 
4483 
4313 
7191 
3231 
5006 
4996 
627 
5342 
7847 
7381 
6968 
4250 
4433 
4114 
2498 
3496 
6016 
2860 
7807 
1275 
5679 
6985 
4776 
4120 
3977 
1848 
4651 
4496 
2315 
2903 
2557 
7233 
7037 
904 
7172 
4794 
6720 
6210 
707 
3219 
5816 
5201 
5810 
3211 
3425 
6718 
641 
2058 
4989 
7883 
5582 
1119 
4170 
6640 
7412 
4712 
887 
5684 
7699 
403 
4392 
4480 
2962 
2141 
6368 
2942 
2748 
3805 
2334 
1409 
5510 
714 
3267 
4894 
4371 
2444 
1943 
2396 
3381 
6253 
5878 
6809 
235 
7765 
5397 
4810 
4259 
7982 
1421 
1894 
6004 
3970 
2575 
4276 
7920 
5128 
7960 
3396 
4215 
2729 
169 
3891 
5945 
2687 
6852 
5360 
3832 
6644 
3247 
7749 
1602 
6955 
2700 
571 
293 
3557 
2790 
1383 
3436 
1432 
4187 
404 
4835 
3829 
3330 
1676 
6672 
3939 
6521 
5871 
2883 
6965 
7328 
940 
3322 
21 
3775 
7008 
4220 
6595 
398 
7179 
2410 
7376 
1429 
1533 
743 
7513 
1329 
6287 
3518 
5508 
6037 
7391 
6597 
3985 
6393 
3104 
1463 
3071 
4243 
5115 
5925 
1873 
152 
2813 
1788 
4099 
2097 
7537 
7192 
5269 
6518 
7045 
1770 
4842 
1852 
427 
4527 
7285 
4604 
5579 
2604 
7539 
3250 
3380 
1324 
2978 
6572 
7516 
7398 
4493 
3137 
6837 
5587 
1338 
4586 
1728 
144 
4360 
851 
7038 
3996 
5477 
336 
4499 
1360 
1682 
7219 
1448 
3107 
7800 
7616 
1245 
3587 
5491 
6157 
7474 
889 
3916 
4559 
559 
7286 
4831 
5723 
6142 
5753 
5267 
6710 
4299 
1028 
5256 
4734 
2802 
2062 
1626 
882 
585 
2933 
4767 
7205 
2683 
6836 
2782 
4115 
297 
4672 
7073 
326 
5294 
4359 
4912 
1351 
7927 
2013 
160 
849 
211 
1938 
1149 
7704 
5624 
2354 
3553 
2837 
1701 
4014 
6188 
4988 
203 
5951 
6951 
6100 
2834 
299 
1564 
3804 
1607 
3701 
5310 
7350 
6302 
1314 
164 
5470 
5944 
2884 
6317 
896 
7557 
2838 
3017 
3877 
6290 
4999 
7868 
2531 
7882 
6952 
4398 
462 
3687 
1511 
1958 
312 
6297 
221 
4264 
470 
6843 
7785 
7385 
4613 
1226 
4888 
3149 
670 
1609 
1269 
969 
619 
1051 
1090 
492 
6363 
3809 
1964 
7944 
1955 
5642 
494 
7469 
6024 
1826 
6438 
977 
5069 
2697 
6792 
1629 
6283 
3562 
2745 
1658 
2471 
1794 
6064 
1037 
1766 
1683 
3769 
4490 
351 
616 
869 
5752 
1038 
6696 
3075 
6779 
3624 
6402 
4764 
13 
935 
3524 
6047 
5114 
3959 
4108 
5295 
89 
1636 
366 
2561 
3033 
4890 
5861 
4182 
4061 
3145 
426 
981 
3362 
1876 
2132 
1751 
5711 
700 
5400 
4011 
4722 
2455 
7117 
187 
2606 
3120 
7470 
2451 
2284 
3708 
2915 
3451 
252 
216 
6186 
3978 
1567 
7729 
2508 
4795 
1763 
6346 
5977 
5441 
5180 
5187 
656 
6435 
397 
5621 
2524 
5209 
4608 
5055 
5402 
2538 
5193 
7374 
952 
7139 
3639 
2503 
344 
5272 
1309 
4024 
3912 
6717 
5892 
3668 
5182 
1565 
1120 
2596 
4012 
4040 
5689 
5415 
3811 
5840 
4006 
6088 
7778 
4977 
3051 
4340 
449 
1539 
1739 
672 
5380 
756 
7743 
4161 
2765 
66 
4461 
5757 
6539 
5423 
6784 
4660 
2937 
2896 
6002 
3223 
1415 
4876 
3864 
1650 
1985 
6391 
7464 
7881 
4740 
1519 
2759 
1103 
3847 
6057 
6035 
5965 
923 
7548 
762 
5911 
140 
3777 
5494 
5538 
546 
1957 
7360 
4625 
6043 
3767 
5819 
6552 
3588 
7681 
651 
2360 
341 
1695 
1986 
7792 
1465 
217 
1810 
1210 
3568 
4701 
6665 
5297 
143 
7842 
7521 
1073 
3502 
3980 
1317 
899 
812 
433 
647 
2807 
7259 
580 
1889 
96 
1727 
3342 
2001 
1326 
4237 
2733 
1230 
91 
3479 
6636 
227 
850 
7309 
2730 
4016 
6984 
4789 
7351 
6490 
3173 
6444 
7630 
4645 
442 
4424 
5037 
7203 
6496 
6261 
261 
3272 
519 
3435 
7957 
7753 
5896 
6749 
2021 
4948 
2939 
7697 
7186 
6020 
7169 
983 
357 
7372 
1808 
2074 
1507 
3659 
4634 
2477 
1500 
5554 
4390 
7036 
7766 
1046 
3922 
6790 
7720 
1578 
3002 
759 
4439 
5504 
3552 
7027 
4205 
3274 
7900 
333 
6580 
5608 
2436 
5576 
509 
92 
6198 
4168 
2553 
4286 
7007 
7011 
554 
7604 
1888 
4100 
1027 
7373 
3735 
2482 
1566 
7607 
6735 
1608 
5086 
4534 
5858 
4349 
2624 
3284 
2747 
6131 
6551 
6584 
972 
6284 
1813 
5573 
5532 
6075 
4322 
7561 
7278 
6832 
135 
7247 
4222 
6926 
5067 
3121 
4787 
4932 
550 
7078 
982 
6081 
765 
2018 
1241 
6012 
4867 
2868 
2140 
7731 
7210 
6807 
2804 
2567 
270 
3636 
1176 
4302 
6820 
82 
2725 
7822 
2143 
5698 
7961 
7922 
3472 
4266 
241 
237 
626 
3154 
2446 
3204 
3783 
914 
5121 
490 
7021 
1145 
4539 
6925 
5860 
1443 
7663 
3675 
7677 
2177 
4547 
4941 
123 
5788 
6994 
7646 
2840 
520 
4337 
722 
1307 
6465 
3408 
6405 
6711 
1952 
2619 
5174 
7569 
2600 
7438 
4185 
3883 
6977 
7043 
6247 
350 
2569 
5051 
6176 
4210 
6406 
2415 
229 
5963 
4217 
5979 
6401 
7991 
5261 
6876 
355 
7218 
4054 
6119 
1966 
6324 
7924 
3748 
7476 
7887 
1288 
2675 
7284 
214 
2918 
6941 
6126 
5365 
4972 
7163 
7903 
3146 
5918 
6677 
2577 
4192 
6418 
7048 
5672 
7411 
1391 
7 
3224 
6782 
6441 
1667 
1637 
5657 
4964 
3742 
7509 
5344 
2666 
4830 
6072 
2336 
7917 
3612 
6122 
3388 
5094 
3621 
220 
7685 
7878 
958 
6412 
7461 
3617 
7194 
334 
1718 
785 
7419 
2533 
7408 
7994 
7662 
4590 
7089 
5374 
4850 
987 
4629 
6417 
174 
3564 
7308 
1616 
5914 
4555 
1405 
7528 
6826 
5291 
6125 
367 
7633 
529 
2340 
5404 
4812 
296 
4882 
2635 
736 
3506 
224 
6267 
1692 
1330 
7719 
7170 
7319 
3021 
5035 
3752 
5724 
4449 
2380 
5377 
7867 
4755 
7612 
1678 
5165 
7897 
6241 
6162 
20 
6794 
1353 
5583 
3823 
4465 
2233 
7941 
2668 
2226 
6242 
6703 
4863 
1951 
7668 
1253 
2995 
5359 
2900 
2167 
5677 
319 
2401 
4381 
2829 
3522 
5747 
662 
1165 
2454 
2893 
2051 
1056 
2892 
5044 
7314 
7355 
7312 
4355 
6307 
5087 
5175 
6743 
676 
2429 
881 
6130 
1693 
1322 
4448 
2206 
6929 
4207 
7138 
6553 
5401 
3417 
7966 
7276 
737 
7892 
4341 
4985 
5015 
2064 
4563 
3289 
832 
1936 
3692 
1787 
3799 
2599 
5191 
770 
6931 
703 
1064 
3651 
4183 
1732 
6440 
2707 
2024 
5195 
251 
365 
2060 
450 
1830 
7457 
6282 
1874 
535 
4536 
6087 
4572 
532 
2760 
7211 
2771 
5314 
1525 
4090 
4176 
2709 
6645 
5520 
3067 
715 
5802 
2887 
5574 
3150 
4284 
486 
6881 
7546 
6120 
6944 
6260 
6591 
6369 
7884 
3364 
6727 
4082 
721 
6147 
885 
6175 
3302 
3577 
5302 
6183 
7728 
6381 
5213 
5725 
4990 
6414 
114 
5054 
6045 
6855 
5258 
1949 
4042 
3696 
4748 
2504 
4219 
6854 
4879 
542 
2848 
6880 
6563 
7698 
5029 
4736 
2774 
5555 
1601 
1164 
7547 
7059 
4148 
1257 
7370 
1610 
1606 
5809 
6819 
2512 
3373 
1991 
4369 
7347 
5779 
3957 
5934 
2968 
6549 
1244 
7147 
1902 
4482 
4532 
6156 
7910 
3827 
3385 
6428 
6056 
6078 
7669 
5170 
730 
7725 
3253 
4102 
6497 
3582 
8000 
4035 
6132 
3181 
3426 
2 
1162 
581 
407 
5481 
6195 
7416 
75 
3182 
7515 
2048 
5745 
4235 
6487 
7403 
4411 
6713 
5478 
1543 
2205 
3117 
2246 
1101 
6039 
6959 
4769 
1233 
4705 
308 
3291 
6938 
4540 
3054 
875 
3567 
2505 
2164 
2025 
5077 
7406 
5283 
1710 
5013 
290 
5329 
1909 
6956 
6568 
6817 
7342 
888 
133 
946 
6341 
29 
4753 
3135 
4177 
1837 
5609 
4468 
1784 
6213 
1827 
4384 
4246 
739 
5440 
2121 
2449 
6562 
5792 
4549 
5366 
2345 
2855 
2115 
4911 
5426 
2232 
3488 
4320 
1946 
3921 
7936 
7791 
6532 
3114 
3720 
1980 
5384 
854 
7447 
6641 
4068 
1111 
5351 
2507 
4248 
5599 
4664 
6207 
25 
2713 
3042 
6932 
1793 
3711 
5032 
2490 
7122 
4707 
2692 
3166 
3731 
5139 
6308 
4682 
2304 
2096 
6911 
3853 
4646 
2726 
6328 
688 
3480 
4109 
5318 
7712 
6155 
4669 
7465 
139 
106 
2217 
4175 
7805 
3803 
4684 
4029 
3514 
7511 
7291 
7200 
2522 
2241 
7590 
6764 
798 
1060 
5999 
6354 
7987 
5874 
4064 
275 
4587 
6447 
5975 
282 
1001 
1861 
1477 
5358 
7311 
2314 
6457 
6048 
5456 
1903 
980 
7100 
7049 
4105 
4159 
2050 
6060 
7831 
938 
7440 
1216 
6396 
7641 
3747 
2272 
2247 
7948 
7776 
847 
5606 
3262 
2219 
6006 
4298 
1431 
1831 
988 
4160 
3565 
6421 
4001 
1854 
5179 
2242 
1746 
3700 
6751 
7246 
1339 
2131 
5540 
1268 
4321 
1979 
5312 
2818 
6400 
917 
934 
4311 
5260 
5610 
5412 
5138 
706 
6805 
6822 
2689 
4379 
6831 
6254 
2435 
5100 
6786 
6099 
7257 
6663 
3482 
5207 
3763 
5811 
2239 
58 
757 
7915 
5232 
2515 
838 
5562 
2528 
1773 
5980 
1393 
3259 
5348 
5548 
3946 
4881 
1462 
3405 
2825 
3841 
5144 
5870 
3309 
40 
7236 
1452 
7640 
4281 
2967 
1869 
6499 
6804 
681 
4307 
1343 
3676 
4446 
7635 
3941 
3609 
5163 
4524 
1400 
4653 
1708 
4229 
1554 
4213 
7428 
3232 
3058 
5641 
6404 
1035 
7232 
5479 
5211 
2144 
974 
4444 
3003 
1872 
7213 
5877 
5847 
3697 
5019 
2329 
6429 
173 
1897 
3163 
3865 
2930 
7913 
1224 
6625 
6219 
4951 
3603 
4883 
5776 
321 
898 
2732 
1334 
2363 
4343 
4335 
3950 
694 
2907 
4256 
6103 
2184 
439 
3350 
4576 
538 
5696 
4943 
1753 
5398 
6076 
6986 
236 
4188 
1006 
4003 
7981 
6174 
364 
4469 
2473 
5695 
1108 
803 
3270 
6830 
5737 
5826 
2420 
4947 
2841 
7864 
3098 
4221 
2560 
1621 
27 
4048 
1074 
1442 
7091 
6 
1408 
83 
2094 
1305 
311 
5841 
7343 
3464 
6815 
1475 
3807 
7505 
4554 
3766 
2870 
2987 
1414 
5089 
4277 
4330 
4283 
6678 
6990 
1184 
7639 
2984 
2693 
6432 
3412 
7512 
7362 
3642 
5651 
5083 
5721 
1681 
5142 
4616 
6301 
2075 
4958 
1765 
4846 
6032 
4580 
482 
5381 
4709 
4971 
2216 
1806 
2672 
42 
7023 
2294 
5577 
3023 
6863 
5744 
5220 
3450 
1218 
4258 
859 
5784 
6205 
894 
2824 
5495 
919 
4843 
841 
6228 
7507 
4214 
2752 
1078 
4132 
1570 
4749 
2640 
4459 
3299 
179 
7369 
2587 
5604 
1654 
7909 
1523 
131 
2690 
2327 
3484 
2260 
5990 
3448 
3221 
4044 
2749 
6702 
3189 
5349 
4967 
1515 
7477 
4819 
469 
1961 
2688 
1052 
2901 
287 
842 
4420 
7969 
2586 
3725 
1418 
993 
5383 
3598 
5322 
5317 
6051 
6637 
6184 
4799 
1335 
3271 
1932 
1911 
5798 
3495 
6108 
7392 
4363 
1114 
2678 
6027 
7885 
3693 
7178 
7237 
2029 
6166 
7989 
3780 
3326 
3225 
5772 
3963 
7988 
3030 
567 
6337 
6872 
6942 
2625 
3952 
781 
3329 
2235 
7495 
153 
4191 
7063 
5289 
7012 
6768 
3477 
4739 
6434 
7671 
7266 
7947 
2998 
5061 
1009 
6556 
2852 
4884 
1203 
5886 
1456 
5279 
2817 
7390 
7297 
4167 
2342 
2924 
3686 
4859 
45 
4507 
3028 
1104 
7733 
807 
3441 
1171 
3707 
3505 
991 
7828 
5922 
204 
3869 
6437 
4877 
4137 
6904 
7636 
3678 
1948 
1697 
1998 
4437 
6493 
2161 
4844 
428 
7893 
2343 
1577 
3337 
1725 
5584 
167 
3456 
3889 
7430 
7694 
1380 
2576 
4809 
4797 
1412 
483 
6891 
5635 
5122 
285 
7137 
5149 
705 
2040 
3275 
2452 
7996 
4233 
5382 
1263 
6606 
3718 
4372 
6225 
4201 
2047 
7322 
6963 
5898 
7386 
2746 
7797 
1620 
5716 
7148 
4733 
5143 
733 
6773 
3026 
5288 
448 
4782 
2117 
7105 
7905 
6443 
7054 
1659 
5973 
3964 
4980 
7479 
5407 
5987 
2245 
6360 
5300 
4309 
5887 
5955 
794 
268 
1406 
5549 
5266 
2904 
1228 
315 
4438 
1669 
5597 
3734 
475 
2796 
3539 
2059 
6128 
2229 
7126 
1403 
5432 
192 
7600 
4361 
3095 
7468 
6333 
2739 
1700 
6187 
1824 
7212 
3828 
181 
1742 
4326 
1123 
7335 
7066 
4790 
302 
7583 
6841 
6733 
2302 
3862 
4756 
4366 
7845 
4155 
3761 
2109 
5425 
1956 
953 
3376 
1494 
3574 
6800 
1079 
1209 
3214 
5699 
6890 
4032 
3476 
7997 
6533 
500 
6812 
7274 
2681 
1735 
7706 
36 
2034 
4308 
6883 
5389 
3674 
7902 
412 
6709 
7846 
1887 
507 
3172 
4873 
857 
1341 
4352 
2914 
3430 
6248 
7531 
6171 
2078 
7849 
3062 
7525 
76 
2501 
1809 
5484 
2087 
2431 
2534 
947 
5614 
440 
628 
5547 
791 
6823 
778 
7559 
2655 
2231 
2107 
5101 
5027 
2421 
3926 
41 
7204 
5072 
1086 
5593 
5619 
5239 
7145 
5958 
7540 
7850 
3101 
3213 
7825 
7472 
1225 
7894 
165 
3210 
4689 
7702 
7348 
6091 
4987 
6426 
7375 
4473 
4585 
1503 
5354 
7888 
5687 
4445 
5868 
4412 
586 
4596 
1273 
5263 
7696 
3630 
6870 
5346 
3192 
4808 
339 
1067 
4865 
6203 
1490 
3852 
1879 
7769 
2660 
6264 
3344 
941 
5743 
70 
6650 
3024 
5281 
2539 
5102 
5616 
4189 
3510 
4389 
3825 
3815 
5043 
2386 
6839 
4661 
5883 
2832 
5523 
7934 
5931 
1198 
4319 
2970 
4422 
6612 
2981 
1041 
6669 
1315 
2424 
3892 
5681 
2649 
3138 
7946 
5920 
4287 
3644 
4713 
6920 
6575 
2571 
6173 
2720 
5125 
755 
685 
3036 
4265 
3787 
2784 
2546 
7410 
4889 
5082 
1649 
1883 
726 
3170 
2388 
7701 
2773 
4503 
6239 
5048 
3304 
1082 
6212 
3629 
4010 
7171 
2461 
4004 
973 
5444 
3498 
1170 
3793 
7379 
7558 
3359 
6000 
2809 
6561 
5670 
1259 
6651 
7217 
1044 
7506 
3351 
3314 
1666 
7759 
3866 
3165 
3544 
5632 
5145 
6704 
809 
2920 
6895 
2443 
4408 
6488 
2413 
3113 
478 
7329 
1908 
7053 
6879 
7786 
6462 
4157 
2192 
2303 
7985 
1690 
6656 
5783 
5224 
2724 
3705 
2274 
2328 
7504 
2434 
1628 
6459 
3257 
1281 
7586 
5095 
4839 
6029 
7317 
4937 
8 
4567 
6723 
1890 
4578 
3808 
1187 
3550 
4455 
3152 
1684 
7124 
6448 
331 
5760 
5273 
3203 
5742 
3814 
1768 
7424 
3297 
4462 
1875 
5659 
6596 
1534 
7564 
6914 
6515 
5519 
7638 
7389 
2737 
356 
2371 
1759 
5320 
6461 
4825 
5049 
2277 
197 
3339 
5126 
90 
6653 
5676 
16 
1881 
4421 
5734 
7235 
931 
1132 
149 
1115 
3717 
3870 
1630 
6070 
6407 
1614 
2877 
5764 
5501 
1674 
7529 
1373 
1247 
4706 
3575 
2288 
2208 
7723 
6058 
2563 
3085 
2846 
1290 
4582 
6617 
3331 
1916 
5799 
3449 
5797 
259 
3789 
4376 
1815 
6517 
6028 
3246 
992 
636 
3758 
4174 
6268 
3400 
783 
1836 
2923 
100 
3874 
6943 
2338 
2045 
7556 
1512 
5830 
7880 
6112 
2151 
171 
7591 
7018 
2003 
1673 
2487 
1472 
4268 
1618 
7481 
5781 
4218 
7434 
3812 
6013 
1346 
5692 
3045 
710 
796 
3153 
5070 
4599 
1050 
5771 
4234 
767 
683 
5983 
7830 
3954 
1005 
1506 
7499 
3917 
5701 
4289 
1192 
1155 
7301 
3750 
2065 
4657 
198 
2823 
6554 
2326 
2559 
5884 
2330 
4589 
7275 
3768 
3184 
1615 
3940 
926 
4626 
7176 
7146 
5694 
7814 
1583 
213 
115 
1558 
7950 
2152 
5361 
7168 
406 
7979 
4679 
6620 
6987 
4617 
7248 
6736 
2980 
3041 
5648 
2820 
2696 
6935 
910 
2133 
562 
7827 
2909 
563 
3806 
844 
776 
5580 
2941 
284 
2699 
2183 
3301 
2254 
6869 
2179 
4347 
4961 
348 
513 
3685 
6476 
3044 
5372 
657 
4184 
1907 
725 
7896 
2873 
4327 
2130 
4702 
1729 
1524 
1954 
6398 
1003 
716 
1255 
7598 
3974 
6344 
5929 
5589 
6491 
6313 
5183 
6538 
329 
2230 
7533 
4607 
413 
2382 
488 
2199 
2351 
2057 
7299 
4592 
686 
1411 
5585 
5364 
5471 
4868 
1549 
7834 
533 
4083 
1214 
6719 
5707 
5888 
7963 
2615 
7798 
1635 
3637 
6511 
4675 
7296 
2509 
5007 
370 
2369 
313 
6008 
1921 
1590 
3279 
3695 
1509 
7467 
2783 
1301 
5130 
6737 
3816 
7631 
604 
4792 
4872 
1835 
4899 
5000 
1584 
4692 
984 
175 
7627 
7794 
6973 
55 
5188 
6077 
3052 
6504 
610 
4793 
4853 
3924 
3595 
1466 
2768 
422 
7055 
1370 
2190 
5158 
6706 
2516 
3089 
1552 
3551 
6664 
5046 
6616 
2812 
1795 
5531 
5352 
3657 
2779 
2404 
6271 
5909 
5098 
7293 
2286 
2082 
1579 
3785 
3590 
2497 
7324 
7575 
1359 
3931 
3295 
744 
4875 
1036 
6712 
6671 
3404 
4710 
4757 
1252 
3005 
2476 
7076 
2881 
5808 
3162 
3638 
6862 
7245 
748 
4609 
4261 
6967 
6353 
7625 
3015 
3077 
7796 
5782 
2312 
1699 
3127 
5697 
2938 
5691 
3209 
4584 
5168 
6089 
3009 
3661 
1992 
3169 
4560 
7926 
1934 
1856 
7599 
6372 
675 
5825 
2770 
4236 
7692 
4244 
4761 
7943 
693 
7552 
6662 
1867 
3757 
2492 
2171 
2685 
3328 
528 
2798 
1486 
4698 
6101 
2956 
5561 
1871 
3453 
6885 
5749 
6505 
5460 
3756 
5603 
5728 
950 
6149 
7491 
7426 
3753 
3540 
7195 
4454 
4517 
86 
5930 
6571 
897 
7577 
1011 
7990 
6007 
7160 
1116 
7029 
7133 
4781 
6309 
1963 
2722 
4112 
1776 
3467 
1600 
1478 
7396 
2112 
1332 
5748 
7216 
4231 
2076 
2723 
417 
2210 
2755 
5588 
560 
518 
2499 
4098 
5938 
6519 
818 
188 
6299 
4385 
84 
394 
5615 
1744 
3235 
1435 
5421 
7838 
5982 
551 
1048 
4077 
7044 
5592 
2282 
1899 
4103 
7974 
2671 
6349 
2438 
1476 
1215 
3724 
3240 
530 
2297 
1249 
178 
1279 
2636 
2994 
7305 
5647 
4935 
7940 
7620 
4963 
1942 
6646 
6388 
708 
4198 
3831 
4696 
3102 
6467 
5794 
3721 
4704 
4982 
975 
1156 
3382 
5227 
1399 
4196 
3264 
5133 
6383 
1704 
7087 
4028 
5409 
6330 
4057 
3433 
7017 
4097 
1002 
7727 
6691 
6262 
1274 
7421 
201 
7104 
7498 
7001 
5967 
4511 
6829 
3116 
6983 
2925 
4495 
2996 
3979 
378 
6610 
1634 
1915 
1761 
568 
7865 
3001 
2377 
2263 
1300 
5060 
4380 
418 
1502 
4033 
4858 
5793 
2169 
1458 
6765 
5287 
1127 
300 
7015 
6945 
7161 
3682 
1138 
5709 
804 
3333 
3190 
2128 
6739 
1419 
5786 
28 
7890 
5502 
3930 
5016 
2876 
1128 
3310 
180 
3053 
2558 
6871 
3097 
4430 
2111 
6321 
5843 
57 
4544 
3501 
506 
2090 
5136 
6982 
3307 
3237 
4946 
5438 
5492 
3226 
684 
6123 
556 
3462 
5988 
1528 
632 
4801 
7260 
232 
3123 
2061 
1595 
5284 
3300 
555 
921 
867 
6366 
6209 
6528 
1886 
6796 
7220 
3349 
6615 
2043 
2844 
4146 
1374 
361 
63 
4777 
4494 
772 
692 
4464 
6193 
1850 
4640 
3571 
3335 
7866 
5715 
4901 
4278 
2816 
5003 
3432 
64 
1638 
3465 
5763 
7784 
2819 
5800 
900 
3821 
4059 
7584 
5601 
3311 
191 
6018 
2332 
87 
5733 
5390 
3066 
5575 
6740 
1270 
6618 
5338 
2740 
7453 
3171 
7835 
2843 
6573 
1771 
4180 
2590 
4334 
18 
3303 
1286 
5511 
4622 
7028 
3365 
5937 
2616 
5551 
7601 
4601 
166 
1368 
5233 
3452 
97 
4737 
3419 
4880 
4928 
1369 
2028 
7820 
2789 
1152 
6134 
5189 
416 
3802 
6824 
4962 
6463 
3443 
1105 
294 
1302 
677 
594 
6295 
1580 
1180 
3813 
4528 
1126 
5343 
654 
4955 
1687 
1129 
1679 
609 
1344 
2544 
7393 
939 
1750 
1454 
7069 
1070 
3730 
4930 
3800 
3201 
1175 
3915 
6477 
209 
5617 
7180 
2850 
7970 
7526 
638 
2418 
3457 
5567 
6524 
5611 
3305 
1461 
7330 
5335 
1348 
5242 
5469 
5286 
7443 
7449 
7153 
3379 
7617 
2158 
7341 
5837 
6215 
4216 
5219 
1931 
2778 
5097 
5985 
136 
307 
11 
2677 
2800 
2447 
741 
199 
6222 
2123 
4238 
273 
4404 
3354 
6454 
1783 
4079 
1299 
4766 
206 
3415 
4841 
451 
666 
5536 
5960 
1680 
26 
3315 
861 
3652 
1283 
254 
5277 
5387 
582 
6520 
905 
4851 
1227 
5805 
5637 
4240 
7135 
437 
6111 
1212 
5517 
6634 
1772 
6543 
2908 
2366 
7014 
5916 
1929 
3074 
1828 
3399 
1767 
3691 
5835 
611 
3207 
392 
1555 
2658 
2227 
7256 
6285 
6997 
2383 
6833 
5123 
1940 
1376 
6105 
2393 
7448 
3645 
5700 
2711 
6661 
6643 
4037 
2564 
2520 
2407 
1022 
7682 
2237 
5834 
5564 
4588 
401 
5148 
6481 
7916 
2244 
352 
3972 
2162 
3801 
2974 
6802 
473 
4529 
787 
4577 
2898 
4193 
7585 
1250 
5236 
2821 
5940 
6600 
6676 
6059 
1094 
1928 
5299 
3627 
664 
6034 
1760 
3935 
524 
2349 
795 
827 
2620 
5057 
1457 
7442 
2259 
6577 
1631 
813 
1134 
1855 
674 
6801 
3662 
2574 
424 
3994 
1749 
1310 
7876 
598 
222 
4944 
1366 
4780 
6080 
5785 
7349 
6716 
6470 
2173 
4726 
5629 
5076 
400 
7121 
4008 
3605 
2269 
7995 
5140 
713 
2811 
2913 
5316 
6042 
4922 
4906 
7115 
3119 
6525 
2935 
345 
1737 
2012 
3222 
5852 
915 
1460 
1504 
1762 
2030 
4434 
531 
5433 
4968 
7534 
5777 
177 
6169 
429 
230 
1455 
142 
7605 
7307 
3345 
3372 
3620 
4874 
6905 
242 
80 
2150 
4063 
7367 
2839 
7658 
5230 
2646 
5923 
7545 
4066 
4804 
5452 
1122 
2663 
6408 
2629 
663 
2145 
5851 
7602 
3549 
2114 
1999 
3183 
7489 
1169 
4415 
3286 
2148 
7962 
493 
3512 
3951 
5367 
6652 
1063 
4362 
7407 
7674 
2405 
5442 
7016 
600 
1323 
6498 
4388 
2257 
3313 
1625 
4631 
6322 
5199 
2589 
4919 
1713 
3258 
2308 
4406 
5059 
903 
1796 
60 
1919 
7676 
3840 
1347 
4738 
3558 
6799 
4036 
856 
6838 
4383 
5196 
729 
4447 
6658 
942 
6922 
340 
7688 
5545 
1910 
6814 
3942 
959 
1953 
2775 
769 
3461 
1124 
3096 
3139 
5474 
4123 
4711 
3428 
3486 
1085 
6748 
1617 
6875 
5475 
3111 
6062 
2880 
7034 
2899 
3887 
6811 
7327 
3893 
3984 
6667 
5612 
3904 
3578 
1211 
5483 
7592 
6803 
3228 
6688 
6327 
7326 
4760 
2104 
2897 
7508 
3012 
7332 
155 
6427 
3781 
3667 
4093 
1436 
5476 
3118 
825 
113 
6430 
3868 
908 
4332 
3760 
1925 
267 
1995 
565 
7899 
7976 
2911 
2236 
799 
2212 
5167 
5466 
4368 
7068 
5350 
2251 
4643 
3324 
2287 
1087 
2365 
3437 
7648 
7455 
1023 
5395 
6639 
1193 
4002 
6036 
7357 
3282 
7092 
5392 
1223 
2069 
4275 
3217 
6168 
6436 
223 
6775 
614 
7020 
1726 
5253 
1480 
7912 
3706 
7129 
2787 
2552 
3193 
7579 
7432 
764 
1296 
1471 
6083 
3947 
7003 
2352 
7942 
4173 
7132 
7280 
1190 
2068 
2356 
101 
5096 
4502 
5327 
7010 
2433 
7550 
4731 
7844 
1333 
7085 
3837 
4870 
4387 
3439 
1384 
6227 
4650 
2719 
253 
5602 
7051 
4101 
7500 
3833 
4094 
3336 
7111 
4887 
6315 
1665 
7441 
2549 
1853 
7986 
2464 
6900 
7208 
6621 
579 
1019 
1320 
557 
68 
2295 
1147 
2792 
7571 
7159 
2598 
6960 
6479 
6154 
5660 
4152 
3641 
3796 
491 
4131 
1388 
4602 
3842 
4252 
5333 
4239 
7732 
5645 
3458 
7304 
7067 
1975 
3319 
7664 
7118 
2990 
1905 
6993 
1714 
541 
699 
4583 
7695 
2927 
1797 
2320 
4694 
968 
3848 
6116 
4633 
6233 
1007 
7444 
3626 
441 
5710 
2910 
2486 
948 
7700 
576 
2172 
3347 
6041 
6642 
5237 
4043 
2026 
4333 
2238 
4965 
3634 
3702 
2218 
2738 
6375 
4923 
4605 
5638 
5952 
2947 
4200 
6061 
2168 
6494 
4845 
6005 
7854 
1071 
4820 
3073 
112 
2163 
7645 
410 
6152 
828 
399 
4666 
3901 
5243 
7397 
3241 
886 
4138 
4087 
1188 
5305 
1668 
71 
6185 
6033 
2618 
5761 
1551 
1670 
1632 
7538 
5926 
3850 
3205 
5500 
172 
3604 
615 
790 
3398 
2614 
1451 
423 
6361 
5119 
6989 
4788 
6063 
2686 
1185 
2617 
1015 
5472 
2665 
4158 
189 
1972 
3407 
7832 
176 
2680 
7005 
7689 
766 
596 
1736 
88 
1319 
6502 
2943 
4595 
1990 
5804 
1385 
1501 
34 
3956 
2475 
1428 
3968 
2525 
6860 
7075 
3393 
1541 
3179 
4516 
3473 
7401 
6583 
2704 
7064 
1598 
5767 
7175 
5445 
4970 
1355 
2754 
689 
460 
7870 
2450 
3973 
930 
2414 
3500 
391 
6599 
6382 
3740 
728 
1265 
3958 
7965 
6566 
1496 
3414 
5009 
4718 
1313 
1321 
4976 
5750 
4172 
5705 
913 
6948 
3497 
6231 
291 
5820 
5041 
1402 
110 
1066 
2293 
5487 
162 
7886 
1267 
4778 
566 
3244 
5411 
3013 
5947 
1029 
6746 
612 
265 
3936 
4324 
6759 
5422 
6342 
157 
4095 
5942 
2801 
4206 
2757 
701 
4905 
6495 
3886 
1387 
4227 
3411 
2985 
6133 
3318 
2667 
5031 
6378 
6760 
811 
94 
3548 
2011 
7226 
1866 
5720 
839 
2000 
6340 
6581 
4925 
2580 
3208 
6094 
6172 
4497 
5486 
2022 
6892 
5966 
2761 
4058 
5762 
7859 
2652 
2502 
5129 
4746 
4949 
5518 
5217 
5706 
4716 
7107 
1100 
5457 
3389 
3759 
1492 
5787 
5436 
2273 
6821 
6386 
6373 
6659 
2262 
7999 
2954 
3156 
6425 
7436 
3079 
3914 
4071 
2270 
569 
789 
6335 
7482 
1394 
7209 
5636 
5024 
4228 
4936 
2485 
5040 
6071 
4639 
6416 
5403 
4300 
5908 
1240 
46 
2174 
3547 
5161 
3999 
4325 
74 
5202 
5355 
1588 
3851 
7478 
2556 
7588 
1707 
3665 
3818 
5803 
7241 
1591 
7346 
5226 
7206 
5111 
1996 
2698 
6927 
2603 
3312 
5362 
3375 
3007 
5039 
5246 
7710 
2101 
7445 
1756 
3876 
19 
3982 
4471 
2847 
1140 
1236 
183 
5025 
6270 
526 
7595 
3559 
4081 
7741 
1148 
3141 
323 
5607 
6257 
7072 
621 
5240 
3367 
47 
6827 
584 
1168 
7523 
7022 
7000 
7189 
3902 
6144 
4659 
3180 
2285 
7244 
2548 
4765 
4570 
6934 
195 
6660 
6750 
1375 
1715 
318 
2874 
6953 
3736 
4806 
6962 
3410 
630 
5702 
1136 
1769 
4149 
7333 
7853 
1781 
4581 
4621 
1973 
3112 
50 
6907 
5084 
2146 
2583 
6522 
5023 
2453 
4441 
4717 
6655 
1717 
5773 
660 
7221 
3057 
3895 
5738 
1518 
624 
3820 
2657 
5212 
2854 
1984 
7004 
2203 
1575 
7310 
6972 
2411 
6969 
7737 
5993 
5735 
6670 
1049 
1354 
363 
215 
1437 
2136 
2750 
7325 
2776 
1401 
7841 
543 
4165 
6431 
2542 
4723 
7709 
2607 
1619 
4800 
650 
3260 
7649 
6395 
697 
2299 
4798 
121 
2791 
4895 
7914 
7517 
7352 
4715 
2335 
6763 
3515 
4921 
603 
1878 
7298 
2389 
6236 
4279 
6280 
3273 
511 
6485 
7576 
6619 
7802 
4297 
3280 
1043 
6082 
5623 
5464 
2258 
4565 
2695 
957 
3212 
4708 
3220 
430 
2357 
1031 
2628 
5435 
583 
7980 
5443 
7860 
5831 
3317 
5560 
7494 
2155 
1095 
6861 
146 
724 
2125 
2922 
3948 
4758 
4296 
5176 
5146 
5569 
6897 
5052 
7382 
602 
3394 
989 
6358 
2384 
2584 
3287 
4009 
1096 
1939 
2988 
6783 
7958 
1371 
6614 
1604 
6774 
1819 
3167 
434 
5774 
4562 
4569 
1933 
5004 
4721 
4280 
3689 
7262 
3570 
314 
5515 
6452 
1243 
6316 
7140 
3712 
1568 
883 
7253 
7833 
870 
2872 
420 
1430 
3690 
591 
2581 
7754 
5957 
6705 
6367 
5626 
194 
6106 
3599 
3555 
7041 
5751 
745 
5954 
4945 
7088 
6683 
2129 
4370 
7199 
4966 
643 
4271 
3027 
2537 
7490 
5552 
2085 
7939 
3218 
928 
1059 
5630 
5759 
3988 
837 
2753 
7567 
7340 
3830 
3072 
3470 
3563 
6732 
2805 
1440 
6589 
2364 
1959 
2510 
3238 
7952 
5856 
7395 
3256 
7745 
4429 
6693 
933 
4312 
2644 
749 
7492 
7657 
6104 
5859 
3656 
3835 
4805 
1950 
5248 
2523 
6355 
4924 
3230 
2092 
711 
3081 
2769 
5935 
2702 
3234 
1141 
5353 
1278 
2093 
6729 
3554 
1084 
4144 
3992 
5755 
379 
4774 
6507 
4600 
5842 
3429 
1913 
1131 
3019 
6893 
1805 
1965 
593 
2536 
5766 
4364 
5074 
6014 
2734 
3087 
3011 
2296 
2929 
2530 
6604 
860 
385 
4975 
2138 
7746 
7251 
1647 
4204 
3285 
6590 
7083 
7848 
1790 
3446 
5454 
3655 
7857 
4467 
553 
1179 
4344 
4636 
4762 
1042 
6694 
7722 
6182 
1298 
2830 
1262 
7318 
7090 
858 
1481 
7581 
141 
6856 
1178 
5319 
3987 
1034 
2767 
6009 
5026 
4142 
5334 
7300 
6868 
4242 
7497 
1142 
353 
5012 
5948 
1594 
5550 
5063 
5622 
1627 
2324 
2200 
1468 
3356 
4118 
4026 
4405 
5208 
1561 
5396 
4561 
5719 
3680 
960 
384 
1920 
7265 
3523 
4530 
3516 
7345 
2595 
2992 
6298 
4065 
5064 
107 
286 
7214 
7039 
718 
2281 
128 
5345 
3739 
4345 
6464 
5461 
5324 
2673 
1833 
168 
7691 
2126 
1547 
4826 
4695 
1381 
1254 
2613 
3325 
6220 
1287 
2494 
5968 
4885 
6806 
7665 
1720 
6483 
734 
3416 
3709 
7282 
5194 
5172 
5919 
3611 
7596 
866 
2879 
7422 
69 
2472 
1733 
1146 
5214 
17 
1386 
5439 
5526 
5090 
2532 
3489 
2178 
3370 
33 
6294 
2541 
1239 
4195 
508 
7874 
7134 
4687 
3871 
6818 
6592 
3236 
3995 
7757 
3566 
800 
6509 
1576 
2359 
6692 
5729 
4329 
5639 
925 
1521 
2055 
1505 
5231 
1571 
5563 
990 
2463 
2181 
6919 
7801 
954 
6633 
5714 
7907 
5703 
5081 
1559 
4452 
4133 
5644 
7158 
3032 
1260 
3628 
944 
1121 
411 
5033 
7803 
3401 
3654 
7619 
5391 
7603 
419 
2976 
561 
4550 
6390 
7320 
6928 
574 
5667 
7713 
1510 
1522 
250 
4151 
2267 
966 
2134 
6197 
4117 
7869 
3043 
1444 
5627 
44 
810 
4251 
599 
7094 
1204 
2633 
7061 
1 
6146 
4952 
6762 
6681 
634 
1197 
6954 
77 
3773 
3703 
6550 
5053 
4655 
3746 
7519 
485 
3546 
2054 
6933 
3583 
5308 
6587 
6338 
4255 
1143 
852 
6265 
2866 
2100 
1328 
4498 
4107 
817 
1091 
4697 
7080 
7425 
3560 
608 
5984 
5970 
3341 
965 
5839 
1004 
2311 
2375 
5153 
272 
5666 
3471 
1102 
6492 
1195 
6433 
5905 
4838 
5917 
2031 
773 
1256 
3061 
4418 
3332 
5428 
1450 
3826 
1545 
1331 
4676 
7079 
2120 
1994 
4162 
3100 
2292 
4374 
154 
332 
1177 
673 
3519 
30 
3616 
4263 
375 
2945 
7144 
7587 
7224 
6038 
1272 
7935 
72 
2864 
6092 
6218 
3905 
474 
7323 
3672 
570 
95 
3508 
2197 
4089 
1135 
1645 
4056 
6626 
4025 
5160 
7978 
3200 
986 
3144 
1569 
7736 
7551 
2353 
4472 
911 
3839 
7553 
5505 
865 
2052 
6795 
2706 
6699 
6846 
7993 
6310 
1076 
3357 
4556 
2372 
2033 
2957 
4336 
3308 
7371 
3249 
3251 
5524 
2715 
4301 
9 
5159 
1495 
6046 
639 
545 
7750 
4635 
742 
5662 
6217 
3647 
4768 
5325 
6449 
2578 
4139 
3493 
7938 
3888 
6095 
5833 
3610 
5330 
7622 
2188 
4232 
2204 
1655 
3684 
7267 
922 
5245 
5249 
1118 
1423 
1745 
830 
3920 
118 
855 
6086 
3937 
2656 
7855 
2572 
6849 
5328 
1350 
2214 
505 
2972 
5306 
7128 
6474 
1340 
4386 
7182 
2038 
4510 
1445 
1703 
5120 
1282 
876 
4396 
5880 
1160 
6510 
1459 
2469 
7271 
5730 
7829 
5986 
4910 
271 
786 
6536 
6030 
2582 
463 
3715 
4432 
6422 
7717 
2428 
5933 
137 
7084 
7114 
5045 
7530 
6117 
5665 
4658 
2298 
5368 
3631 
1734 
359 
3346 
4451 
408 
12 
7637 
2318 
5838 
5817 
6845 
4773 
5424 
1382 
4316 
871 
5109 
1927 
5543 
7427 
1633 
1217 
2225 
3110 
1557 
6859 
652 
5001 
5658 
6148 
1724 
7097 
3106 
5571 
3229 
2991 
6211 
5065 
3147 
7973 
549 
4365 
2072 
6690 
5534 
6110 
6695 
7184 
3873 
2631 
3148 
1133 
5891 
1424 
7294 
7062 
2961 
752 
4725 
691 
7634 
2037 
4862 
631 
5413 
2381 
780 
7388 
5600 
6189 
5265 
1702 
2858 
5418 
5863 
349 
6834 
2305 
6339 
7959 
2684 
4743 
572 
7968 
6286 
4745 
3069 
1482 
6744 
3622 
6345 
196 
5959 
7380 
4226 
6758 
2875 
6451 
2459 
6873 
5164 
481 
2135 
2661 
7858 
4181 
4304 
3277 
3092 
6546 
1849 
3460 
5897 
6191 
2165 
3762 
2108 
3198 
292 
6500 
3269 
5950 
7652 
5704 
5229 
3491 
1021 
971 
7331 
3016 
5790 
3494 
6781 
2348 
2781 
1785 
1743 
5893 
7366 
7473 
4994 
5011 
3928 
7921 
3065 
1585 
7975 
3593 
2142 
782 
7019 
7660 
6978 
5 
4553 
3507 
6684 
3475 
7527 
5850 
3944 
655 
735 
2743 
6686 
709 
3658 
2926 
6964 
589 
5844 
2916 
872 
2758 
3601 
7466 
877 
7202 
3103 
6468 
4914 
6442 
6326 
4685 
5215 
3094 
5981 
1237 
243 
7518 
4548 
784 
2265 
2989 
4466 
7250 
7358 
6537 
5903 
6541 
4293 
7679 
3744 
4425 
5257 
1208 
7321 
2290 
3040 
4178 
6603 
7130 
2256 
5522 
2046 
4691 
564 
1182 
5994 
3306 
4476 
6199 
2917 
6022 
5113 
3151 
7096 
5420 
3545 
2797 
4197 
6460 
4136 
1144 
7522 
6992 
999 
4993 
2643 
1800 
2221 
2176 
6304 
5806 
6010 
6738 
7923 
6842 
7708 
6516 
3168 
4834 
6970 
3579 
390 
2182 
5879 
5671 
5488 
802 
6480 
5458 
1838 
3199 
3206 
5789 
6797 
4224 
3377 
6161 
4127 
7502 
2518 
3157 
5363 
777 
461 
6766 
2712 
3858 
2376 
6243 
544 
1593 
5867 
5135 
4929 
7201 
2419 
7510 
5674 
238 
2149 
6359 
1251 
2220 
6777 
669 
1470 
943 
3131 
7684 
7354 
2928 
7739 
1764 
4378 
207 
2406 
4488 
1473 
2979 
7399 
5416 
6259 
6611 
3525 
7977 
1172 
7615 
2965 
3881 
5234 
4018 
698 
1885 
3129 
5431 
868 
3334 
6475 
2466 
3185 
3966 
3976 
7629 
4015 
640 
6423 
4667 
1061 
5652 
3196 
3927 
1892 
455 
5596 
4475 
4813 
2777 
7081 
1960 
6113 
5462 
4351 
7572 
2886 
6602 
4816 
3438 
3050 
3265 
2703 
4478 
4752 
4508 
465 
7413 
514 
4869 
4310 
6165 
2408 
3967 
1513 
6136 
5221 
2608 
3860 
5846 
5828 
6223 
6579 
3925 
1427 
7013 
477 
5493 
3581 
1901 
1130 
5181 
2871 
7837 
3492 
2039 
3059 
1439 
1863 
1544 
3440 
7609 
4620 
5827 
4282 
5244 
7031 
1623 
3990 
7156 
1845 
575 
503 
3109 
377 
5499 
7234 
2341 
3215 
7102 
4683 
1672 
1802 
7459 
2191 
5516 
3038 
2027 
7573 
4541 
3909 
2426 
7190 
5693 
2350 
5910 
4413 
3716 
7795 
2793 
3088 
5252 
1988 
3060 
7503 
6726 
4724 
2592 
1413 
539 
1000 
3819 
3188 
7119 
3983 
386 
504 
200 
3158 
4663 
7174 
3195 
5758 
3640 
457 
2579 
5591 
2355 
1068 
3608 
327 
5336 
5066 
1660 
6251 
1542 
5675 
2859 
219 
4457 
6534 
2951 
806 
6555 
2562 
7632 
2222 
4367 
4727 
7264 
5688 
5151 
5815 
6370 
6608 
826 
4426 
5379 
7806 
7549 
6545 
4545 
3836 
3383 
5118 
7972 
2895 
3387 
99 
7819 
476 
7157 
126 
6791 
6276 
2437 
7862 
2842 
1843 
3694 
2374 
7047 
2806 
2545 
3596 
1893 
4854 
2319 
962 
4267 
1639 
5105 
5254 
4339 
7816 
4470 
6816 
4785 
1586 
7409 
3782 
3413 
929 
212 
7243 
6638 
190 
4080 
702 
5854 
7268 
659 
6980 
1820 
5373 
516 
6666 
3849 
1553 
3143 
1032 
2223 
7654 
1151 
4317 
1089 
5275 
4328 
6397 
4744 
3487 
6588 
4953 
5490 
3202 
7252 
5769 
432 
3442 
2278 
4399 
3481 
6787 
671 
1799 
1489 
3536 
7173 
5812 
5468 
7772 
1691 
4442 
2906 
1731 
2180 
3105 
373 
2593 
4067 
3509 
6531 
6623 
2610 
3239 
446 
678 
2089 
2736 
7225 
1884 
3084 
3034 
4121 
2495 
3245 
2468 
6707 
4481 
834 
2439 
4909 
7437 
4896 
4357 
4817 
471 
848 
7188 
5255 
7207 
1010 
5669 
6700 
2195 
1220 
7417 
7563 
3031 
7624 
7149 
4848 
5467 
5417 
2780 
2209 
3606 
43 
5315 
5347 
3366 
6003 
5079 
1113 
6153 
7026 
6999 
7953 
4129 
6410 
4456 
6115 
4942 
7813 
4956 
963 
2594 
5068 
1738 
258 
1289 
6311 
7215 
836 
1498 
2853 
2889 
5184 
1420 
2540 
4796 
4323 
2313 
5539 
3733 
4273 
5156 
4124 
1364 
665 
2857 
6946 
7240 
1033 
2395 
61 
3046 
5419 
2676 
2827 
5731 
2959 
4110 
1446 
7365 
4815 
6202 
5002 
335 
4450 
7656 
2215 
6289 
3063 
2228 
3890 
7197 
2385 
4997 
4729 
3872 
5722 
3483 
3863 
1857 
2648 
62 
3798 
5370 
2826 
6582 
779 
124 
2555 
7779 
7486 
3421 
3961 
4356 
498 
1782 
891 
1581 
5780 
7394 
3726 
1804 
7716 
4818 
4833 
3478 
247 
5309 
4291 
5906 
6380 
3134 
1716 
7009 
6731 
5862 
6226 
597 
2006 
6305 
1358 
2653 
4742 
280 
1097 
5964 
3727 
134 
6902 
4931 
3542 
487 
758 
5185 
7431 
48 
4522 
6023 
3856 
1730 
5036 
2786 
4807 
5005 
5915 
775 
3132 
937 
244 
147 
4436 
7480 
5058 
6958 
1205 
3115 
5823 
274 
6348 
909 
970 
1530 
2921 
2154 
6574 
7879 
4051 
5876 
1125 
1895 
3363 
3529 
1248 
648 
2547 
2261 
4091 
5304 
4574 
7775 
719 
4417 
3844 
2627 
4484 
3728 
2362 
1107 
2417 
6001 
2969 
7578 
6741 
2460 
4458 
3068 
5107 
240 
2441 
4637 
39 
4779 
1276 
4638 
4526 
2621 
3454 
906 
320 
6235 
184 
6269 
330 
1947 
6021 
2337 
2529 
2565 
6586 
4085 
3607 
7024 
6263 
805 
7288 
5978 
466 
4832 
3397 
3466 
6708 
337 
443 
5620 
4575 
3907 
1024 
5141 
4 
4274 
5513 
3751 
4904 
6399 
360 
1862 
3981 
4610 
6788 
7356 
4615 
3126 
6472 
51 
3790 
7666 
4775 
3320 
5313 
459 
338 
746 
7659 
6950 
5535 
5225 
6439 
3535 
3122 
2905 
1864 
3194 
4552 
7363 
5203 
3281 
6320 
1308 
4145 
4257 
3910 
472 
1312 
453 
5371 
1536 
534 
3677 
5822 
4331 
4156 
4531 
5995 
402 
3810 
4939 
7368 
3316 
629 
6851 
3945 
4741 
3008 
2390 
907 
1426 
35 
3975 
1900 
7452 
2597 
1186 
372 
1008 
5453 
3227 
5241 
5429 
5972 
2002 
2370 
3086 
880 
145 
7106 
3361 
5088 
3838 
4403 
4849 
5557 
5341 
1173 
874 
4253 
4045 
3091 
2159 
4487 
2271 
3490 
601 
4893 
5117 
2808 
4864 
5340 
5150 
7651 
127 
4558 
7242 
7471 
2275 
3047 
5889 
2467 
5991 
4597 
6559 
6403 
6356 
4543 
4612 
468 
1294 
5732 
6351 
5357 
1786 
3133 
536 
1453 
5047 
2248 
6026 
833 
6793 
6557 
5369 
5992 
879 
1812 
5613 
7954 
6450 
6237 
3010 
3459 
1433 
7755 
3584 
6513 
5654 
3792 
6025 
5448 
6680 
1803 
3797 
7642 
5668 
6689 
119 
6828 
484 
4245 
4811 
645 
6752 
5882 
5927 
2268 
1997 
2731 
4050 
7289 
6910 
6385 
4038 
1752 
7542 
7056 
731 
4974 
6084 
3653 
6273 
5298 
1293 
5062 
1825 
690 
3723 
3643 
2403 
1221 
635 
6145 
4489 
1213 
3175 
2670 
1207 
1357 
3699 
6949 
6343 
4393 
489 
4814 
3020 
5018 
6769 
7120 
6548 
4836 
6647 
3899 
7911 
7898 
7435 
467 
5717 
3093 
2211 
4690 
5739 
976 
6593 
4644 
6912 
3875 
98 
649 
5765 
3635 
151 
558 
3532 
6319 
4070 
1656 
3897 
4703 
5222 
4852 
4624 
2714 
2756 
5795 
3602 
122 
1017 
4506 
5904 
2432 
2977 
1422 
3455 
182 
2316 
6605 
3406 
4262 
2422 
7933 
6808 
3160 
4680 
5110 
2958 
2867 
158 
1361 
2102 
7787 
2224 
2845 
3288 
5292 
316 
5618 
6015 
1352 
6325 
1055 
525 
4111 
7566 
4521 
7057 
436 
6114 
4005 
5131 
7724 
2794 
5020 
3290 
2591 
1945 
2865 
6755 
6466 
7344 
2647 
7230 
5408 
5152 
1378 
5656 
1018 
4306 
4030 
5393 
5116 
6238 
1238 
7150 
4593 
7423 
995 
6362 
2077 
4000 
4166 
4154 
696 
7836 
4594 
7460 
6208 
6107 
3186 
625 
501 
3037 
6170 
4019 
7594 
109 
6742 
5271 
1367 
2975 
6121 
4568 
1434 
1688 
3774 
1993 
1377 
7109 
1774 
3292 
6192 
1652 
978 
1748 
5166 
4822 
1191 
3164 
1758 
7254 
1982 
3025 
6164 
2017 
3714 
7261 
7767 
4431 
3340 
2023 
2634 
1234 
7678 
111 
7536 
7667 
2664 
1844 
7541 
1846 
4346 
2289 
7895 
5496 
2139 
1550 
7661 
890 
4668 
497 
3355 
1047 
6921 
431 
7223 
5455 
3772 
5801 
2511 
1648 
3688 
2470 
6196 
4750 
5726 
4908 
6140 
1970 
587 
7735 
6135 
4373 
7707 
2570 
1088 
3913 
6770 
2966 
2708 
740 
5434 
3784 
2973 
732 
301 
1235 
4642 
4903 
4485 
6937 
2622 
3368 
7196 
456 
5388 
116 
6098 
59 
6274 
4394 
117 
2280 
5223 
7774 
4623 
5885 
3268 
6240 
233 
949 
4509 
2659 
7763 
4537 
2710 
2601 
6163 
996 
2902 
3039 
4290 
1675 
5949 
24 
4821 
4933 
3474 
5028 
4443 
7751 
4520 
6384 
7908 
4518 
3517 
7400 
727 
6357 
7116 
6761 
6648 
1922 
846 
6754 
3358 
3402 
6767 
2479 
1535 
5921 
3949 
260 
4950 
6901 
4513 
6469 
2637 
4677 
7313 
7378 
4007 
6245 
5533 
6377 
873 
4998 
4285 
540 
7826 
6411 
6867 
7929 
5727 
464 
3386 
1379 
6675 
1689 
6506 
5075 
1801 
210 
6747 
6714 
7337 
6936 
382 
7931 
622 
5204 
4926 
2124 
3352 
4260 
1531 
1851 
6530 
2119 
4969 
3664 
5238 
7747 
5280 
1971 
2465 
5894 
4763 
4377 
6489 
2484 
3764 
3125 
266 
2478 
5936 
2387 
2788 
2862 
3395 
5311 
6066 
4171 
788 
1882 
5106 
1562 
4603 
7889 
901 
2814 
4031 
667 
4249 
7928 
592 
815 
1865 
7815 
2166 
4492 
6503 
6204 
747 
4342 
6981 
7229 
2810 
3159 
4957 
7414 
2626 
6523 
687 
2721 
1266 
6622 
6898 
1092 
2189 
1891 
5259 
2612 
4113 
3650 
1012 
1246 
1664 
1153 
6594 
343 
2207 
6258 
3613 
6576 
2609 
955 
3894 
7151 
1398 
3561 
7166 
3822 
3278 
3155 
2762 
7606 
2323 
1349 
1030 
37 
7565 
7589 
447 
5447 
304 
56 
387 
7647 
2079 
4686 
4055 
2266 
7738 
5437 
1706 
2392 
2249 
7164 
1166 
4049 
2283 
4314 
1057 
6578 
1644 
4052 
6564 
3932 
6055 
7821 
1304 
3384 
3018 
163 
2331 
6031 
522 
1327 
2325 
1807 
5829 
577 
3420 
1698 
1362 
7748 
5796 
7744 
5912 
2493 
4143 
1829 
6998 
6979 
4992 
2931 
1686 
3669 
6899 
617 
4147 
4084 
4855 
6630 
6332 
1485 
2044 
644 
7475 
6835 
85 
704 
78 
7937 
4106 
421 
6256 
2056 
4783 
1651 
7103 
5864 
2701 
305 
6200 
7932 
5034 
5857 
5093 
5814 
7187 
239 
4751 
231 
6635 
1342 
7871 
5017 
4665 
4075 
479 
5939 
4247 
5162 
5791 
2638 
2828 
2105 
3343 
7429 
2861 
1099 
2682 
5646 
2982 
3527 
4501 
642 
7405 
4460 
1410 
125 
7812 
7433 
3022 
6137 
1075 
5091 
754 
2878 
5235 
1624 
6049 
4039 
2106 
4772 
5010 
5250 
3965 
4979 
1840 
1464 
831 
3738 
5296 
3056 
7650 
753 
5218 
6631 
5900 
1941 
4119 
1469 
1389 
2358 
7998 
4647 
14 
3463 
956 
6889 
1292 
5205 
2679 
2440 
7823 
5553 
527 
1662 
2083 
3749 
5974 
7783 
1311 
3055 
3589 
3511 
6374 
2963 
997 
7984 
1711 
6535 
5566 
1777 
2999 
3722 
5155 
5572 
6570 
4348 
73 
1098 
936 
388 
5514 
5042 
1488 
3543 
7364 
6974 
1596 
346 
750 
3099 
6722 
369 
5331 
7597 
454 
6482 
5414 
2016 
5746 
288 
2243 
7951 
6331 
7113 
6011 
2856 
3323 
7760 
4995 
862 
2300 
2400 
7141 
2005 
1755 
228 
2888 
6019 
1860 
6698 
3591 
3569 
414 
7714 
2088 
6903 
3533 
5581 
6250 
6715 
5092 
1491 
3070 
2049 
4857 
2735 
1484 
6471 
4208 
4423 
1157 
6069 
3993 
2053 
65 
6150 
2519 
6040 
808 
6886 
5375 
415 
6866 
2317 
5332 
4292 
1823 
7123 
3791 
6300 
5127 
902 
6776 
2391 
6329 
6314 
3353 
5932 
7006 
310 
7361 
5071 
6810 
578 
5775 
5427 
5171 
5410 
892 
5873 
4027 
6560 
5307 
2202 
5881 
7670 
1582 
4169 
7655 
820 
3585 
5282 
7925 
5895 
5598 
5137 
2912 
6234 
1264 
5875 
3882 
2936 
7462 
1449 
3216 
7086 
5480 
7270 
7415 
3528 
2717 
4479 
1025 
1106 
2458 
2321 
7861 
5595 
7290 
4847 
6654 
205 
4199 
637 
6266 
3884 
3908 
130 
1425 
5673 
2764 
7808 
4681 
3683 
4395 
5813 
4754 
3191 
763 
5399 
2196 
245 
138 
7863 
7418 
5853 
3859 
3878 
1441 
1572 
5356 
7788 
7852 
5056 
3794 
5943 
5818 
5640 
1912 
1574 
4414 
6054 
4557 
6917 
7082 
646 
4400 
7623 
3327 
6850 
6971 
5073 
1303 
6813 
2742 
383 
4564 
6628 
186 
2073 
5276 
2642 
4126 
324 
225 
5022 
7613 
1587 
161 
6947 
4505 
368 
1219 
1438 
979 
4163 
2960 
6857 
1935 
1189 
6613 
328 
2070 
4720 
22 
38 
6277 
2067 
7035 
6179 
3594 
2514 
2971 
1365 
3986 
2063 
2198 
1906 
3597 
5565 
1093 
2122 
1646 
6065 
2409 
3614 
7524 
4915 
322 
6544 
6453 
1083 
4519 
7818 
5778 
4670 
7626 
7125 
3572 
3580 
4714 
7875 
2535 
3485 
435 
2322 
3049 
6394 
5154 
5634 
5078 
480 
6379 
4579 
6508 
3779 
6540 
7873 
3266 
4628 
5685 
5768 
3161 
7052 
5050 
814 
4130 
6924 
6668 
6303 
618 
2948 
3969 
7030 
3625 
6721 
7439 
1291 
3321 
376 
1325 
3403 
7222 
2568 
358 
129 
104 
3503 
2611 
1989 
2741 
4652 
6501 
2252 
5147 
3660 
3911 
3719 
6918 
613 
1798 
7228 
884 
3078 
4632 
588 
6127 
7283 
3771 
2955 
893 
6745 
6484 
4732 
6585 
4699 
108 
819 
5713 
2412 
6446 
3741 
3929 
7033 
2398 
4435 
132 
7673 
2822 
4034 
1404 
824 
347 
6252 
3197 
998 
52 
7771 
7281 
4202 
4463 
4135 
5865 
218 
2156 
7570 
7450 
4338 
374 
1779 
4078 
2153 
3953 
4295 
1870 
289 
5849 
4551 
1671 
4591 
6281 
4606 
1538 
7768 
6334 
3296 
3906 
2127 
3447 
2521 
3896 
3918 
2919 
6865 
1709 
7198 
5869 
1741 
4116 
5178 
6853 
5525 
2080 
6306 
409 
951 
4141 
4728 
1232 
1613 
6124 
920 
5169 
1603 
2949 
7810 
7339 
6275 
5451 
1722 
829 
7074 
6848 
4960 
6725 
5678 
2588 
6882 
1643 
295 
7949 
234 
7336 
1514 
1642 
7653 
5682 
7065 
1597 
5633 
7387 
2007 
1174 
3374 
7804 
7292 
7762 
2932 
5605 
816 
4053 
1065 
4419 
7711 
4020 
2500 
4535 
1976 
2425 
1780 
7514 
5736 
1271 
510 
6976 
5962 
6093 
2727 
2240 
4802 
7761 
7811 
5326 
7891 
380 
1981 
7877 
5503 
1167 
4179 
6629 
4538 
7967 
1560 
1112 
7817 
2950 
193 
5473 
5650 
4940 
4688 
362 
3130 
4305 
5529 
7789 
7758 
7002 
2474 
7726 
717 
1527 
3778 
5405 
5386 
4318 
4134 
5406 
6230 
4648 
7058 
1258 
792 
1397 
7383 
2445 
3879 
5708 
3014 
1040 
6939 
7781 
3423 
3520 
4358 
5542 
303 
4153 
840 
1747 
2399 
3846 
1493 
3997 
4886 
5664 
7644 
7110 
120 
1520 
5521 
5378 
7809 
2373 
6067 
2186 
7446 
3962 
3178 
3991 
4986 
4122 
607 
3090 
1080 
5848 
6778 
1062 
4491 
1345 
445 
1839 
6896 
7742 
5527 
6877 
278 
1417 
6455 
4654 
5489 
2147 
6249 
3468 
720 
6730 
1818 
7098 
7824 
7496 
864 
2550 
4533 
4375 
4088 
6894 
5628 
3670 
2940 
1109 
325 
7983 
1661 
4525 
6697 
5376 
5385 
6419 
1487 
4897 
7930 
3338 
3623 
4803 
2551 
7152 
2279 
4427 
6244 
2086 
4047 
5690 
2863 
2014 
255 
6878 
3786 
7593 
5594 
7555 
2448 
93 
2250 
6724 
2694 
1657 
3615 
3294 
3732 
4512 
7485 
5590 
4212 
5301 
4428 
1392 
5085 
4907 
23 
7777 
5200 
4041 
2264 
1363 
4900 
7454 
6190 
5807 
1497 
6177 
6679 
7131 
1775 
3710 
1977 
2036 
7155 
1612 
6785 
7764 
6138 
3177 
3276 
276 
6798 
2766 
5712 
4771 
7303 
7183 
5559 
2255 
2851 
4649 
2276 
1013 
2462 
5268 
4571 
4523 
7487 
438 
5971 
5449 
6409 
170 
5655 
6053 
801 
5741 
5247 
7384 
7112 
5210 
7628 
797 
6701 
3360 
6607 
6129 
7316 
257 
6909 
7782 
2833 
5956 
4062 
4060 
1917 
5946 
1163 
7690 
4186 
4128 
1811 
6206 
6906 
4353 
5498 
2397 
4013 
3586 
822 
2641 
4735 
1605 
1868 
4671 
5337 
3108 
3434 
2187 
6757 
5832 
1880 
3824 
1944 
6649 
1677 
2849 
7295 
102 
7185 
7851 
5541 
2379 
4477 
6347 
4861 
7077 
1183 
595 
3943 
6288 
2513 
5872 
3252 
4938 
7359 
3504 
3035 
3845 
3745 
1924 
5192 
1181 
4973 
5285 
4840 
279 
4203 
7456 
2015 
1020 
3422 
4076 
658 
1740 
7227 
1904 
6858 
835 
4288 
4693 
6255 
5321 
2071 
5186 
5506 
7683 
6632 
552 
3029 
4954 
5824 
7127 
4719 
5578 
7338 
7177 
1834 
502 
1297 
6350 
3261 
3900 
3788 
4902 
5177 
523 
5198 
7840 
3666 
7770 
6913 
2160 
148 
4573 
5103 
1137 
6940 
6291 
4269 
7544 
1058 
1390 
2997 
4409 
4747 
7610 
2944 
6840 
4984 
4354 
6772 
2481 
2630 
3898 
3243 
6529 
2008 
1231 
1926 
5262 
4978 
1014 
2175 
4397 
2346 
3531 
4656 
6352 
6118 
4916 
4225 
