100 100 100
4128 271 3910 8170 3046 5937 5395 6789 3947 689 916 4939 6661 4481 6352 2282 878 2700 2360 7750 8990 9426 4024 1513 4606 5417 7302 585 513 1736 4068 3593 6497 1431 5144 2795 1136 7933 8632 5875 6035 4816 3153 4220 3601 6730 7054 428 5768 706 8612 5721 1341 2855 574 1924 6193 3126 5299 259 677 9482 9547 8222 8791 3656 8974 5393 5014 8890 6016 682 9350 5807 7180 7782 6037 9300 7859 9493 1981 4054 5017 4608 1324 6104 9436 3957 441 3531 6696 9023 5725 7577 6501 3570 555 5154 2987 5676 
656 1475 6467 3747 8003 1627 4270 8099 9693 1569 6659 5681 3693 4713 9258 2704 3785 4090 1326 423 5419 6558 817 8043 6817 2252 4025 5349 4243 8654 695 2494 181 8827 4789 8972 4429 3518 7572 8065 2904 2578 5649 8205 773 1054 8720 9526 8280 6179 2373 7148 5207 7326 9822 660 3936 8773 9312 1065 9490 5993 7690 1693 776 3293 9017 6636 1820 135 2140 58 1423 811 642 4136 6367 6297 787 1334 3416 6759 9476 3305 1270 684 4699 6660 3436 9100 8593 927 5612 9685 9238 1540 4368 3630 5213 3616 
2127 8993 9634 5181 4612 5679 4084 9507 6265 3662 9523 5631 2830 2488 8593 1142 8430 630 7481 8379 879 3493 5859 3582 3693 6704 9568 2500 840 4623 3827 1864 5484 8814 8660 7832 567 9531 5999 2716 3465 5802 713 4858 438 2226 8771 9467 5501 9868 7758 2499 2753 739 2089 4431 6946 4572 5131 5481 4871 500 7140 3826 6912 7095 7248 3210 6368 4288 7832 9983 3838 1888 7901 5396 6233 2036 1951 624 5675 6484 1536 5937 5503 751 3983 3268 2204 9863 4549 6058 3080 3555 7027 4510 231 3835 4579 8530 
7530 5325 6734 2753 5755 9552 252 4302 9711 4918 3266 3263 269 4589 2144 9794 9196 8574 4645 8952 1261 7115 3690 7367 3365 9138 276 9539 3126 5993 9568 4156 5658 3622 5571 3806 1468 4441 5746 3924 1859 8479 7485 5419 9176 9018 2751 6352 5865 5684 5983 7412 5873 2234 6010 725 3566 4363 8681 7716 2362 6235 6649 8195 7376 7858 6594 3358 9357 8725 1741 9528 637 5238 5289 52 226 8753 2824 481 2859 4097 4809 7318 2935 5371 4276 3841 2578 5699 2812 6555 5877 7770 6300 3428 6620 9572 2736 4040 
4962 6713 4241 5140 7287 7167 4365 6359 2448 2346 1245 8585 6864 6675 6738 6191 2849 8710 7488 8361 6948 2702 7849 6829 6857 9662 613 2626 4608 2705 8763 2808 565 2195 8802 7427 9926 6183 9906 9906 7476 7631 7636 6825 121 3722 4466 3603 6869 1303 7077 2522 2983 1684 2731 2027 2162 2151 4095 5524 9175 3055 7831 2422 8363 6530 6945 1471 5841 8520 5931 6716 1594 8881 1483 9272 6564 5540 3148 619 6556 4058 9753 5205 7652 4828 2979 4909 979 8865 9476 6446 8942 1802 5904 9459 6572 4852 2377 6149 
9684 992 725 2292 1038 4681 8007 9968 4365 1873 3533 1723 9118 250 6828 193 1977 5897 7040 1253 9070 3071 4632 3488 5733 6120 7304 1342 2600 2577 1993 7799 4677 4734 571 7089 6548 6046 6503 8748 1587 9745 5547 802 9654 5650 4687 5393 3899 7916 6827 2191 5259 9889 6229 8763 30 5533 4210 6527 9899 5378 3699 6385 4190 678 9436 5159 7287 7091 8680 8981 7206 1410 370 1157 8111 6988 9214 3411 1026 3263 1415 2066 9172 453 8027 7957 8031 6086 1811 4345 5077 9245 3801 8795 81 7510 9861 9355 
2693 1104 4013 3021 6005 9636 2470 7054 2213 9816 5541 8875 3076 4641 8659 5276 5040 3014 799 7785 9175 5067 7109 9181 86 8761 46 253 636 3995 5000 266 4562 1677 2963 5758 6698 6655 4544 1208 5974 6286 7537 9554 8688 2130 6501 5991 2452 7292 8903 1225 8080 516 700 1653 1600 5834 3061 2750 3432 32 6980 5818 7948 4629 8808 9381 6405 2720 3244 6268 1382 9009 7829 1571 963 1687 9689 1483 4147 9616 3138 4350 1291 6976 7239 9085 3628 2632 2052 4982 3888 1526 2680 4946 1448 8431 2100 9501 
9581 8514 9055 6460 5191 3280 5930 3126 7944 4348 3477 5329 8151 9088 6155 3685 9674 7758 6503 1530 2309 8756 102 2981 2384 9502 1570 1243 8205 6134 7681 7689 5190 9955 5474 6293 5166 3749 3961 1951 8262 2320 7843 7987 5692 7988 974 6810 4530 3173 2985 2445 6442 5295 2641 2181 9115 9044 1968 7701 7143 556 576 1444 7299 6982 8859 6291 8673 4891 4177 8543 6769 583 1696 4424 4093 4595 5772 5663 4900 347 9252 4062 7219 9712 766 571 9795 5101 3591 4700 7487 9393 4933 4628 2099 7974 9335 6861 
6208 4198 8902 4772 7523 5719 7430 486 9941 4990 5816 9152 4675 8685 8414 8593 3692 8514 9584 4575 9346 7687 9590 8071 3224 6807 6958 4423 7326 6600 6437 482 3155 6567 4279 7099 7888 1148 3414 7470 3337 9822 2150 6647 6817 3952 2151 4129 4464 3845 3166 1682 968 8138 2440 5848 2659 7234 9261 2271 5402 7499 721 3182 1341 6154 6849 1553 8149 1124 6424 1303 5 1923 1582 3286 3487 908 6000 1159 4631 7871 1271 2275 8766 4333 5872 9398 5537 2364 7489 3962 1732 3771 6661 9932 4544 5140 8820 4331 
7690 1573 7404 1262 596 9943 5484 6948 5076 7081 4264 3410 4061 7835 5707 722 7472 3623 5620 9742 8039 8145 9899 1698 2683 6460 378 2356 2712 7031 475 6913 6478 7871 4390 9998 8610 5190 1398 411 5662 7023 1216 5477 190 7959 1937 6745 5234 9875 1381 1849 1488 324 3226 5429 5828 5511 3696 4017 3383 5945 1464 851 8160 2249 9721 8825 6090 2408 1443 502 4857 7869 4419 8904 7187 4691 7442 9173 4018 6471 1233 7878 1249 8372 9825 7108 6897 6811 3909 8254 2631 659 6076 9057 2949 2372 5827 4409 
1222 4633 5226 4630 7300 674 9437 2932 4099 1727 4259 1842 2461 556 308 4332 326 5012 7576 7475 1191 9194 4950 9466 4716 603 9823 9220 7446 8851 5040 4607 3786 461 3708 3329 5602 1030 5149 9196 5599 176 8972 3229 2740 5333 6944 7899 393 3219 7015 8968 9000 4504 5154 9843 5880 2627 4597 8238 6809 9605 1368 2271 8676 8716 2232 3843 522 6366 829 2899 8027 3038 3759 6987 4592 9371 1138 8310 6906 3215 5409 6700 5402 7320 4542 9581 9366 3104 9925 8556 163 5041 1366 4562 8319 5838 636 7091 
9627 3320 1837 3183 2462 5391 6753 1665 4953 6466 7312 2462 5474 2871 9477 6071 1402 5672 6596 8200 3254 1788 8584 9308 3877 457 7576 4255 453 3970 5252 1516 3043 2950 5492 9392 7128 8957 8844 6851 2477 8196 2083 1040 3112 6215 3600 2478 9421 7834 6998 9081 4555 4532 504 6496 5977 7295 7155 6025 8976 9408 5873 124 89 6281 2261 1495 7294 7720 6284 2994 8942 5113 1407 5251 510 725 1331 9975 7640 612 146 23 3383 2736 3951 7363 7068 9270 3226 7763 1635 8040 9279 8761 6696 2619 522 9743 
2375 6558 956 615 3327 9397 9890 4781 4669 2725 1833 2054 9834 9096 134 8508 4078 2928 3503 9587 8469 6281 1461 977 3490 183 9561 6860 2226 8535 8561 1957 5817 8045 8948 8949 6953 8400 5019 8330 3146 8025 6029 1886 3197 7372 2493 7240 3679 2862 2167 2019 1398 9855 1860 1784 9736 8009 2479 8556 4642 2131 6035 7369 1513 3077 776 9238 4870 6564 5137 4777 2709 1003 1600 3034 238 3870 5951 2800 7239 1797 7491 4195 7962 4582 2794 629 2219 2010 5997 3838 8469 507 8797 9134 3657 504 9339 702 
7992 1279 8342 75 2482 6214 9563 3284 9253 8958 6057 8914 7384 9731 4040 189 2366 3824 3885 4615 2426 2915 6837 7909 9380 9633 4225 6387 9267 1881 9235 3391 6345 505 3078 8288 2096 1437 5075 8015 7912 3875 8029 9522 4121 1999 8247 4572 830 8332 6028 3704 5342 1775 9656 2279 8023 322 1878 4910 571 4889 8948 914 3052 7175 9517 1841 1972 4487 2067 7938 3140 8194 5775 2243 6962 6071 4763 5782 1817 608 8177 1163 7558 7705 4343 5466 7787 4236 2693 3495 3851 2733 1942 5943 8401 8364 9574 960 
5221 1494 6857 8133 8591 3412 6816 9969 1312 2562 8405 4133 899 5357 3578 7298 322 5855 9921 8669 3759 3436 3354 2197 703 7832 4215 1174 6730 3122 220 8690 208 7812 8070 7697 2649 3685 3982 5340 9427 4202 1754 4645 4064 1770 2305 7177 5793 6704 8224 2663 5652 8241 102 3740 2909 8948 7802 6458 4172 6258 2709 2453 4533 6172 3908 5301 3034 1217 6338 3748 7752 3367 9141 6332 4716 1317 3988 5345 3750 2813 7860 2455 8864 8580 4924 9892 4131 7762 2428 5153 7482 8429 7561 1027 5361 8207 7552 8245 
7335 8970 3638 183 2771 2039 1121 5662 7155 6818 2655 1615 2453 7980 530 1239 6175 722 8831 1495 9206 1797 2562 2422 4327 6859 5992 2822 4799 1609 8738 1678 6104 7411 8369 7492 7982 9873 1409 322 9022 9003 2479 5738 8161 3787 4072 225 2756 5759 9176 9001 1083 3879 3761 7422 131 6913 9824 3644 9310 5830 7761 7946 6153 8617 1528 7082 233 2449 791 8845 9411 1989 3946 3849 3094 2640 7635 9664 9998 9835 6560 9380 6048 4542 3001 1204 8763 5566 8786 7229 4677 1229 835 828 5936 3613 8908 923 
8832 8313 6565 2247 3378 8749 1779 25 6900 4716 8165 635 3709 8144 1354 5711 3494 4527 2611 6108 214 5610 78 9971 2493 7410 8011 675 5411 1409 8155 8190 9365 5607 2483 7890 3049 1748 8883 8910 7864 2935 8962 3316 5021 2701 2146 3359 7077 2635 5869 2118 6548 9853 2805 3580 8495 8529 930 9538 4654 1496 7970 8727 4615 2016 7426 7397 6125 9235 8586 1415 7559 2480 7732 5437 4235 9913 9292 8937 2839 1452 515 813 9915 6237 7025 6368 8416 412 1727 7644 277 5920 2165 4830 8022 9040 5263 7534 
3382 4983 1263 501 3268 3788 821 9252 8000 3799 4651 8050 5880 9336 2224 5410 2275 3538 703 4028 1979 1460 7075 5887 5695 8270 7134 452 2692 2918 2357 3442 6446 4923 7480 3764 9910 5006 6437 7939 7039 8782 3677 7634 80 3317 2232 6936 3357 3605 9139 9015 567 1162 8412 8787 5186 7707 7576 4722 851 9185 6619 5854 7947 2731 6979 2855 4131 3215 7568 990 7853 7484 2100 9653 750 8968 300 7149 7794 5529 1412 152 2271 8913 3736 9512 5712 4593 7367 2912 7736 7355 6098 2836 6422 9024 5373 4432 
124 2783 8261 1899 1319 3132 8163 1056 5637 8856 2362 1946 6805 5778 8 5116 7233 8716 9236 4601 3200 4877 3540 7012 2526 653 7724 6548 8415 3477 5705 1878 1287 8329 8683 1559 1723 5086 8209 2042 2126 8217 1903 6761 1441 351 4731 2426 8308 8826 8055 7083 7815 190 6612 4719 1182 5601 1935 5595 4801 3475 4547 9483 3227 2375 664 4867 9225 2698 5452 1477 384 1974 9569 1132 7939 9890 3789 471 4265 643 5025 9745 2086 2487 5549 3941 445 4111 5494 8395 7606 7269 4932 5809 5448 750 2161 5698 
1196 2391 919 595 3338 259 1189 4719 1541 941 4225 8314 6636 21 8267 8359 8104 5123 1263 6817 8633 5713 7794 8708 5525 1085 9037 6535 6607 841 9758 5695 1521 9120 3117 258 3017 9603 9121 7160 9871 1175 9612 3392 7701 2523 1126 6913 1901 2067 9160 8191 5997 7234 3262 6068 4797 4704 8452 2155 8828 3483 8017 8244 8374 1852 2601 4751 311 9507 761 1176 637 315 6755 1206 7151 7677 7333 194 4709 1102 4794 390 1660 3830 7291 4874 5717 6188 1853 9299 2072 2457 6926 6714 7366 5922 5545 8089 
7745 8438 5735 5223 5568 3586 8263 2027 5529 8633 7177 8365 4960 673 284 8785 6809 9648 7613 6848 688 8901 3952 2714 7903 4372 5714 8284 4660 2122 3812 8036 2768 4750 3141 2627 235 8933 8864 9390 6808 9823 2659 1251 978 7839 7891 6741 7583 8988 4620 3485 6877 7735 4327 3136 4684 4544 8275 634 4516 6324 4727 2723 7189 7052 7116 1836 2778 1239 4212 232 8678 8357 492 8723 6319 3409 5768 2284 9699 2055 3361 9028 4366 3376 9283 7323 2977 443 8738 5125 5389 2882 5156 6472 7640 432 1994 4014 
2984 2732 9617 1152 5936 3413 446 5102 2544 7252 5884 9399 1735 3014 1031 8624 2593 1767 5857 7897 448 5456 2249 5813 3242 9734 2383 9022 2605 2254 4473 1393 1243 2377 5758 2481 8033 5456 3987 3236 748 2011 4907 841 1402 3870 514 9809 3536 4917 3592 3259 5821 1892 3770 3811 1802 8246 9500 6998 5506 2739 6765 296 6460 5663 8921 8850 8735 1253 8680 896 9760 4599 9118 1972 3659 4219 5966 830 7261 340 8262 6241 813 2246 6586 2563 7607 7764 7555 4096 6135 9975 4452 7142 4900 7317 7004 3471 
9540 6098 4991 497 5504 4028 4709 775 3170 54 4069 2309 4943 3252 5490 9211 1078 6791 2267 2593 9657 4313 8906 1508 8902 1162 7891 8187 5139 1020 4633 3946 3410 5831 2325 6183 7105 7678 1409 8699 2400 3130 7385 7016 606 4636 344 4531 3723 6886 8204 6265 3796 1411 5721 8311 3226 2480 8521 3792 6499 1564 7398 683 2528 9309 114 1480 8837 4789 6612 1921 8493 288 1396 5790 5698 5655 5471 4613 5138 7902 6590 5993 7664 7630 5600 1247 4664 7547 7102 3088 5361 9556 2266 55 608 6765 5350 7944 
1923 9023 8884 2093 7671 123 9622 5088 7081 5009 2320 5069 1865 9308 5855 5667 870 715 5 6393 7191 9603 4914 1696 6206 2736 9955 4066 8842 3885 3251 8431 7260 5327 5591 2115 4167 8177 6950 9204 5751 1006 4876 6231 1112 7161 3129 4990 7107 5539 6087 9926 2758 3007 6021 7806 9607 8372 2068 7820 3534 3783 6884 6117 3060 5900 6681 5565 7379 7918 1096 34 5230 8957 440 405 9763 493 4563 4977 832 3831 5593 3334 7709 2659 5978 4851 1199 7753 155 1727 3530 3141 8446 8068 5585 4420 364 1306 
7581 226 6792 2267 3240 130 8921 9579 8316 9632 6381 8090 9585 7961 767 5110 7935 5121 4266 1917 6526 1213 8991 4304 6018 663 5876 8309 4749 978 1033 4418 4591 4724 9916 2618 2512 3534 1359 392 4063 4059 24 893 8741 9515 1581 7618 5927 8445 9750 781 3379 5544 9594 5356 2351 8280 7725 4453 1724 1172 9539 9265 9578 6826 3636 544 5540 6607 5449 6078 9847 2847 7727 7672 575 9133 1870 7894 9185 2465 7635 7550 9944 6666 8178 3073 8484 9953 7483 342 3596 119 9448 980 5798 9212 9300 3876 
9502 1542 1842 7161 5590 4689 9604 7496 1252 1559 6633 8025 8448 2039 4657 6062 8183 7460 1045 6748 14 9488 6436 4073 3801 5982 6719 2832 3994 7533 9078 5943 9400 1343 7838 4687 3589 4332 4942 1189 525 5154 5455 4399 7131 8263 8030 1799 9364 970 1599 822 275 46 2750 3970 5433 6219 6747 7936 7184 3094 8146 9358 2349 4001 7054 4383 1892 7726 9854 9290 2448 2290 8838 3663 1537 1861 1444 8254 8688 4459 1626 5166 2355 6750 5345 2270 2016 9211 6370 3328 3074 1039 8085 1347 5075 5423 93 8003 
7191 9048 8907 180 2246 4487 2338 1551 2477 4555 8802 1514 5517 8325 5766 2907 9527 9395 5877 8651 7693 7505 8560 4982 965 4417 4546 2955 4763 2987 9365 4581 1031 1730 2083 2037 3981 12 9103 6086 1921 1792 9696 4097 3531 2479 6354 6508 9656 4942 2254 3027 6970 2283 4502 4080 1875 6283 3173 8303 426 2634 5158 4209 9156 7310 8576 8859 6763 5560 9611 5997 5577 4148 3854 7728 874 7788 2085 3832 2682 8224 250 9051 1490 8330 163 6284 9762 8428 3164 4869 642 1585 1674 7855 3392 1151 7943 5172 
4387 5018 6340 1046 1675 8253 6253 1125 1653 9294 5929 1068 8222 4349 5743 8261 2443 2396 7472 7803 6806 2426 450 1596 7525 5654 3427 5349 1405 1514 6039 4892 8128 9990 672 1504 6188 3644 5342 9315 4435 5182 1604 1869 8508 7995 6675 3535 5363 3495 3027 9052 1388 7706 2121 1750 2442 9558 876 7539 8801 6011 3676 3778 4161 9221 1918 6432 262 1789 6279 6984 2892 1870 5920 6166 6042 3966 5318 2995 3650 6786 761 4644 9072 8581 5717 3061 4639 8094 5860 6175 8397 824 4625 1654 4598 7285 2055 2213 
3723 9995 5075 6910 5171 1388 8391 9767 4692 3378 3697 3962 4180 6578 3360 3503 8766 6546 5202 5193 8873 4838 2304 3682 2433 3337 8626 3929 6009 2191 4815 8574 6721 3627 4811 2656 8822 8692 8294 2843 4765 6504 2407 5344 3376 8372 8100 9729 3084 4084 1117 1800 469 1373 4626 7088 8236 1295 9663 1357 1951 5701 3407 3782 2737 2427 9160 6803 910 7705 7764 6622 9483 9251 8493 6369 8541 275 2720 2148 265 7064 4682 9265 3035 2732 9279 2622 7524 220 9093 2226 2075 3623 155 9368 8652 7764 4217 3253 
1872 7289 6019 9345 254 3018 6185 1068 3944 2786 5165 7838 9568 5632 2288 853 7583 4689 8153 1477 8234 5795 5984 7991 5413 6812 5988 6578 2157 9357 3588 5878 7236 8480 1716 9159 2439 9544 7580 6439 5376 7545 8195 9301 6999 3615 401 1962 5584 3448 5611 4241 832 8643 7694 2620 6913 5769 8820 7654 2804 3662 70 76 109 4381 7304 8812 4751 706 7473 2959 5518 5007 6961 7595 5437 2699 3942 7379 6385 4960 565 2093 2788 6023 8362 3328 794 8715 6599 3733 4035 4848 4980 3507 8624 4510 6012 4914 
5143 3549 3647 2456 4221 5091 5127 1091 6767 5021 3818 7449 5736 3721 2937 1848 1533 7465 3706 820 7663 8480 7258 7208 2548 7545 8554 2570 6413 3269 3454 6077 5228 7764 8985 6552 1499 1866 2151 1375 6329 113 3668 8851 4105 9731 2313 552 4594 2362 3664 6884 8582 2644 9044 5776 518 264 9071 9993 4877 4815 7785 3989 5910 4442 4589 6776 576 3061 8245 4107 5242 2898 5641 381 7436 5258 2935 2564 4466 225 9982 9637 2792 3221 5776 4292 9946 4254 7186 1659 2985 3263 8365 9855 1382 8857 8251 9758 
4623 9777 8088 8265 8819 7454 6314 9865 3450 5908 4474 3495 1872 3957 4533 6523 9628 7914 5266 2339 3640 591 9437 4262 4574 3538 5364 265 5765 1442 165 2447 5204 2061 3663 3098 6719 954 9608 9267 9842 6923 4385 5174 9599 5356 6684 1068 8259 5284 6302 2560 1767 3016 5134 8373 9045 1082 4113 4034 2771 6790 1195 6868 8072 9829 475 416 3224 1654 7918 8847 5954 9135 2205 9076 4851 1089 1186 3547 2088 9918 3017 5573 7013 5286 9507 7306 3462 354 7246 3373 1175 4038 6518 1666 5974 7369 16 4494 
3002 7284 6175 644 1969 8824 3328 3439 3117 5672 8203 2673 3346 7038 5797 6907 6543 1486 1533 1005 839 8247 4279 1516 2152 2905 9761 2520 4908 6544 1339 6802 4703 3302 5986 4629 9898 8997 1345 8644 9738 3128 6674 8737 6902 9481 8068 9316 6281 199 9552 2960 5460 3828 175 682 2622 442 3148 3365 5401 9790 3135 1169 9793 77 7048 4718 3980 6033 3311 7595 1501 5557 9810 8021 3403 2048 9825 511 8129 193 166 6576 988 5713 4692 2600 638 9957 4200 5872 5576 834 1698 7557 3126 709 7083 2708 
4776 9635 8610 1764 751 226 2819 2248 3989 2187 496 8991 597 8382 7774 7403 2488 3491 6628 2751 7041 4640 5301 6990 2517 7290 1881 9327 5420 2772 449 7954 9483 1919 3406 2428 9313 2934 9875 615 4667 6277 9701 6674 3705 110 1031 4383 7770 4833 1228 5562 1234 5671 1705 2900 6317 7345 7220 1547 2097 3724 3146 3438 5675 9360 9164 4184 3013 6448 4686 1317 3471 488 2245 7134 788 8069 7843 3632 3687 1052 4497 1114 3640 7516 3778 8171 5614 7377 6465 7973 440 9651 4629 4597 3084 1402 5232 8900 
6842 980 2438 1458 8506 4844 3836 2112 5412 7516 3196 8912 7554 7129 4603 3540 2912 3081 3809 3833 9938 2980 8063 734 2375 1930 7144 9563 1849 5878 3826 6267 4632 2168 4039 6985 9910 3333 5208 9931 7122 1010 5701 3335 2264 424 7611 9230 1102 3978 8271 8990 4013 4196 8207 4779 1075 3199 5213 2647 564 7911 2892 2175 7466 559 1800 8257 168 4231 2937 8827 1096 550 5425 3458 737 688 9982 7325 7943 4646 886 9249 397 7719 658 7199 9884 5706 1955 2429 2676 8073 9920 4512 1341 4376 6568 879 
5139 1382 9330 1158 662 5567 9880 8655 3105 8828 182 9118 3573 6685 5171 712 2279 6340 3864 9218 6793 7289 8270 3906 6176 8684 9871 7536 5769 8320 1679 6960 6274 3725 5891 191 8260 875 1478 4105 7677 8101 5204 910 5720 4888 1236 5581 9581 5025 4324 4891 8212 8513 5198 9465 8455 5503 1108 3071 5339 7863 3021 9542 1146 2478 4861 6135 8200 6147 3887 699 3042 6420 4770 6045 7094 1242 5726 4201 8123 2413 5516 1282 4354 9473 7887 5614 7194 5476 7710 1398 1715 3083 6338 6973 8328 3340 2286 4505 
1018 873 5317 4238 6326 1966 558 7941 7961 4100 4025 3397 9563 3688 3443 2397 1495 3258 4497 3660 6128 6643 7286 3070 2149 5169 6036 6842 4232 4125 6647 8545 9226 3267 7969 2688 4740 9808 3400 3621 6512 7940 7177 6660 2653 8031 4894 8271 2053 2386 8684 3118 5537 2848 5673 8302 8968 1268 8332 8996 177 5200 4347 6420 5069 8268 6386 8289 4255 4817 5698 7584 4931 2397 3368 3977 5829 5589 7395 9799 5388 7452 3345 4963 5103 3548 2074 4903 1276 3632 3604 9129 9953 1207 3841 2226 5554 5962 1160 2910 
4060 7549 5665 7575 4108 5437 9402 8844 6690 5065 8031 8010 371 831 4434 5096 4915 571 8012 2048 1864 7566 3671 7433 2287 4085 765 1422 6081 1726 9861 6626 6815 808 7674 3911 971 3084 8389 7819 194 401 9272 1086 4132 5858 9369 2367 6877 6944 52 9043 6328 7801 8172 9803 4607 4015 5956 3287 2847 7703 5518 2858 2425 4741 6349 6928 3752 9073 1799 484 4750 4534 6786 9654 9827 4811 7715 6063 5938 4147 3065 7977 7861 7432 3339 5767 7393 8960 5822 7480 7702 2809 3605 372 5681 289 943 9264 
9211 8676 5852 1211 9843 4734 1137 6486 228 6724 735 8236 7832 1267 4848 5675 1605 3342 4228 6879 4212 2098 7335 7321 882 3552 6213 182 8399 1364 8173 2842 2683 947 8351 7553 7965 8475 6895 2454 5348 8010 7550 68 2447 8671 1125 1082 3958 1784 779 9919 1424 2042 6298 1156 5607 6750 1667 1187 5003 9455 7939 4448 2187 9937 1123 3887 9649 2404 5187 4769 623 3528 5647 5980 4348 2672 9568 289 15 4108 8123 1673 1883 672 1562 2410 4826 7313 2770 3011 1576 3378 7682 935 291 4568 3501 8021 
8813 6253 2065 5176 7004 5080 6800 8594 1161 7564 1886 1490 2075 7373 2060 5934 7855 3731 1142 1254 4911 1318 7199 140 770 5966 5255 7335 765 6615 4480 3609 2477 1272 3614 7470 685 9129 1101 8784 8096 2831 4245 3339 2138 1546 6882 2787 4956 1580 6964 6574 6828 3143 745 2515 783 9284 713 8017 6016 3592 8044 8535 2578 3526 8246 23 1874 4872 8851 4699 2925 960 5871 8138 2152 8826 3297 3722 3036 2886 5991 8475 1767 3877 4493 2375 4003 7901 7487 648 9424 8879 435 9744 3949 497 7521 8549 
5526 387 4372 2583 4136 6401 7050 8995 599 9782 633 7456 7439 8441 190 3930 2881 5705 6321 4010 5538 1173 7282 4600 1396 633 7253 20 1474 3716 7436 6969 5166 1091 8506 6505 3897 5169 5045 4782 8608 5824 7584 6206 8922 4047 5648 2543 8705 2088 7690 7539 5358 1225 4366 5066 6227 1580 5698 2592 4697 1925 2791 7222 4217 3018 9823 7664 2208 8852 293 5666 4484 4876 4809 2141 5771 8565 2942 4313 3178 3513 4678 286 9901 5279 1799 1951 2884 6993 9045 4245 820 5722 5762 6824 6603 3532 453 1052 
5328 5647 3227 7708 179 9965 4250 5101 7641 323 4584 5538 6221 4118 9615 2158 986 7229 6438 7371 2384 7969 6166 293 9770 6120 2238 1491 9718 327 2902 4608 9728 3794 8178 1887 5492 320 1057 3068 8662 3454 5533 9774 7971 627 4488 8057 1845 5541 797 1136 124 7370 8799 6029 8843 44 3547 5430 5076 4543 9196 6415 6490 4910 4257 8266 8717 3792 7176 4976 8796 195 4696 5092 6464 2847 3787 5849 8097 1487 6665 2088 7942 7279 5779 9122 9275 9063 7653 5491 8338 9823 4548 3937 2259 5752 6784 9917 
6006 2857 4836 709 2199 7661 1898 9191 7962 238 5353 3433 9064 1206 6448 9356 2735 419 578 8961 9876 265 3727 2696 5274 4236 9872 8719 4428 8957 6898 6967 4601 795 1630 6675 1451 8449 7771 2723 5641 1671 9561 3442 9494 2587 491 367 4890 949 5543 2025 5482 5021 7788 8111 65 7131 3461 8721 500 1591 9687 5482 8587 3727 3603 4796 8441 3584 7309 3088 5203 9525 2476 9233 4154 2146 4395 7587 5632 2542 1222 3676 5658 1700 7327 3072 6560 3547 8853 4513 2168 4928 9445 6119 1210 2592 3245 2835 
7763 4628 9205 9819 5277 1023 6835 1732 6484 8137 9386 4114 2782 4237 7805 1300 4851 1850 7320 7968 6033 9930 4736 5916 9066 7543 571 8052 4411 6574 5816 9678 7846 2777 6339 4427 6540 5849 5761 1499 6793 8863 9656 1197 4549 5146 8315 1645 9073 596 2143 6304 2655 6389 9871 407 4968 8274 434 7330 9767 2738 9808 7545 6348 4187 1627 3671 3491 2820 5868 5321 6399 3410 5862 3850 4138 6969 2453 3296 5392 3931 3822 2396 3827 1051 4975 2480 301 8950 7276 3938 9429 4555 694 1067 245 5274 1304 9672 
8769 7126 4728 4208 3842 3892 8702 5802 5523 4883 7950 6555 8335 4615 2786 994 6394 7103 5538 2501 1966 9251 7281 6729 7575 4523 1094 5268 8446 904 8910 2816 7675 4718 3136 5886 6647 5299 6549 6906 8018 4034 1911 6565 7979 7793 3099 6 8980 4643 1498 4325 7517 8161 8519 8627 6939 8298 4459 191 9172 4726 2684 3497 1553 9985 7079 5012 5073 4418 876 2211 3886 9727 3546 9172 1952 3247 8209 3422 8365 7982 8687 2978 5040 4805 1767 3749 1082 5715 5369 4374 565 9433 114 2138 2353 2595 2031 3464 
7171 9581 4612 7225 1821 1323 508 775 1310 1084 8223 1997 936 8405 8353 7120 2764 7243 9189 8423 8045 3040 1575 2449 3587 3306 7252 539 1388 1699 4356 3261 1227 457 3549 8832 3488 1488 498 5372 4660 3145 5907 9274 9201 207 681 9126 4578 9509 3527 1094 2910 6986 150 7130 7259 3756 6048 2345 7857 7726 4987 3110 3714 2167 7709 5258 4135 2828 6130 7131 3770 7749 1568 7420 1297 2310 9182 4907 2990 8157 5445 3178 7972 743 7560 6071 8663 3118 9193 8211 7373 5917 6477 7386 8111 7722 7571 2696 
3101 7032 2373 1414 6664 6796 2681 9383 1632 8840 3278 5038 2452 9826 9491 6882 2955 5107 2050 2566 2422 816 6922 9685 7917 327 8541 7623 451 3975 1820 772 2345 8141 6805 1909 7417 2623 7356 9159 6795 6029 5688 8085 331 5372 8230 3217 124 1082 7597 6507 3862 1154 9458 6807 9239 8756 6979 8324 5486 9785 7509 1322 7337 7393 6184 8286 9389 2714 1489 1336 8601 9652 5780 1812 5298 3797 1243 960 4850 8301 8520 1128 8916 7459 4572 5881 5405 3976 4212 6067 2673 8226 6890 6107 7554 7398 3339 6421 
9909 1113 6302 4367 9777 208 6743 4255 3955 5906 8892 9151 8787 8835 1340 1651 1153 1962 5237 8912 255 439 4443 3848 2680 1459 7712 9970 8250 8273 189 1658 78 3044 3091 1794 4116 4470 1628 5745 619 8417 1024 6330 5923 8414 2563 9611 6307 6925 3884 79 4834 9035 8547 4904 221 888 261 4991 1136 8794 2918 1664 553 6574 8571 8942 1734 4819 1061 105 788 8292 2405 4646 563 8606 891 9688 3787 5890 3713 6745 9252 3635 7809 9091 9953 2205 6882 5199 942 5103 4054 5830 1417 6495 2088 7098 
9040 982 1410 1934 4824 9275 8017 8910 9439 6459 2736 4578 5802 5248 6608 1443 3638 3091 1661 6524 3948 7825 542 1412 5481 3572 2464 3988 8441 6949 8235 5064 9059 1733 2550 6519 5830 2375 2762 8558 2169 999 7813 3157 3429 5464 3134 3010 5087 8786 6521 4997 5340 5390 2670 8479 2397 4976 3423 3426 8860 5237 6876 9519 8723 7734 9588 5690 2944 5348 1287 2319 2475 2499 4537 1769 9724 6592 7511 209 4476 3813 4206 302 8215 6914 5362 4858 9570 8368 2089 8907 8561 7667 9640 9524 3833 9457 6772 1142 
5954 3992 9475 3171 9778 5494 8304 1597 673 4112 355 7441 2496 6875 976 5360 3587 3741 253 7460 631 4509 5124 2335 7833 22 7477 6224 2657 8933 2144 3150 6701 7057 5172 9770 2273 3939 3032 5558 6790 240 1481 6132 1145 2768 6661 8395 1326 2772 9959 9664 9779 8526 6260 4368 9462 765 9267 2554 8514 6064 8780 9234 2684 6398 4023 1472 5028 782 462 4758 7034 6684 2101 7525 9381 5221 2352 8653 5928 6438 8486 8945 5946 2959 7015 423 8970 6768 4135 6401 8508 4091 2405 9105 8900 5764 9365 3037 
331 2521 5624 976 4576 6794 2842 9495 7111 5669 3849 332 6076 2738 3884 6412 2599 1952 8679 8777 2572 4518 1659 8490 9133 5534 624 5501 3642 9545 6898 6360 7517 5334 8947 2114 3312 3610 1162 8836 9077 7299 6206 2985 8032 6988 6553 3361 5664 5813 7584 4551 4537 6091 1079 1039 7527 2484 1776 7441 259 7610 9832 8892 2729 751 8966 9586 3431 1922 5056 7393 7978 3320 471 1874 6392 4101 5757 2057 4938 6138 5738 9585 3700 1054 9190 3476 1685 3290 7043 2484 6003 101 9134 5179 8122 4202 8322 9350 
2634 5940 4202 215 2503 7817 9198 6528 357 6370 2314 7404 1697 8340 3400 796 973 5631 681 5551 4833 971 6384 3487 5027 9041 2758 4990 9973 9313 9798 6932 6627 3489 7585 5567 4906 8580 1589 9597 9655 7461 8207 3589 5911 7871 5022 4412 5720 1472 1094 8335 4248 4551 5164 6967 9571 5146 9427 277 9760 9280 5866 9872 8769 5902 1667 3230 7234 5448 9597 6356 158 4722 5909 9126 5894 3023 161 711 8659 6070 9848 5377 9923 1179 8431 9513 9692 9756 6705 1434 7114 4904 2280 9334 634 9866 4321 5357 
5339 1498 3664 8710 7679 8293 5304 5888 1404 9174 4971 632 1946 8812 3460 2709 2597 7787 2389 380 6452 5690 919 1884 8730 8563 9301 9171 4615 6465 3005 2908 164 1971 7402 9734 6998 6890 4903 904 1948 2431 9235 5959 7504 8538 3358 5362 3737 519 3172 1098 6426 1456 2554 1753 893 4511 4236 3690 8246 996 4471 4300 3881 9928 9318 6583 8112 6585 847 4377 734 7598 5703 3063 8156 5697 974 729 5077 3045 679 8579 1458 7428 3047 2250 3478 5544 1066 7819 8164 6219 7602 8670 8264 4341 4144 8475 
5244 7622 6943 6577 5794 9652 2631 5563 3523 9446 7726 6512 5342 6963 8251 9400 4188 5959 6692 8278 6463 4334 7922 6130 20 5254 117 3093 6567 7705 1427 4413 987 9403 7341 8883 9395 4410 9089 7602 8822 9067 7359 8038 7910 4713 125 5120 391 9836 2694 8883 3002 8603 806 4575 2898 7416 9600 1395 8021 7248 9352 1529 1542 1774 1515 6488 9660 1855 7207 1852 8699 7063 1424 8122 9200 7236 3326 8928 7283 4247 5328 5385 2853 9679 9640 4445 6811 844 4509 2288 3901 5465 5644 5243 1395 2725 7092 395 
221 892 8989 760 7418 3485 4296 4169 7694 275 5262 5360 355 3079 2459 4058 6059 4645 2165 1879 1825 6135 1351 5185 1132 9248 2607 8325 2845 7307 5076 2042 301 8620 1770 3735 8076 8856 7039 1064 4891 306 4409 7900 9072 9816 3926 2806 2407 7622 4341 8733 7571 5817 1506 3711 1383 6798 1385 5385 5591 956 3748 1379 4485 6961 6867 8561 5247 9367 6941 2944 7010 6672 2447 9510 4087 5481 432 2587 2946 8403 9722 5193 6200 8911 1795 3228 4448 2468 7040 6979 9385 9444 4730 7899 458 5165 8435 7742 
101 3422 2337 4435 3823 7961 4244 4660 7117 8112 9979 598 9407 5611 7161 3380 9554 9949 192 6637 2977 6341 4712 7162 5862 262 4821 8147 4214 6004 1694 1907 8787 7429 672 9274 4972 3785 6709 3641 8867 2772 4529 9926 6956 1037 5110 9212 9326 9149 4366 6819 2512 4332 133 7165 4374 923 5307 9581 4972 2302 2394 3142 387 8118 1235 3635 3740 2049 9656 3760 1324 2890 8203 6019 3314 5226 6487 4842 2369 5798 256 9153 6036 1019 8733 5547 7529 2881 6846 6215 8063 5659 5934 6724 94 9244 5057 4447 
1371 6109 4137 6742 5880 1786 3955 5988 3204 8870 1018 3139 2440 2922 2878 8921 6739 1372 3086 9855 2456 8279 7715 5757 3447 1202 8254 5519 6453 3937 5829 6520 3761 7094 3149 6813 7835 234 8786 3848 4822 400 1350 1034 6332 9849 8818 1594 2218 3835 7052 2714 9654 6842 4912 8781 592 8517 4353 2939 3565 8940 3324 1898 8052 6958 7371 1947 2215 5887 9832 8320 9213 624 8427 804 5361 5144 9693 685 286 5782 5938 1363 3967 2002 806 6574 4770 1449 5075 8760 6822 4883 5706 9476 9254 6547 5494 6020 
1093 6686 8721 3408 8558 788 9402 8284 5622 1676 3689 8320 6909 6842 8337 1851 8645 680 4847 8620 8511 8029 4442 1375 2539 4235 8928 7467 9699 5827 8348 9940 2408 9046 4258 944 8150 9683 8439 142 5838 8673 282 5814 3531 690 2753 8475 6257 7839 4545 3788 5815 6671 4218 2671 127 6630 1888 9373 349 3521 9119 6731 8614 7442 6562 132 9192 3809 662 2513 5660 6179 6225 5615 6445 2951 7428 9767 9038 3206 9521 7337 6017 9132 636 8390 4991 2812 571 713 3966 9831 783 5945 499 6554 5228 8369 
2584 7430 1909 5279 5177 1476 5517 933 5918 9811 3700 8749 598 6890 3192 7116 7473 3188 5390 3686 5197 6010 225 2482 4547 1520 8902 8903 8398 8542 6696 422 8179 4594 6735 2845 8615 8056 8295 7222 3618 5406 4547 4957 8397 5371 8423 5621 5154 8229 373 7670 9885 7021 6800 9271 3511 5119 8678 3657 715 7806 8625 8671 3388 128 9507 3363 4772 4429 4211 1523 1780 8329 1117 4822 2860 9520 5952 1398 7008 5858 1273 5030 4763 8463 2215 5428 5921 6063 6195 8216 6840 1554 8056 8300 394 4800 230 1089 
1954 9253 7402 6258 8211 4075 752 2181 2595 5645 9848 9572 6872 8730 4211 3797 8246 6176 2513 6217 1971 1161 3120 1916 3826 9629 4862 8512 8646 8665 9165 3636 2516 2455 2303 8922 2302 2535 1139 268 9485 4526 2915 4450 2699 498 6903 2568 1495 7055 3080 2365 5692 8661 3900 3130 3318 1902 2591 555 8369 8977 2594 4948 5312 9927 973 4863 5123 6082 5357 2093 8821 7303 5112 5378 1817 2061 467 5576 5761 7037 8788 9929 7657 6107 5332 2487 4253 8630 8635 7985 4612 8262 5383 1507 2279 7883 2392 5604 
3367 2817 7281 8162 7778 1345 7234 8436 6181 2905 7158 7611 2062 260 956 1509 7749 747 9360 8743 6898 5822 2482 7178 5369 3380 244 5423 3349 2742 6086 1712 3074 3081 7630 7589 2633 4228 891 172 3033 4073 22 4243 8066 2263 8244 1364 7360 3029 5462 7957 1863 8271 2190 9402 4088 4925 7825 1089 7285 392 5536 2430 8288 425 9132 7299 1809 7603 8455 6459 1305 1507 3563 5028 4588 8821 22 2264 9933 6451 1818 118 6358 3487 2941 8807 9232 6878 5485 1176 4054 2466 5815 7943 5634 9212 4498 5447 
2567 8982 3030 957 3108 9731 6304 3863 2226 7436 3453 648 7146 7732 4242 2766 331 2139 5377 1424 1458 4618 8128 8143 9935 1585 8609 3048 2853 1673 3684 4616 7117 9239 1025 8202 2113 2640 5856 7192 1678 1561 1279 9975 498 1728 3084 2540 6499 3484 4795 4154 4818 6627 2959 7994 4996 5983 8134 3906 8820 34 5404 555 6403 2864 1375 9354 7484 7637 9639 3649 5565 7201 9204 5894 1208 3906 7605 4259 9510 469 7934 5016 8229 295 6795 6131 145 7188 339 662 5337 1280 4373 9761 1150 3532 3995 9051 
4841 260 9845 8567 1569 3169 4860 3841 8634 6447 1175 7566 926 1841 7103 5040 341 2382 2154 9577 5826 6114 6015 9874 8146 3254 1175 7199 8862 179 169 9978 2719 6791 3606 1016 2972 6666 4837 7434 3650 4943 4834 7740 8560 6518 1497 681 5660 4519 1854 7065 1565 1261 7035 705 9146 1912 8413 1006 8916 9339 8030 7518 8863 422 2722 2520 7491 3614 7378 4609 2573 457 1440 4770 4653 5092 9482 3100 2579 6759 2660 2993 7357 5694 1332 5802 3540 9869 6247 3644 9774 6560 1200 2141 8750 7201 7987 2771 
8559 691 5597 1424 9559 898 1816 3241 4316 6483 5353 2774 738 6904 1489 8355 2598 3029 5167 2886 7569 6924 7134 6242 9447 1455 9967 7102 974 6883 7158 4466 4966 4260 1747 5272 5579 2672 7291 819 893 4532 8827 5200 7843 6380 8418 9567 7588 4501 7847 8004 20 8339 9264 6284 8680 4440 1060 7091 9807 6014 3727 6765 6145 6718 2177 1807 320 7860 2841 6777 58 1604 405 6727 2055 1943 725 3886 3396 8204 4289 5020 4168 3828 8613 5939 5337 3124 4562 9893 9991 9916 251 3618 1851 2546 4897 1595 
5181 9594 6673 8240 4164 2450 9465 2670 2563 5350 3279 5748 9780 6683 4348 8004 8284 6908 6867 8466 6019 8397 7606 1383 9030 2187 5543 6308 5273 6884 7727 8777 4892 2391 2090 5220 9830 657 7625 6657 2510 2135 2119 1970 4447 2256 9050 7135 8479 1083 9688 8489 9814 9280 2379 9965 6140 5912 7969 7421 6542 3330 5251 9109 904 2736 7586 4820 2001 1290 5391 424 9990 6838 5667 6911 6777 1567 4725 8969 3322 8630 4113 9907 8830 7374 789 9114 5095 7321 7285 8140 7172 9626 1090 2574 4172 4471 251 667 
4774 5277 2125 6775 3018 459 3721 6568 6714 2172 5994 6083 8582 8740 3399 4877 6359 2498 634 3367 6757 7128 9740 4142 6511 9693 1753 5096 9760 1930 620 622 4548 2333 8867 7198 7160 1786 7924 6069 6998 947 4788 4267 7829 8896 9793 9992 8873 3602 7013 3910 6468 739 3461 7532 1703 2354 6945 1564 7207 5807 628 815 7808 6554 3590 761 1073 8385 1136 9227 3991 9950 2726 5801 6231 6406 1194 6536 723 5390 4852 2969 1333 5156 1162 3197 9377 5480 5670 2009 2304 8998 4953 4046 7640 663 8171 428 
655 1044 4166 972 1063 401 7220 3492 6439 6585 6305 4631 5960 7079 3772 5302 6955 2215 4926 8621 1787 1307 4486 9499 8406 3937 7947 540 7693 6663 2926 404 3960 9400 1860 3209 3120 7130 2621 9754 2217 9758 2675 8331 9013 7498 9684 9468 6436 2258 6632 8525 3757 2587 8411 8081 6349 205 3135 3347 2788 1255 9806 237 2286 3798 4356 5831 1621 2870 179 856 2996 7869 3221 1245 2095 8492 2331 2614 3874 1750 5636 7147 8922 3753 6083 1152 2267 8884 9998 7166 1580 3361 1805 6346 4174 6460 6847 7218 
565 9657 7415 419 9351 4472 1100 9706 4953 7445 6647 7187 8288 216 7247 4919 6208 5311 6391 5731 94 8662 8235 3052 1539 7930 5269 9389 7528 9328 266 650 3869 3396 9593 5743 6993 4409 1238 3744 6264 4119 8769 7434 8432 8205 8622 4827 9998 8293 223 6993 1091 906 9948 2353 632 113 2032 3962 5965 8555 8966 4348 3692 7415 577 5335 486 1222 3692 7441 45 3467 6974 676 3933 7894 3038 7813 1892 2133 9437 9663 1806 614 4836 9199 4321 117 8138 7084 2541 8011 6905 7738 912 6246 4845 3086 
6535 7943 787 6162 2375 8375 1244 5219 1211 9536 7452 2872 1161 4671 9421 1939 990 3576 4613 1366 1358 9730 2748 782 4297 5204 5799 205 1445 780 3984 7252 3971 4578 7560 3772 1368 3114 1062 7997 3063 4437 5370 9879 3765 5105 9862 776 5762 4691 8229 3895 2207 1691 8228 3572 8645 1828 3285 6063 8950 5538 2521 9310 306 6922 5325 4498 5165 8035 486 3716 6844 175 6230 6990 7249 9207 7628 5214 2901 5428 1485 7708 7578 6565 5087 9808 8367 443 4442 4133 1308 2537 6014 53 3678 6382 8542 5929 
8978 6093 9289 5862 2732 710 9192 271 9929 1150 262 1783 7470 2458 2043 7325 5759 2512 6211 1271 134 1083 9167 2484 3164 8151 4335 8037 2964 259 6108 9687 9753 3529 4299 9909 3742 8060 9201 8273 2479 6776 8970 4426 2152 7768 7215 4904 4733 9176 7040 9117 182 9987 7350 7482 5044 3226 8860 6827 7373 7848 6585 9312 4792 2441 1521 2147 4851 7402 5307 2925 4954 2768 6653 9966 161 6490 5557 9291 3578 1599 4285 463 5851 6817 4381 9294 3764 4783 7010 6117 3637 246 6007 2295 7763 3798 1058 3852 
1560 8945 7716 764 2748 2804 5489 1358 9724 1633 32 7795 3127 7769 4906 5151 4589 2893 9285 7258 1464 6781 2993 6552 5738 202 5518 9062 1237 2336 7252 8014 5101 7546 4376 6178 8852 9759 3004 9031 7949 4572 1777 2671 659 5477 7434 6009 8298 6956 3762 3377 4517 462 4630 2047 9253 6532 6427 4890 4435 3955 3415 1930 5574 1648 3216 6209 3270 2635 7554 686 7322 6194 7200 537 1311 7272 2216 9608 974 2501 1076 3557 1700 9894 4657 3672 502 5407 7023 8413 7397 1327 2667 6845 7275 2221 875 454 
3335 8352 5288 1704 9716 8933 8025 5880 9141 8491 3072 6014 231 5377 5164 8995 6073 5318 4712 2566 9447 3857 1820 2509 2286 1844 6538 8895 421 9226 303 3852 3776 3071 4082 6424 9438 2424 5599 5008 2775 7847 4924 6994 4151 4269 1150 9714 9029 3187 7889 6543 5488 5249 868 1004 1552 7632 7725 15 7430 2256 5804 2516 3911 3199 8562 4957 7254 4761 4842 351 2968 8788 512 8045 7970 8124 6240 7501 1999 3874 153 458 306 1598 4524 8469 6733 6862 8890 9539 7410 5155 2278 5844 3114 6112 937 8805 
5395 4437 4116 1260 3500 9029 4845 4764 2493 6728 7084 5335 9353 3952 7719 4813 8470 7468 3591 272 1060 2449 9053 961 9787 578 1425 9812 2048 9077 4586 4182 263 3604 6915 8066 3977 1537 6606 1647 4738 9683 2924 8495 749 8493 1869 5669 2878 6111 7259 6561 981 2211 7442 1499 8229 8423 1400 1870 5618 243 2715 664 141 7361 7505 3347 6072 2262 6673 1307 662 8857 7441 1921 2115 5596 7067 1846 8135 4229 859 289 2140 8066 384 4635 1743 6886 7182 7370 5590 587 8231 2017 2997 7719 4443 4648 
6331 8335 1034 9123 3958 4982 2482 8220 2983 2757 2052 1544 1341 7871 1204 3510 9036 8262 3657 2999 4663 2612 4062 335 5364 1215 836 7464 4167 6122 7928 3713 2527 1259 7347 6133 9563 3105 6573 5865 3571 9548 9521 9179 2721 4681 3557 3626 6134 2641 160 9932 4704 5800 4282 931 2782 1692 5418 2120 1810 55 8748 2356 6561 9841 7954 380 3756 1471 2145 2351 1822 6054 5643 4355 1636 8567 727 2974 5931 4627 3579 1204 9420 8101 8634 615 6998 8384 8195 2355 5448 2052 9135 1526 5035 4134 2152 380 
5911 8679 1697 9497 882 6279 6023 5510 1169 5521 7558 4344 7732 4400 4868 2997 2379 613 8474 2842 5888 5922 8708 235 8729 5573 2084 8074 6576 8145 345 8751 5482 794 6704 6360 3078 6412 5720 2699 7341 6420 9249 2073 1567 1329 8919 4297 2346 9758 8546 8999 2566 9866 2071 9287 2253 2368 4297 6345 2560 7539 9428 6758 7499 2753 6104 1639 8790 103 9722 6168 4169 4194 8672 8310 2481 6970 816 5854 4693 1754 475 1754 7385 1741 5589 457 9844 8049 7955 7308 7005 592 6257 3549 953 5071 1627 825 
541 5849 6260 79 6337 5784 9250 1066 2287 1168 2317 1969 781 3270 7286 9990 4746 5528 8676 5394 4966 6640 1398 4344 9618 401 8534 3028 5804 3783 5889 6061 186 9666 5435 7175 4062 2520 8792 6474 9470 630 6311 4240 6593 6292 7434 8305 3799 1726 6944 2007 9547 3015 6748 4919 499 4227 2179 7321 3909 7871 9514 9752 5367 6407 1511 8469 9261 5969 2714 4208 8670 8988 1793 6714 5046 2244 8382 6217 9479 6385 997 4584 2629 8840 6797 3899 5676 3496 5929 5185 1129 2381 9160 2936 9847 3718 4257 4533 
1666 287 943 7274 5505 4091 2112 6292 8565 3152 5385 1154 3725 36 4109 7153 8767 7930 9807 4873 8908 3991 2448 6859 5718 1976 4579 2508 4165 9331 631 343 1872 5396 4275 618 1688 5588 3462 68 2742 6727 8999 4056 7834 3579 7858 5771 3573 4595 1466 8528 5463 9593 4562 2796 505 918 6698 1674 6236 9509 9064 6851 6201 9023 7053 9824 840 9039 2968 7205 7315 7078 3846 5410 2594 1110 1680 4055 5412 88 923 6563 9343 1484 2018 7266 5080 4369 3573 3587 6215 823 498 8623 657 7474 1193 4433 
7260 8214 1466 5861 7979 6174 3959 4455 3957 3240 2274 4533 2035 9813 2512 4499 2855 1348 9807 6100 2335 2571 3934 5632 3826 4686 3179 1879 7141 4130 3468 8617 1589 171 4862 3456 891 1010 6624 7625 8394 8256 2570 6994 172 734 6596 7833 5899 3969 4370 4247 3398 783 3830 7907 6773 9610 5275 5139 4133 4427 3628 2278 9283 6737 2407 6229 4559 4767 5395 6184 3481 2883 2644 309 9562 4373 2879 5178 8239 407 9046 9746 6904 2155 2790 9397 7521 8721 2063 4643 3976 1829 3962 1366 6849 6238 6540 6274 
9467 5169 1757 7336 4086 8377 8237 7101 9599 2054 390 97 3397 1852 2803 1555 4050 4946 2934 5052 5342 1161 7195 9193 4156 9363 3673 8938 3284 6100 6600 4657 2557 6742 9406 8366 6787 9475 7333 6426 703 1020 6312 5723 7724 5660 7031 9908 1644 8812 8580 3405 1908 8351 318 5244 7474 950 6574 5320 2397 7784 4675 7118 2623 6871 6990 9741 9754 143 692 4100 503 8678 1925 4974 2788 9440 7014 1880 8042 3514 9073 4806 6268 2131 258 5200 8903 8200 6880 715 6052 8226 2183 4782 7550 2380 6086 7558 
6431 9808 1778 8494 5525 2741 5247 7407 5442 277 7407 958 7248 9567 8540 6336 1597 944 7395 8015 9431 1677 1624 9459 3775 6095 8615 5921 354 2109 5020 7408 9090 1740 1763 3134 9778 7558 4064 5257 9208 1403 8777 7929 6187 8121 223 8665 9268 5374 4767 5768 8301 5697 3599 9782 2465 4535 4413 9065 3596 6919 744 8537 9435 6206 2482 3633 1749 5867 2806 9532 1948 3679 4268 2469 3313 6581 6778 4548 956 3819 2464 5755 955 6359 5809 6156 3982 9721 9360 4258 7117 9632 2591 689 8884 8370 6363 1845 
3098 4113 2859 9655 943 381 685 8868 4989 3983 2239 1632 5195 1269 3390 8575 7245 6632 8453 5920 6614 591 9365 6939 5529 3580 7865 1281 4743 2525 7320 4976 25 8499 3379 5942 232 7733 871 511 4890 6555 9300 9426 2646 2736 4748 2571 3373 268 4516 2313 7954 7384 8709 7417 5514 3846 2652 2816 3775 4249 2688 6145 8668 4618 7637 7863 6887 5814 3460 1824 204 8057 1863 3961 7973 7066 7610 1737 6712 3371 3782 9129 1353 4424 7225 1300 5466 3350 6510 3229 3742 8955 3324 2147 8069 5021 7031 7701 
3010 8815 5667 4181 3781 9132 3562 9381 6639 8565 1434 1111 5082 9878 3677 2496 3088 7222 7531 1523 4765 151 9788 2847 9100 7159 2599 3390 8007 6652 9189 1760 4260 2992 2228 5307 3508 6019 2568 9435 6107 1854 6881 3128 7182 8798 4798 7782 68 9865 6229 9397 8955 5310 6152 3611 5114 8592 3631 7249 1134 2725 3470 9629 4078 8019 6584 9179 7596 6819 6804 2619 6768 6857 4979 7795 339 6298 6228 1445 1587 1620 6233 1386 2635 8022 8331 9345 3870 1973 8818 2070 5525 8681 6223 713 1868 7202 1682 364 
1786 2017 1747 9681 7585 7432 3496 7584 8508 8889 4230 4310 6971 9887 4830 2142 7752 6546 3620 1054 8833 193 6346 6420 5101 774 8652 186 8252 4580 677 804 1193 5092 9267 8856 9774 1723 760 2173 9249 175 3719 5356 2630 5431 5846 516 1622 90 2214 432 1273 7476 7637 2250 8083 6112 5836 1557 1347 6183 1716 4417 7032 3631 8909 2190 6018 8705 5006 1314 4571 7549 7687 7887 5898 4149 8359 3871 305 2618 5405 8271 4441 3781 4178 3084 3981 3974 6593 2714 2980 6699 6409 5043 2402 980 4129 2664 
9638 5894 306 6460 8046 9302 9894 2666 4371 9739 8697 1624 4847 6821 1020 9701 7559 5036 9644 8837 801 9106 7540 9735 7143 7725 2128 9670 6879 7640 9598 2170 4457 7985 904 1803 4915 9790 8452 2032 3846 5116 8138 3691 8662 3320 641 1281 5484 7416 6402 5444 8936 5750 4986 850 3839 6832 5189 8490 8750 312 4148 8378 996 3032 6663 9002 4282 5287 3462 3068 8275 5859 6354 6000 6828 1410 9166 7145 9981 5735 3247 4173 6552 5741 1116 2741 8798 6703 8056 6426 9060 240 9972 5501 409 8964 4989 9998 
7371 1090 3619 1124 3947 7566 8330 917 9 2849 8862 5490 3050 2706 3394 8234 476 6745 3327 7874 3396 1176 1430 5788 7677 5208 1163 588 7700 9873 6220 1442 3997 2527 14 704 2678 7350 8058 2456 5664 4257 457 7508 4232 5898 6576 1189 927 5216 2714 923 2800 4462 8808 4013 6673 6010 5053 8160 3599 6992 8423 1978 6996 8600 9767 1138 5273 9429 4491 7057 6651 500 962 6553 3031 5745 4398 4533 5130 5617 7987 4883 6355 9901 5244 302 5846 3805 9996 1407 2966 4134 6399 3680 6275 155 4890 5676 
478 9228 4417 8436 9075 4923 3388 4305 179 8953 8147 4882 8248 4660 5015 2230 3811 3153 6079 4810 8840 3195 6430 3165 9564 9652 4749 7241 5472 382 2563 7269 148 9847 9465 8467 3303 9639 4982 1959 5415 2846 6063 2900 1346 7270 2223 3490 645 5230 4945 3566 5119 4463 4107 4998 4807 3313 2981 4499 8413 5011 9865 85 935 8722 5292 7196 1752 8892 1310 2895 5454 3997 1679 3995 7182 7889 6570 7642 9485 5103 3561 2613 701 9662 4575 3831 269 4109 2451 4809 6023 824 6593 3759 7279 3691 9746 3926 
400 7117 9897 4027 9080 9670 2966 461 9184 4256 6712 7013 663 5463 5257 5455 8436 5496 2126 4791 4537 5493 1247 4322 8017 3037 4956 2999 77 3550 6348 7327 5238 8569 9253 8834 3409 1493 1470 5916 9609 5881 7644 7570 2191 688 3389 4924 288 9526 2600 4233 7488 4735 6411 1770 5000 9738 2319 7861 7169 8851 4002 9036 5435 933 8591 3519 5488 5627 9838 742 441 2526 9522 4453 5733 9569 4267 8892 534 2589 1160 5235 9613 2350 7053 7279 577 251 1720 5412 3029 3300 7625 9747 3219 6691 8772 6462 
864 3963 7288 7086 437 5396 3925 6759 7750 602 386 555 7585 4674 3170 3334 6219 8738 8246 6980 149 8679 1859 3790 419 9310 2226 8034 1476 7133 1264 9815 1512 5986 3681 254 2118 1196 2236 9183 1884 7976 1705 6789 6599 7153 2357 4595 1737 9888 9739 9029 1277 6053 2467 5400 7128 9862 9076 9741 5127 4422 8700 4811 8835 8233 5409 6180 12 7545 8095 5858 5827 2115 2303 5406 7122 2170 1992 6825 6989 5773 8744 9336 4081 7695 506 5968 5595 8869 4461 2901 5824 1955 178 5807 155 8970 7100 4683 
3488 7337 2150 3178 621 1950 9018 4269 9526 5149 3588 6415 3632 7955 1894 3611 6818 3470 9986 8823 7330 6874 9943 8580 2089 8705 8571 3340 3335 7348 2175 3354 5167 7710 5033 4429 1480 2289 1570 1202 3522 6403 9035 6186 7091 2948 1581 9276 1556 8948 4779 8891 8446 8041 393 9088 2127 5062 6030 3314 7429 493 7656 5722 4019 7344 2921 7879 2608 7587 6644 5493 7193 9199 8885 6131 1493 955 4178 5251 5124 4113 2457 3456 5856 4713 3760 8896 8984 8507 7292 8900 2748 7522 1196 1623 7851 2601 3006 6284 
7399 115 8535 4916 7329 8025 3539 8801 589 2185 9935 5447 4943 9905 6333 6008 6146 9596 6008 7986 7776 7807 1543 4370 8525 3351 7897 3969 1997 3324 6614 3259 6220 1205 4234 8711 2076 5418 1890 3447 8540 7623 9622 7670 3352 2569 1954 1247 4727 2640 7519 7569 4134 1996 3502 9608 9775 6351 3148 822 2270 5585 4160 4171 620 1037 4601 2122 2566 1379 516 1441 3777 8693 1515 796 3561 8439 2883 83 5591 2416 334 2045 9420 6331 5024 8150 5828 4296 322 2676 733 104 6922 4559 3853 1558 4550 7658 
7896 1061 6141 1059 2528 1637 8669 8137 8774 9847 4475 5363 7995 1704 6828 3139 3811 9108 5570 749 5452 921 4640 2175 156 1192 9525 1170 3749 4148 2512 9252 9877 9180 3153 6535 9364 6175 1680 4584 1037 6415 6186 5320 515 1537 1215 9462 6482 904 1970 4999 6653 583 5990 2515 8971 6858 6311 8651 2414 959 283 3711 1049 4540 9960 2679 8887 1976 6460 1508 817 7031 6337 2933 2267 9725 8021 6919 909 6530 6654 9139 5333 1175 626 5747 1786 2623 9113 1682 194 3955 3696 9014 6607 5414 3005 2971 
3186 9512 2465 9725 3360 7697 9896 4921 1097 3944 3386 8649 3453 888 6196 4371 384 978 872 6511 8674 8168 8036 9122 9873 9557 790 7021 1671 1655 6552 5384 2028 670 3139 7192 3063 1338 9662 5287 4511 1811 4493 5265 8869 5486 8481 1645 4308 6783 2107 1392 4381 7096 3660 2251 7199 752 7493 9408 9924 834 7843 3962 6574 8758 1574 5600 1794 1180 7702 2060 581 9109 6306 6902 5197 9272 7689 5591 3997 6549 3693 7766 6760 6817 3835 9293 5545 1432 150 419 5667 1413 149 3614 5627 6186 3504 660 
1623 506 6114 3726 5189 6650 2694 5258 6031 1786 4564 3058 2740 7984 6690 977 9572 3932 9257 7197 4333 4552 871 5814 4104 9477 5141 7688 8141 3233 8022 6940 524 3966 9577 5157 6388 9246 575 5518 8057 6500 8078 4029 3689 4785 9396 2573 8328 7747 7126 4695 7954 5276 5175 7954 8076 4717 7917 9261 6850 7145 3028 4612 4438 6865 4581 2056 2053 4440 459 8154 2452 2160 2531 7422 3751 5969 5276 2640 3070 2851 8164 7791 6878 1494 2060 9690 2250 4810 4543 2980 4641 5229 9948 2862 4589 3801 7664 5382 
5416 944 8890 5603 450 6855 427 392 3785 7889 6214 6863 4418 8473 839 8140 6155 5479 1190 3509 795 6390 6802 3377 675 8286 4593 7342 3511 3211 4338 2181 4267 5893 3545 3809 9069 8830 224 6277 9216 3113 4778 6744 1639 5325 5550 1323 968 6492 1660 6636 4910 4491 3049 6711 2268 875 8702 2374 6318 8255 5100 5571 1686 4695 798 4959 1860 2129 3461 1861 2996 5130 4001 3922 7130 8930 5181 5813 3338 2048 3233 6804 9737 6832 9929 778 7516 6767 8503 8463 1197 2458 2089 107 8459 5542 9195 2058 
2458 2134 3666 3451 7334 1705 6121 5878 148 3809 7503 8363 5573 3330 8412 5168 8450 923 8976 2811 8810 1652 8413 2131 3562 7232 9518 5907 1419 1694 2035 1136 7540 233 2800 8398 9083 1217 8169 1422 7539 8893 4543 5367 3864 1547 29 9420 8968 5759 7417 5464 9753 3798 5855 2295 7901 1194 9989 7753 9419 3784 3946 8982 6034 3189 5946 9711 8033 2680 9584 4570 4251 9474 2212 9063 4735 3077 994 863 8050 4851 4899 9612 5290 4669 485 2202 3308 8488 1556 4494 3957 5675 6518 9981 8502 3131 9744 7667 
2185 6288 2113 4863 4881 14 3640 840 8210 9944 7654 1761 1786 7465 3586 6020 8000 9988 9310 4242 3698 2021 2858 6893 5107 5127 7993 4644 9367 9256 9735 311 3375 5390 5631 3457 7978 8952 6186 1588 2835 2526 6731 8550 854 4906 5756 3627 3067 7486 6986 1933 1226 4359 4584 9859 8590 3624 7906 8903 5674 3293 8591 3741 9488 4576 4407 5195 301 3965 329 7039 1592 5410 7506 9110 3626 6907 309 615 1512 123 6864 5405 8075 5714 9696 4886 2948 1292 7078 4615 8545 548 4913 4839 3164 9940 608 6083 
9367 9795 1173 317 1029 5849 7128 6190 8080 3269 6149 9281 3351 1915 5457 8541 4615 5114 9915 4134 4391 1850 3498 1507 2411 5556 8799 94 6643 1291 7848 8727 1934 4770 6854 7170 14 5736 7217 7092 4818 7690 1098 282 6675 5014 8731 3151 5296 270 6287 802 303 6109 7017 2497 1818 8345 4339 6791 2796 8070 2845 5418 1347 1741 5047 9732 662 2191 8217 9705 3803 3064 29 3050 1696 3562 9410 3522 3412 4522 5994 5629 3413 4696 1406 7830 9614 6978 9293 83 6734 9345 1222 319 4039 9481 8982 7896 
8098 2091 2107 683 1448 7012 3878 8553 6641 1861 1641 2487 2029 5013 7261 6970 7166 4773 3155 6128 5040 5884 1507 4903 1394 1118 2852 7841 9223 5477 8142 7117 5466 2472 6822 7464 1396 6501 7555 9618 8964 9421 4605 3169 8394 9546 5391 7938 8453 9504 277 7793 8304 635 6010 6616 6651 831 1130 3760 3413 4586 2220 5078 5699 2153 3668 871 4249 1614 7087 868 9986 7520 3604 2696 2278 7613 8694 1506 4705 2218 7736 6012 5998 5931 5493 6990 4399 8062 3933 2565 4191 9978 1451 7052 7008 1574 3905 1035 
497 3516 5842 1824 6687 8067 5002 1627 5072 9464 760 9018 6958 5863 3306 4823 4461 2516 3087 4409 4036 3300 8505 8873 9791 610 9906 5213 3423 6952 3098 6086 1730 2355 3445 3394 7540 1349 9098 1011 1329 9630 5972 477 9391 5824 4883 1669 8458 6554 2161 3976 1746 2221 2654 802 7616 4833 567 4117 9785 2143 7163 7137 3935 1818 4937 1564 514 1025 1997 6915 7778 8478 8136 1301 1773 4714 4791 4296 5115 4037 4175 2982 697 1701 5873 4182 2165 3643 3406 3499 3810 7158 4771 5266 3206 1294 5838 7382 
4409 1330 152 7563 8765 9800 7603 4100 4784 9693 9401 1713 2307 2650 3453 7890 3687 410 9815 3832 8420 8463 9193 6500 2523 1246 4514 3540 8695 9498 3888 3703 4694 5460 2173 4728 2530 8980 5290 4827 7844 8332 1126 2509 8819 7705 7840 1611 4101 2771 682 9588 6151 1531 7053 4430 9480 1693 7163 2233 3687 6747 2024 2328 1915 9615 6679 5646 8388 4877 2707 4983 6692 3174 1468 2475 9066 4614 9675 1861 9267 9026 4986 3900 2864 4034 5919 8263 9167 2322 6051 5462 4142 3085 8498 8300 7395 6201 7986 5067 
6764 6004 9502 3102 2256 7611 4755 7064 9368 8089 5581 6597 9936 5533 5313 3896 3825 3169 3601 4174 3932 3693 9618 5196 2282 1451 8902 4944 9683 875 1963 9771 5820 7881 4592 5043 625 9190 6291 2543 4215 6550 6867 5544 5975 1239 8064 3956 7027 4266 530 8043 6895 6808 4119 5574 5069 230 9447 5802 7224 9213 4518 9391 319 2531 3478 2557 6125 2001 1570 6438 4337 7031 6156 3487 5674 2317 8761 3430 1718 1448 4938 9007 3246 3671 310 2785 3687 5866 7593 3508 5973 4165 1607 7779 1378 5068 3002 7094 
4370 7107 305 4528 7920 9703 503 6837 2303 9452 1711 7274 6202 9537 3585 2786 9324 3790 5498 5452 2828 8731 7859 9273 38 5703 9944 3695 9947 7387 3943 5366 378 7197 2009 7437 1390 8587 7499 5256 5628 5106 9288 9916 1403 8990 2701 1845 4588 2229 3859 8737 777 6172 4891 7322 4029 9305 2214 5501 6381 341 1345 5554 8297 3700 5319 8090 7864 1929 5220 9294 1047 2840 7301 1202 6209 4216 7089 8057 2848 1407 2339 9376 4559 3338 5625 6924 5690 1934 2878 1496 5710 7923 8982 7169 3760 1251 4768 7032 
7888 7770 1949 6049 1095 6671 1849 1868 985 2479 2816 3008 6304 1110 3976 1479 3566 5824 2019 9438 1123 1182 6968 5198 9250 9136 5066 6001 6269 7889 4092 5395 6504 2182 1310 5215 2927 652 4062 5871 174 6535 4189 6 7982 26 1401 8355 7158 7698 6028 5830 9496 2312 7574 3986 4931 3331 8873 4603 1283 7913 4346 1631 3164 238 9231 8567 105 1536 4765 9620 5787 5909 4984 6076 1941 2871 3375 6459 9446 846 4721 3745 7370 8141 7074 5388 3187 5689 2956 7792 9149 549 8421 6100 1362 8269 9066 4888 
1069 5349 3226 2383 4050 5283 6802 6460 9506 5725 9551 9120 2570 9877 4918 4158 337 4864 930 6214 683 9135 5064 4340 7865 1126 9874 4389 9820 3992 6051 4033 9629 3642 8285 6136 7842 9215 9453 6759 9885 485 3706 7086 8055 7187 2057 2713 165 9937 5194 3350 4914 4418 9345 6374 8412 7997 2169 2086 6896 9827 8585 5307 7194 8334 2141 9593 230 2512 243 327 1340 3876 460 1490 1005 5581 8763 4164 9960 8870 1537 6520 4048 1612 2239 85 2134 2382 1745 787 6279 9428 227 9134 7698 675 7814 7524 
6790 7831 8647 3376 9099 1376 373 1350 7734 7534 5125 7596 8017 8292 9896 6827 5851 5121 7750 8272 965 1812 9651 9681 2048 1493 4373 1687 428 2612 4485 2168 981 174 3140 9315 8560 4942 3677 986 2720 8203 4627 8160 5571 6344 4431 2220 6903 3206 8234 8250 5448 4102 9728 8724 9504 8554 8824 1442 3757 3111 2292 7211 6859 7322 3940 1854 2061 1041 783 1756 9721 2562 642 7411 3126 9176 5690 9775 7708 1034 333 7894 8997 2385 6306 1380 1854 2898 9674 1994 77 666 1021 3368 3811 8431 4830 3011 
8944 7539 6213 7216 8910 6597 4657 910 420 1532 2728 4784 9183 7831 134 9368 3188 1138 1130 3339 2941 6807 3741 7567 8322 664 2665 7410 3883 7363 8795 2901 3611 1197 6751 6047 6426 7525 1717 5522 8497 6854 4248 152 4410 1535 7195 45 5933 9297 1087 9503 7170 4951 6634 4777 6466 1122 9879 4537 5107 1263 9968 1919 7389 9929 8277 6002 6475 9507 9722 5868 4003 5334 3594 4246 832 8599 1382 4436 1430 47 1781 2506 1556 2874 5630 4528 6884 5512 7519 6815 1985 9680 3650 8500 9163 3858 6779 2759 
5565 9594 3257 9289 8136 1322 5302 2381 1668 9679 8272 3387 3080 5342 3699 4387 6580 9873 8643 5762 6875 1643 6710 6098 540 555 6818 8487 4548 5607 4131 8838 2168 3435 267 8404 1881 3682 795 5547 1283 1024 4059 8909 3818 3836 4860 3642 6539 9423 5983 822 3709 218 4283 2811 2178 9959 4411 9238 9985 1321 7630 5730 214 2430 5166 4206 7554 1743 847 3577 2888 7454 1170 8773 9378 3078 4517 8238 4328 5930 4236 5399 6095 5172 1630 9502 2233 8297 4629 7375 7020 2851 1438 8860 5250 5291 1278 8963 
8675 9176 1349 7496 2166 1201 4999 2637 1004 6905 6562 401 4099 7211 3799 9368 4570 549 9205 3773 6625 4240 1886 3410 5129 8084 8981 4505 6691 4074 9804 3447 1191 2444 332 6920 5320 1441 5846 8687 200 6875 7395 7354 3791 6960 6885 6133 4942 7803 2571 7709 5233 3124 4839 9182 4429 4988 9040 770 4067 8916 8526 1587 9783 230 7661 773 8078 3270 1588 8215 2582 6140 4792 8052 3011 1434 2695 1697 1821 3897 4468 175 8427 7757 1627 4265 3770 6339 5889 1373 2457 4417 3238 5414 7806 7504 4329 4741 
8210 3380 3401 1929 1344 7793 7728 5294 6448 637 1803 9480 5175 9007 7652 2273 6372 110 6436 3988 1196 4603 8659 3175 4996 7198 4971 9996 7979 8504 4042 9618 264 5766 8408 7583 1499 8926 8117 3657 8303 6381 5806 3790 4170 8096 8164 9842 2977 7948 7791 2315 8037 3787 8434 7406 6662 4181 7381 7163 5266 1740 589 6019 8939 4136 7297 30 3141 76 7247 5931 7183 6735 632 8919 1178 7608 3494 9316 5940 6541 2179 3441 9851 2951 5473 325 6194 6979 2775 137 2314 5770 7837 3295 2349 8555 2400 143 
6125 7538 1008 6069 6076 5148 1494 9324 7189 8882 1076 1663 4833 1104 1575 9456 5041 1616 5012 7425 2673 3181 2692 8578 3974 3692 3944 2656 1125 1859 1509 7114 3513 2579 1419 3025 87 5079 5678 9290 7650 3981 9545 829 1263 2347 3809 9078 9797 8001 9795 6758 9720 9687 9282 756 6962 5907 4713 8131 562 9645 5315 3082 1941 7081 9753 7347 3974 5969 3414 1778 7054 1155 7982 1154 7805 9370 4262 6616 2899 2 685 846 6336 8752 7843 2440 1391 4788 8386 8084 3683 9986 4559 1264 8082 4310 6069 1597 
3019 1305 9426 148 6331 1300 4522 8882 3729 3851 7121 2509 7088 8879 8534 8380 9192 1444 9378 6582 7649 9288 7978 2749 4255 3365 4537 3327 9272 4956 1385 5355 8275 8713 9838 9705 9132 7403 4676 3657 4312 1642 6895 8645 3126 7702 3937 2647 8707 8793 4073 8879 8924 4289 7920 6057 8427 1582 8602 1334 3533 8921 5300 4615 6218 9422 7249 8718 6071 9037 1602 3853 23 8828 7890 2675 6249 4156 8725 5229 5950 5202 6835 3267 264 9698 6674 6454 7711 901 8712 1631 5764 7914 7547 5758 6236 3753 8448 1008 
6919 6824 5634 8783 8783 7091 2319 719 6709 1018 5937 934 8614 2206 6295 2772 3282 5292 8796 9054 2644 7954 7554 6870 7415 2618 766 2992 962 4492 789 288 8258 2713 8143 7535 9352 9841 7169 7749 2505 5449 6257 7784 9404 7791 5823 8651 1512 2155 1544 8659 5153 7716 9017 2287 8292 276 8863 5220 3851 4965 3840 8990 5187 249 8850 5481 4194 1283 9010 9172 3528 4382 6808 2360 994 8366 6455 1546 2743 8226 3857 5748 7488 7750 5549 6331 582 1299 5311 419 7705 4754 2084 1030 2211 8376 7004 8855 
230 3724 5174 7450 8019 5501 197 3745 6010 5493 9685 789 6773 8950 2687 7609 845 5458 5102 6348 9488 1951 9054 8970 7539 1451 1698 9953 7145 4283 8189 4338 2992 9019 4113 3680 1578 5669 6649 2789 7520 9221 9862 6666 521 5104 5901 9338 2201 4122 7006 7034 9246 203 6601 8873 7746 5260 6766 4986 7974 9708 9674 1184 6636 4787 937 2314 3256 2617 7793 5833 8874 4626 1946 9620 2773 8761 7414 6519 8383 3043 3615 7370 4756 5358 5718 2576 2421 8753 8824 2556 3803 9152 7478 6947 9462 1392 6314 5214 
8761 434 2990 1054 1311 2935 1432 1824 8563 3034 7284 4669 1771 708 3342 2185 9357 8415 9513 5428 2846 5661 3568 3187 9464 6515 7591 8294 6745 6282 4870 7652 4435 899 1847 6346 1918 8543 8139 6884 2966 288 4799 2408 3566 975 2535 4911 3131 5 4422 8583 5139 839 6067 1717 1215 9042 2396 6745 9966 1811 1951 6762 8975 2191 705 348 7201 9672 1434 7662 8815 8735 1112 1231 7930 9604 3739 2908 7172 7173 5659 7961 6988 6138 4918 9339 6045 2188 1408 6709 5557 244 9893 168 8747 7097 2464 1362 
8130 4736 9069 9482 4383 2642 2575 7680 2931 6473 860 4489 4998 4971 4040 8569 5744 4470 9965 1321 4387 7282 2686 4566 8291 6607 5995 3589 6591 7054 3331 3244 6965 1057 6443 8883 2328 7315 9966 4383 6160 5435 5896 2856 3495 5186 7537 7107 9081 8463 8539 6089 5939 7180 7623 187 3981 7152 1153 6968 4137 6354 8034 3749 6866 5584 2764 3689 2146 7998 1294 5918 2438 5506 2201 9659 9264 9817 8147 3422 234 6362 9 1605 9024 7901 7038 4456 3294 3205 1146 6926 7022 670 9790 9625 6556 6910 2574 6898 
7182 4616 3992 2106 8577 6557 2038 2894 4762 3494 51 2754 5969 147 315 5915 396 1513 7661 3385 9725 4285 6830 9789 2415 3484 9489 8221 1588 5908 8015 3496 1235 2180 8202 5820 7752 4577 9525 8676 6402 8146 1469 6945 6532 1092 5294 3286 4363 1158 958 1932 4758 7011 7417 1143 7803 2891 7290 8024 908 6281 185 3871 5923 3532 6093 7999 7602 2492 991 460 2794 1978 6567 6384 1919 379 7047 2169 644 2906 8429 5412 5848 910 6125 4254 2254 4263 1931 6731 6096 2832 8871 2608 7287 9645 6045 7602 
5132 9454 6362 7653 6545 7981 7339 6474 6676 7164 8872 2466 9043 3429 9330 1843 5636 1202 4165 4008 8835 7725 7838 6112 4502 448 1319 1137 3538 350 3998 7354 101 6101 441 3184 9852 8024 286 7462 5163 3140 9344 7385 7996 4698 8341 323 7408 4744 2426 2867 7621 9158 5430 442 4655 9267 5526 4741 6128 3727 6929 2677 9038 8564 9080 2204 7053 6626 7195 2531 7123 4018 4505 1020 5367 2580 503 9902 2367 9808 5120 318 6971 4987 4683 6243 9186 5842 6147 5342 485 3702 1910 7604 2769 8623 8604 8804 
860 1344 9878 9871 6113 2371 3274 7968 6873 8398 2038 3652 1721 2472 3323 2395 7556 4255 8456 969 3935 1024 9215 4850 9181 3946 6537 4107 7373 1468 3388 9703 3216 6242 8881 9604 6924 3907 9247 8587 5360 3148 9097 6082 284 5638 7690 3037 9551 8285 2679 360 2801 440 7204 8703 7270 2118 2714 1363 1044 9088 5940 5794 516 2722 4603 710 4201 9590 2489 2535 1474 5064 7522 4468 6406 3311 8695 5980 7713 6583 8771 5772 4690 9170 4200 2084 50 7605 4096 5516 8408 8783 4530 6226 9810 4974 6502 5404 
8415 6168 5161 7182 1091 6269 3193 8977 4354 1719 6014 8966 766 3880 5879 4909 1335 8252 9023 5985 4170 4610 814 8648 5602 1043 1074 3127 6695 9861 4787 7308 4030 4513 9166 1586 4146 6501 9377 40 7 1774 1246 885 3498 6996 1605 8933 864 2939 7912 2700 699 5584 6717 3379 6762 1026 8656 4595 7077 1080 4946 6510 8858 6453 7394 5234 2671 5328 9115 2176 6549 7003 3037 5811 2819 453 2588 8661 240 6124 8015 6354 2899 8386 1930 7720 1570 7684 480 2355 5250 5281 9182 3736 2613 2449 2280 6746 
959 7089 1927 3382 3468 3894 4468 8033 0 1047 8425 7400 2620 1364 238 5517 2055 5436 2390 2509 9235 1506 3929 2130 1386 4090 8870 9187 7555 6705 5840 9911 4234 4463 867 1826 5732 5933 3972 9487 8642 565 5733 745 8478 8555 6896 3096 182 3660 4895 2230 2625 3861 7609 759 2786 116 4817 7941 1281 8795 996 2457 475 8696 9565 2291 4873 5028 3214 92 1820 1390 3316 5405 114 2621 2099 5262 5106 4215 2947 3344 509 5923 4326 5443 9890 9909 9565 7240 4119 4387 5710 1800 1925 4211 8826 7676 
5427 8326 9907 8615 2102 4128 8354 4408 2002 1869 7698 6991 4755 220 4345 8505 3741 233 8925 4711 663 217 6541 6515 6464 3899 7544 582 6667 3156 5857 6322 7804 3340 2553 3856 608 8672 2242 1957 9176 6612 4146 9723 9553 9718 4925 2051 2254 4921 8066 7034 5791 1941 3050 4593 5580 8512 7743 3310 6378 350 8579 6263 2906 9261 4059 2818 5273 531 3498 9169 6685 2393 6376 701 9434 1436 8679 4127 1265 4261 9644 1546 3401 3299 3964 6370 6596 4786 1617 9822 7236 7470 5931 4111 6185 5032 906 2914 
1146 2639 1907 8864 4922 5562 6681 6381 7888 7124 6982 697 1684 1715 234 917 478 7428 1420 4499 930 379 7731 4639 6007 6951 4562 3905 8293 2834 5622 4906 8046 4732 876 1517 8440 4773 8226 7488 4477 6652 3488 6670 3967 6432 2956 1645 1878 8662 8728 8027 8858 9205 1530 3808 8387 2147 6792 2191 8617 2948 2752 2291 4584 1768 2430 6969 7588 3916 145 5726 7448 2261 7320 2013 9161 135 6047 9403 4 4872 5056 3944 1563 9038 3748 4293 295 2575 1338 370 9947 9703 5544 8810 6621 3245 3236 4904 
8788 1747 3635 5218 7969 8202 6834 8218 7971 4067 1764 2323 2174 5656 9048 8124 7649 8222 8411 6310 4978 4004 7794 1254 7465 3297 7687 9003 6425 6370 8812 2282 7469 9839 7653 776 7374 8966 3664 5965 8588 2601 6770 1780 3303 2802 9802 2375 8832 7822 8591 9070 3260 1132 4777 5374 6100 6391 6123 1193 3766 835 4424 4596 4304 1991 6302 5460 8547 9996 8330 4920 9415 7219 133 4371 1422 412 1395 6895 2535 7852 6570 1263 3899 319 3308 1909 2251 4072 3485 1478 821 2422 450 548 2530 9383 841 5938 
6235 8394 9550 5824 5500 6802 1723 4599 7334 2700 8980 6500 4149 9992 7298 7954 6494 855 2038 3906 7165 9844 716 844 3683 8403 7681 3957 6962 4029 9779 6597 6468 1841 3583 1003 9538 5468 1357 328 3456 6634 7406 329 1525 8436 6804 3862 5016 1231 2960 4157 9406 3237 1295 6555 9391 6131 2002 8925 5302 8234 1445 9404 945 7038 3970 8109 8370 2753 785 4287 1751 2138 1364 7883 9515 1939 8000 8582 1113 8517 4929 5094 8892 406 8169 1820 2609 7305 140 1326 8211 4546 7259 7021 2321 7108 629 1872 
423 8462 2330 786 9382 194 6889 4030 2531 851 7070 6333 2297 1629 7169 7403 1203 9465 5060 6929 8499 1303 7770 5593 2334 1896 8799 7640 3417 2955 9497 1175 154 2907 842 5150 4547 6434 5278 1460 3750 5765 3062 1477 7174 6465 5350 9634 1852 6860 3232 6709 8618 9361 9406 7366 8355 9471 4719 7426 6958 72 8608 6718 5173 3321 7526 1653 6448 4242 4948 573 291 1971 9159 6304 4173 5516 1732 3964 6579 2363 4161 9806 864 4738 9414 5398 8949 6983 425 1105 4960 4821 521 1504 5232 314 3834 8953 
4840 4041 2332 7278 1359 606 1339 9989 378 8472 7525 5436 2716 6520 1680 5437 3761 7967 2284 246 9633 3712 3059 1860 620 1950 3114 332 987 2044 6567 3858 9447 9614 9831 4652 8388 3500 5920 8469 6224 3601 7962 9276 1090 3360 9707 7064 7213 4596 8709 6149 3304 596 9445 2499 3582 4772 4320 330 1019 6241 7820 1813 918 749 9435 6169 8543 8318 444 423 7987 2989 3831 3871 3884 1186 4394 9832 5482 5773 7131 9553 9971 4732 6079 7269 5367 7382 4737 3569 3716 9836 4607 537 1412 2358 472 1514 
5827 1945 9033 7789 2951 2781 2378 8054 4286 516 1524 8190 1065 566 1851 8977 8243 2001 5822 4103 3814 3520 2043 1502 6926 207 5716 9288 5386 5078 7875 3038 379 9052 5008 9582 725 4261 4951 1227 6578 4485 5659 5184 8890 8688 3976 4918 7242 3282 6039 6412 2350 3545 4080 3048 5603 3936 4205 7974 7767 4337 4606 5402 8205 8344 2120 937 4419 5823 47 6767 4629 6034 7602 2781 2309 3037 7984 7385 6985 6591 5206 1336 4853 8063 8613 3411 4288 4740 5607 2514 9102 4731 6636 3624 9518 9863 5852 9365 
8659 1494 5520 210 2632 5352 3213 4168 2511 7467 238 6681 9327 9756 6675 8861 1407 7063 1821 3768 9249 2356 1275 7404 5124 6416 9872 1102 66 3465 4760 8870 5873 423 2460 5065 9819 9987 2496 9203 4788 5481 7455 3937 1976 2729 5452 7714 7574 2174 982 2968 1300 1003 9289 5633 5479 8175 5232 3069 4289 7706 4734 5074 528 8555 6772 9257 4249 9894 1122 5281 7641 2522 2995 5655 9077 6431 1252 9767 1403 8833 8212 7070 8008 5035 3320 1724 9931 4592 4223 4026 1535 7425 4761 7448 4069 3821 8394 3659 
3983 5060 933 3210 4274 1064 8790 7027 8557 821 3947 6181 658 8103 1111 8832 3854 3119 1117 1484 2931 5961 5475 6650 1768 3221 8443 3352 4136 1792 3098 5776 234 3127 356 9972 8440 6682 9299 8844 9372 4136 1519 2503 767 4448 7815 9232 4358 9332 7109 4896 8238 3594 4258 9694 7326 6013 1057 9772 9436 3104 2826 5951 4018 2919 5881 3321 2996 9889 6037 6788 7167 7594 5079 5516 3935 7917 8230 3341 1162 5039 9580 7890 8080 7282 8861 4919 7562 3840 4627 6822 1958 9525 7971 3041 2436 202 3001 5947 
4785 4707 8492 5799 8777 2256 8408 7526 9410 9950 5696 8213 6388 1062 248 3247 4906 2318 7251 3580 8503 8020 5938 8540 9057 5365 3735 4103 5156 1448 9772 8899 7074 4434 3124 820 8027 8054 4573 7471 926 8231 5400 4632 1338 4134 8062 1751 2507 1290 3228 1087 8110 7388 4632 4458 8791 8441 3941 1140 8048 3284 251 7256 2494 8233 5310 2838 8787 6512 3101 7265 9545 4583 1111 5000 2217 6008 918 1257 321 7847 7345 5375 377 1301 2850 1187 2953 9175 661 4955 1448 4544 4755 4655 9153 1477 7811 2771 
9149 4827 6798 6090 919 1141 8048 8674 3613 1580 4382 4828 4213 6385 844 4539 3433 1976 6882 8495 532 7117 8128 4713 6183 178 766 3621 3948 7451 9473 6948 2742 8471 3987 60 4380 3117 2759 6141 3359 5695 8333 5413 1457 1686 1694 2579 6076 405 7082 3647 1414 9097 3542 2463 2579 2548 5119 1962 3289 7466 1180 9672 5308 5862 2802 3852 894 2587 3886 7365 6728 5782 1894 6726 6598 7227 5285 3386 7794 5391 3468 7953 7159 2270 5827 7372 6977 9025 9138 8700 1901 5616 6913 4429 4159 6564 4487 3371 
6055 5215 5673 7373 9402 7460 6136 4390 310 824 7012 5620 1099 3435 6181 6379 207 782 7015 4229 5535 3317 5590 3494 6741 6622 7377 4311 1232 4624 6676 9927 1822 4630 4945 1338 5594 472 3972 1610 8235 3879 7562 3339 9666 6037 2845 1297 4821 5559 2415 2835 7507 9930 6277 4344 1872 7818 9886 9069 1075 6674 6205 5386 7195 7415 2151 8426 9570 1662 7682 8829 4837 379 7541 4939 8039 5348 262 9925 7242 1012 1582 6898 6238 5587 507 4166 1918 3907 3793 5451 8792 2371 3287 5008 2163 7295 9297 4818 
6769 9961 3992 761 4810 9237 4976 8535 1445 2575 9580 399 9085 2582 3212 8063 6760 8060 3111 1170 9250 6581 3716 4666 5657 5444 2378 1732 5187 1697 3773 9091 6362 5289 9741 6869 850 8842 5366 8676 1391 5378 6438 2620 7933 7663 6531 7321 1650 8892 4091 2818 2339 379 2166 2432 8912 2648 9567 9117 847 1351 5786 1497 4235 6532 776 2465 1717 7932 4368 1633 3422 8340 1219 1482 9616 8695 948 373 8512 228 1795 6525 4289 9693 4429 5123 1727 9339 7721 1346 6706 4735 3622 8952 4575 6648 2488 5578 
9732 3985 6391 5955 162 8932 6373 2458 695 4419 5108 7757 5242 2787 9007 166 4326 6109 7492 9767 9544 791 5514 63 2003 9856 3064 6278 4264 5758 5401 7909 2707 3238 2022 9469 7828 2307 7544 6862 4845 4469 8998 9558 6319 1497 115 8882 3336 5452 4046 1225 7708 590 8836 6201 1 3283 9846 6181 807 2223 2286 7181 368 8550 30 2598 2252 7102 628 6973 6694 6713 1605 5020 4895 2213 3229 7625 1456 8815 2159 9006 5352 3202 5739 4827 3658 408 6792 5961 9605 2349 659 1949 373 6997 9544 505 
5292 541 409 1092 1949 7762 5235 2657 4874 1725 2444 3178 7050 5492 7534 2339 454 6174 2739 399 9262 8557 4794 6767 3761 384 1624 4430 5407 7040 1875 2232 7206 7085 5167 9536 7682 1749 5957 3658 3372 1256 1133 6893 9323 1558 3082 6601 6566 8836 3503 1487 4014 5509 4276 7234 8710 5451 6001 9324 966 6840 6162 5290 3156 3929 7092 989 3415 9539 4308 657 855 2294 709 5662 1733 4117 5477 3317 1858 7885 606 1556 5247 1114 5663 2970 6807 425 1363 4353 2020 1500 6021 1632 9120 2053 9067 7189 
2826 2086 6256 1911 8450 2303 4388 5728 5462 6618 307 1884 7699 4688 2235 3831 4682 430 8121 1951 110 8199 5354 5461 3080 8779 556 3535 3303 5733 6036 8081 8827 4009 8417 7824 9898 7011 4355 9522 8018 5453 2109 8413 2201 8132 213 1905 4766 4264 3823 4494 985 3973 5046 4263 7084 4377 6733 7482 6295 2854 5286 5721 5743 9632 3554 3809 9229 1614 6078 8317 4310 3871 4626 3559 7279 6491 9931 1839 4579 6777 4926 8913 5648 9394 8722 2810 3968 1588 58 4409 4458 2229 6427 6892 407 9446 9492 4764 
7877 9855 1375 5934 6342 4738 5720 8519 9802 7383 6838 8622 3941 1020 8175 5408 1319 600 5219 1138 4913 6789 4230 5654 455 5075 7565 5867 5876 2768 7133 1912 207 235 9619 9710 5364 3353 8282 6991 4162 1984 1686 3237 6912 2841 5768 3826 9588 9760 182 274 4688 9724 5478 2627 9303 5085 7766 9085 5556 9224 1547 5252 5683 6362 3496 2521 686 8236 9517 5553 8498 5081 4782 2730 3826 182 3354 2605 9940 700 5292 2642 2577 7300 9570 5553 717 4701 7545 2067 9673 3643 7443 288 549 3337 6291 3826 
3912 4930 4536 4228 5604 306 7563 9940 1820 3267 5198 3399 9110 6068 3524 4979 1260 2402 3222 2284 7866 348 2076 2724 5385 8864 9487 5508 7940 563 6353 4584 963 4911 6151 7720 3121 3431 1990 5627 5216 6583 6167 4130 5611 792 4599 3840 8478 2569 4399 4054 4907 8684 6313 5812 3351 9634 2334 4929 2475 2382 8694 3252 5065 430 6129 5403 2539 1533 6814 4871 7879 1706 8235 4637 5583 2513 5658 5679 1575 1322 4117 2826 1481 1081 262 7458 7672 3793 6056 834 7301 2141 856 6831 621 8210 419 8971 
9616 8579 7461 2636 3582 3323 6711 4263 1104 9132 6269 7853 4652 6075 5747 9650 8992 9493 8331 6620 3479 2629 5889 234 3558 766 6246 4192 9704 8815 6993 5746 1285 6448 9764 4077 8856 8069 6778 798 7128 3869 707 7322 2538 1837 8837 3696 9763 6098 9829 5895 5107 7227 4803 1088 2590 1511 3394 1995 6981 8810 8832 6141 2980 26 1408 7779 2206 9582 4894 8027 5337 174 8980 3863 7114 1888 6390 70 1226 9081 9167 5385 9863 9246 6844 3805 4067 8765 2662 9734 561 3857 1379 3832 264 3890 7966 3893 
7686 8504 1759 7057 9492 2053 3349 9733 4234 5716 134 6067 9085 4166 1532 1799 9047 7560 9495 3058 6731 4976 662 9400 575 6693 77 2164 2823 2644 3106 1452 1207 5245 6938 3049 2458 3292 5410 2162 3419 5905 4998 8035 904 5893 3544 3194 5841 4148 5903 7888 7029 5082 6067 5698 7721 4898 8688 3453 7518 61 1030 5635 7366 7661 3843 7580 4599 4097 5367 9496 5138 9351 4070 7391 2447 8429 5423 448 6409 2427 2907 8560 1465 8870 8340 5798 58 5733 7099 2207 32 8337 6194 8934 9397 9829 1379 3767 
6742 1699 8610 1574 1199 1750 8080 4264 4595 5044 5654 4376 9987 31 4694 9276 6457 3757 7682 6486 5939 6034 6647 9004 3833 8284 2709 7490 3983 5229 8202 5819 4700 1037 4427 672 6095 9431 5220 9872 4764 9366 2133 8376 9752 637 924 8168 7149 1634 2096 2827 7144 3216 2835 5606 5196 8387 934 6355 2165 7029 3118 3900 8474 3534 1862 82 9106 5672 578 3529 6689 4971 3298 7806 6323 5389 7948 1821 5119 9024 5873 7403 1212 9518 2133 1885 6003 5353 670 309 8663 5404 3878 9541 406 2759 4482 7297 
4149 2482 512 5231 6813 9723 9206 107 8290 1825 8257 3496 1036 3766 7518 3977 8575 4 158 2088 3818 1085 7821 2965 637 3235 2070 7753 7840 2778 3497 7649 4287 5017 8478 6087 4126 9198 9047 3276 1065 2514 9745 28 793 9879 6539 6484 9710 487 9854 844 3871 2382 3294 3963 7557 8989 9083 7880 8307 1470 533 6035 4622 2654 4901 2651 8957 9265 90 5892 1462 7123 4857 4848 9275 7565 2170 3522 2047 5588 9174 9447 8033 6950 3084 5066 9390 2848 8090 4145 8416 7184 7817 1072 8228 6000 3979 2803 
2083 1732 8058 6519 8274 5481 6771 8482 6680 3410 3205 586 2691 7868 841 103 3945 318 8866 5968 7209 7143 1407 8753 4570 8404 759 5721 517 1941 2009 8474 7442 246 4767 7267 6836 1206 1341 2021 1793 7740 4888 1293 5417 3496 521 3456 792 3291 6299 7874 3439 9363 4214 2086 334 7631 5704 714 7415 7312 490 3355 4874 801 8635 356 6958 7427 1168 2902 348 996 5832 2105 4026 6039 3732 8704 3428 7456 3725 9128 839 6648 8235 2589 3184 94 6182 6055 7159 4562 2141 3674 4374 9161 9246 7564 
4871 6498 1334 9911 8303 5002 5900 129 8780 4982 5385 8004 4885 486 147 5629 6230 4662 7814 4539 2478 1332 1478 2233 7687 3149 1472 9066 2895 625 1986 2876 776 4558 3994 9003 8640 2553 9257 6264 8624 4779 3320 6516 2069 6679 9510 974 1953 3247 7995 707 3139 6190 1146 6751 1128 5139 5653 2478 3015 3193 2004 9735 8863 1951 5935 2952 3135 6308 7347 1884 7703 6879 2753 6622 5649 9551 7044 8646 9669 9458 8834 3550 8576 7000 8721 2862 2604 6345 398 3892 2055 5708 2040 8966 5968 5004 8495 5485 
2271 6457 9976 3833 9719 7146 2818 6493 3159 6914 7428 2910 3529 2634 8023 1250 2987 2222 6874 6390 3709 7193 8192 6982 950 9001 4268 6105 6460 6021 3551 5936 4989 24 7753 9926 8669 4263 392 28 5498 8051 3056 9584 5855 7433 6084 2154 2542 9477 6882 7914 6267 7157 911 3327 2760 682 3190 5230 7506 4916 9492 6482 7408 9391 9153 1078 8168 630 6231 7060 1457 3628 4278 5965 7266 3775 6699 8466 499 297 8771 3730 5329 4532 3780 7003 5156 2665 2347 8280 5431 7658 2889 4861 728 8243 1210 3982 
7256 6243 619 5184 3428 1648 1188 7088 6954 3074 7699 5498 53 5163 7131 1445 5329 9839 8170 376 5415 714 8304 6491 7782 2230 3512 3602 4094 4414 9097 9935 246 1762 6857 1082 6960 8974 3086 2423 793 3741 8496 4241 4472 4861 2016 3750 1739 2483 7348 1228 6030 6956 7957 474 1560 6753 5230 1540 9581 5673 6988 3498 4149 860 1886 89 2125 4109 4539 451 7516 3763 8342 8501 4282 3158 5703 6825 2238 6247 806 3277 9854 6592 7615 5714 7850 9325 608 604 841 6719 5099 5650 2199 9527 9730 4373 
7851 10 2216 9276 6030 1491 8150 9178 1416 3508 9066 5788 9739 521 4983 7205 3883 6378 9460 5138 5743 2996 2655 2869 8819 3184 9681 9944 6173 3751 9022 8420 2476 6134 1746 1294 3169 9398 9987 81 9483 890 8787 3984 1686 7798 3239 5950 735 69 1297 5508 1947 3404 3622 8873 4695 3130 8508 430 8977 7129 3897 7988 6850 6550 7973 7290 1873 5275 9708 5208 6008 7881 1709 8721 77 4867 8042 9943 8752 4797 3482 4315 5056 5931 6149 5115 5174 2608 1970 392 5456 6494 2827 694 3507 5685 7357 1313 
9493 3298 9577 3465 1982 5082 7563 4728 2463 7596 3063 4480 4416 2785 7560 7680 4313 2150 1432 2846 9895 7905 8524 5842 9983 1112 6321 4625 5576 6391 5476 9840 1147 1302 5145 3953 9332 7496 8114 1964 8650 5440 8611 574 9549 4275 3234 4646 9110 2635 138 4489 3241 2448 641 643 7736 3541 42 4926 9612 7528 3271 6136 3423 3389 6497 7046 2506 5293 1473 4409 558 4379 2123 7780 3641 619 6919 798 7825 7210 2964 7402 6948 7400 6265 7202 4071 3254 8519 1878 6983 2756 4092 7818 5715 1088 7006 3089 
9047 595 8928 5914 6585 6386 2921 6429 555 2460 4540 6533 3670 6888 7729 3676 1906 1933 725 2878 9484 4856 4040 6677 73 3090 9251 4533 3060 9256 505 7708 8204 3875 3111 955 4693 7503 57 9085 7205 2642 8245 3830 8720 449 5356 9121 371 9642 8622 5792 3800 9120 1620 6566 7624 4229 1604 1966 8784 6883 1514 6208 6538 6190 9134 6959 3794 1907 2205 8951 6932 7760 245 6630 333 5264 506 1318 5716 9891 8870 7212 6722 5383 5625 2101 1627 8116 3380 7305 1274 3406 680 6714 1939 8126 3801 2413 
8142 9854 8434 9576 4727 4702 3346 8317 8613 9396 4080 2855 7756 4381 7653 2090 8154 4359 7442 3080 744 8908 7371 4726 5556 876 7489 2637 4281 7297 3516 1735 3651 1202 367 4626 1651 3635 7775 5205 8673 7155 1733 1751 6616 5254 9520 6713 813 3993 2452 31 7262 9007 6858 7613 3501 1497 3005 5671 4305 9000 7509 3954 2133 6195 6209 9672 5781 8437 2610 794 7310 2664 4883 9948 2242 9403 2854 3364 9914 5321 1493 6343 2481 9993 141 4536 7352 2818 4992 6248 794 7186 1992 8362 5316 2113 4672 6472 
1266 8661 3636 1579 6349 727 6002 4546 1143 4827 60 9143 2235 2171 5549 521 1793 2687 4366 8168 1969 9031 9475 2528 5873 6857 9140 8423 9364 6243 7874 6954 924 2948 9545 6983 7539 683 2954 9896 3156 5402 2844 6756 8671 2364 238 4546 5763 3743 6795 7177 6250 5920 2563 6530 595 280 7495 8195 5048 7361 8083 9135 5474 159 2629 928 7512 3605 9055 6659 4980 4080 5469 8691 939 4326 3481 7709 407 1809 5315 1565 2333 8265 4809 2489 2134 9903 641 7534 6765 7957 9239 4908 2956 2665 9577 9458 
3537 8089 7371 7316 108 3756 2894 3254 2930 9275 8774 6187 7069 2637 8100 3191 2528 1992 5370 1580 566 1972 6463 7657 8240 520 7889 1633 1635 4306 2309 4788 1150 9343 2851 1270 9257 8048 900 4214 8045 806 753 1876 9443 6664 5420 9642 2816 1631 6018 4088 4019 8222 7352 6533 1023 1256 8553 6195 979 6657 4293 8173 7426 731 730 9204 4134 60 4104 9848 4505 3840 7639 1731 392 9373 4106 7156 3310 7118 979 786 2049 7496 8123 7126 3342 169 8584 3898 368 7330 8280 4127 3222 3507 731 6697 
81 2968 3796 7274 9170 387 2543 429 6049 6880 7817 8892 4238 8067 4445 7392 2437 7162 6501 2854 1532 7396 9051 3078 6622 2049 7786 1484 563 3285 1152 4021 5602 146 2423 9297 7844 6826 3681 2527 3408 1464 6741 2572 49 5421 3020 5808 7889 1728 4030 4688 7131 9993 1348 2430 5349 7833 5137 440 3649 9835 282 7454 4954 2108 2089 1536 5591 7482 3684 1788 1159 5459 7276 9191 6141 7264 8126 275 394 9661 4929 4343 8224 3404 8290 2262 3645 2692 4146 3962 4938 5845 4334 2059 2133 8323 4726 9737 
2495 7569 2223 4523 6082 3495 3651 2181 8422 1211 4905 6041 9854 5945 8352 794 6761 8834 7960 5210 6071 6959 1555 4448 2635 7490 4925 2514 4656 2886 1500 9189 4644 5062 8359 8073 9168 3045 5860 2677 5318 3975 4757 6911 9113 5054 5105 1683 1645 3773 1435 6903 365 7394 5912 7944 5401 9520 6037 121 5039 7683 2180 4943 7529 667 2522 5026 5343 3 109 8972 399 4543 2417 9839 1465 2355 8957 7112 5339 7067 865 424 8893 5545 618 8531 5105 143 6999 3607 4976 5553 6308 5166 9437 3274 7805 4237 
1870 2982 9446 2386 9367 3911 3829 9491 7484 1263 3309 4006 552 3075 9669 7688 367 1397 4175 2948 2766 9711 6107 2759 5260 4733 3607 7533 7532 3315 1556 4167 3194 8527 8761 925 4150 8466 2295 555 2569 4226 3769 4351 8613 3963 1670 9853 6089 9017 1978 692 6840 3105 4865 6 6386 8414 8675 7638 7150 817 7625 959 2859 7657 4524 4441 7744 5782 7095 9211 6886 756 1939 6549 839 1479 5307 6746 2905 8731 2759 1578 9022 9411 8217 8098 3396 1571 4505 1958 9086 2047 7083 5700 270 4138 5752 521 
9159 6382 8234 3505 9474 7226 6940 257 8349 7490 6729 1897 2379 5033 9442 7037 9143 6446 5849 4408 3733 4924 2965 8429 9662 7261 168 5554 7817 5069 530 3990 3762 4667 9591 6467 9836 7129 8948 9438 6604 5776 5012 4841 8870 7262 6438 5137 3868 7267 1322 1183 5807 6868 6482 4919 7287 856 7924 4832 6713 9428 5792 1193 1654 4467 6493 1373 328 5981 5411 9387 9453 3511 4584 9082 7669 2455 815 2516 1993 7330 3597 2684 1051 2893 7936 7801 3118 7439 3983 5053 9804 6369 6676 4670 7296 6856 3440 1124 
271 9236 1028 2379 218 6461 6868 7199 5437 9931 4687 7314 7168 1726 7730 2615 353 4064 5738 3163 3263 279 0 2628 5501 2236 800 7905 2733 1806 4651 197 4659 4076 6735 68 5774 4070 1284 1586 5028 8327 4497 2802 2208 4809 7646 1641 5734 3711 4785 7963 4807 1818 2023 7641 2525 2481 5246 5095 4289 342 3278 342 4900 8473 7937 678 2340 4130 4785 3078 6194 8472 8619 7772 6619 1067 1566 5277 7443 6095 3567 5038 1563 7000 5846 1654 4317 2306 6591 8508 283 8308 4197 825 1408 3888 3766 754 
7744 7591 8406 5735 7277 7709 6058 2529 6240 5521 3852 9265 6278 8542 5840 7184 3180 3107 5164 138 9268 8703 7262 4751 1745 4154 290 5858 5656 3669 754 4344 9727 7963 5378 1916 3880 5731 8402 4404 9916 551 7065 9628 3920 7707 7404 7453 1723 1232 4865 701 7137 1969 6018 3638 4593 2720 6367 5357 4315 5803 5618 2321 5434 3729 4180 1132 1473 4899 7786 3887 2796 8572 4558 4553 7933 9193 4006 4628 5623 2260 8802 2280 9147 5512 4525 8202 335 3969 8646 8113 4368 8327 9314 5951 2284 7044 7296 7194 
3912 7743 7750 9414 960 8518 6592 7546 9453 5520 9614 8538 8279 2901 5828 6818 4356 1602 9908 5447 3767 1499 3402 4788 3208 7504 1673 2187 1967 744 1206 9856 4587 4147 4338 6693 2373 6840 164 5325 6679 7098 9183 1698 1015 7523 9188 2050 5364 2492 3632 3185 1924 5166 5455 6187 5061 6612 2055 3332 1265 5155 1428 1929 3216 9689 1481 332 3356 2847 5709 1656 8519 9626 3876 7063 7178 2399 968 87 767 4295 6031 1903 8431 675 6117 460 8372 7857 8885 1211 6640 4968 1979 3523 5440 3247 7410 2457 
7593 2407 2637 8090 947 1456 5419 2327 1572 5908 3785 9279 3540 5528 3272 8989 8219 2479 8287 7977 2126 2103 1766 1451 9325 1850 3513 274 9328 5931 2105 5221 694 3902 4017 6991 6653 5117 9431 6516 1354 4389 7985 9132 4926 5811 9540 4507 7594 7973 3305 557 6404 6349 6320 3834 8016 858 2857 1205 9524 4253 6128 735 426 9141 1551 1026 5384 7889 8233 2432 3153 3589 3153 3864 4432 8774 8002 6491 5155 7987 9748 4125 8037 5871 7891 5768 4838 68 9079 8293 5898 4557 5106 5264 2238 9183 1126 869 
6882 9359 642 980 694 9474 7258 8951 6771 1410 276 1630 9665 3773 8289 7616 366 6568 7783 9816 5568 333 905 7154 6116 8681 8291 3807 6358 5297 3623 6178 1372 621 7267 7262 2178 289 8673 7060 4758 9489 4206 5 3907 2468 1681 5011 2575 6304 406 6834 8721 2884 9881 3959 4095 2379 6822 3591 8338 3753 5980 6628 9557 5405 2818 4740 7240 5245 3991 3238 3339 9735 9165 5750 8870 4461 8310 4009 8011 2072 1613 1854 7682 8788 2225 9877 8313 5865 2371 8770 7282 4411 7716 2496 1127 8789 682 587 
5944 9207 6267 9148 4536 8380 5813 1175 8848 2828 145 9958 8152 9876 914 4370 6630 5869 5879 2558 9813 5827 636 6864 6521 5435 8523 4662 6947 7894 9911 3732 112 4412 5585 708 2262 3588 4284 7863 8537 708 2927 1271 6380 4882 2867 7723 6234 677 4726 3864 1875 6281 420 2239 2855 3994 9019 1669 6345 4314 3891 2140 1017 3962 7749 5026 1669 284 413 9169 1684 3079 2105 2533 195 9744 4399 4484 3727 1743 387 3299 1834 3340 798 75 5256 6950 7814 6354 9465 2957 6933 4948 6040 84 989 5734 
660 36 3561 2328 5255 3943 5525 605 1616 1434 5738 3056 578 3538 476 9547 331 4097 4872 1950 3940 4365 3052 4063 5212 6011 8618 2722 3527 604 8483 9454 1260 5081 5426 2325 6970 4099 2104 8933 5659 3319 9915 7425 4327 4366 7616 3891 1158 3624 925 5341 1078 1439 3588 5128 8888 146 8586 7803 4808 7801 3225 2430 6948 3877 417 9408 2813 7061 3100 1556 6936 4953 8864 1865 3379 575 4396 462 3658 5470 6009 626 4267 8038 6734 8397 1246 2344 9888 9386 1584 2809 1974 1492 2811 5053 6642 4106 
4048 7515 5466 3420 8774 9986 6829 282 8300 2631 7712 1374 7557 2812 2243 8689 7779 1764 6662 820 7123 2450 2347 6854 3922 3137 3562 4245 4890 9 3448 5594 6402 544 4046 3315 351 2578 6579 2947 2160 141 1332 339 6852 5720 4672 293 9236 9447 5121 3197 4421 2797 7474 6631 6829 856 192 9722 751 8835 5113 56 3041 6100 165 3681 5984 9166 7615 8308 4593 9076 5157 2188 8611 1267 7052 6014 6876 4442 5552 4787 6949 2885 5491 1305 2182 670 8691 4665 1092 8750 4930 6778 8554 8621 7156 6215 
5128 4581 873 6313 4160 2152 8785 9805 5209 8595 1341 6763 2144 7197 5220 4293 3709 9469 415 5649 570 1509 3717 5520 3986 3457 3135 4046 805 6607 11 2106 5480 287 8253 5213 148 1107 923 9745 3327 620 1179 359 5739 1751 2675 893 430 1831 5174 8306 2501 2881 8264 6494 9443 568 7052 3105 9624 8143 4968 4615 4834 2697 2406 4857 6415 9261 8908 3730 1079 8594 5930 1992 5316 8611 98 1865 3976 1698 6686 243 201 5992 7907 5703 6608 2290 138 6274 7837 551 5762 6782 7753 5255 8908 3971 
7924 8956 3239 2129 5951 3518 4325 3893 1657 9085 6556 3427 1943 3306 4685 4393 9925 6182 7764 1841 9326 166 8879 508 8928 5316 1348 6713 8969 1881 2583 2283 8412 4906 5770 3023 9137 9759 3502 9397 8818 600 6972 1104 358 4573 17 7975 8062 1117 9569 4077 3935 9102 3408 8075 1042 6735 5209 4871 5900 9926 2423 8211 7984 7864 6116 9511 6072 2338 2724 6121 3255 1047 7803 9095 4526 8495 4876 9796 3965 6420 9413 729 4279 9509 2547 6820 3373 3147 9743 2526 5555 2234 1975 8483 5253 3177 1957 1412 
5958 4822 3231 4837 8328 196 3038 6097 5351 5075 5096 8103 231 2249 6273 719 2459 4714 651 4925 3873 8665 7947 9052 4968 6341 1070 6782 9020 3222 106 7875 3926 6324 3325 1278 6333 9636 1194 9548 870 2465 3252 7883 97 5061 8232 9686 1719 9177 7230 4755 8427 7125 2322 1127 908 9112 886 706 3268 9186 1368 8713 9590 3618 3201 5717 3203 4408 9728 2765 2531 5940 2141 6397 3569 1095 6160 8325 2704 8648 8775 8655 9477 4328 3498 5467 7878 7926 7358 2675 7517 1771 1284 2878 5015 6547 2047 3934 
3646 1763 7351 1019 9143 1914 5561 3894 3268 8501 3208 8843 792 8262 9689 1775 4788 775 5865 6444 6427 7326 5065 3023 6357 3218 5481 2484 181 639 7676 2786 2929 7117 2423 4428 6969 3821 8054 286 8161 5852 2152 2553 1687 4899 8931 6006 60 4833 7853 5760 959 3615 3987 4183 1935 8747 5516 4144 498 3370 664 2201 1112 126 6598 9926 5146 4402 5162 1419 8051 3145 2988 2232 1193 5567 4961 2164 5285 8033 6463 8162 1948 1897 8663 8205 5374 7089 8283 5487 5556 4188 9892 6271 6203 5063 5571 3236 
9880 243 2277 8725 6897 3311 9268 6559 9397 7234 6970 4962 6158 853 6121 7603 6484 2249 6536 1160 4095 2371 1708 7683 8054 9311 8764 2937 5204 9863 3377 8381 3048 8059 6234 2265 547 2745 9612 6753 1640 9929 7394 9366 4859 7205 4416 1374 9506 6030 6718 4994 9979 1660 794 3196 5014 6834 7989 5427 5375 524 5122 3677 1776 8322 7275 2587 6701 4341 658 9054 1174 7182 7609 7429 6177 7397 7202 1479 7140 8087 3107 7684 6839 6603 9072 3921 42 1340 4258 8105 5834 7448 3946 3730 2408 360 6961 6074 
4482 9264 8440 6617 4019 3697 9221 6716 3880 14 4789 441 2149 6276 1915 4946 1465 3780 913 8601 9057 3363 1810 2388 3426 1082 9600 9047 2452 1213 4145 5368 1278 1409 8911 1996 1209 608 1016 1207 9909 9894 4437 3671 6711 4620 4935 7739 7997 8579 9432 9336 6179 2814 1082 693 9211 7179 9522 8498 4814 5998 1231 9911 5694 7916 8461 4623 2672 4516 7215 706 9855 7982 6798 8187 4543 478 2878 5498 9974 1054 4005 9258 183 3370 3148 7486 8227 4809 7039 6846 1093 7286 3944 7156 8941 6447 7073 754 
6151 5795 6948 9054 8973 1734 1238 4083 7812 3378 3711 1930 2618 8780 8621 4337 7048 4327 8518 626 6736 4226 5255 8334 888 5968 8065 5820 5702 1678 6103 4907 8097 7252 8762 6283 4957 8237 1525 8726 4508 59 328 961 6053 2032 328 3684 1201 3837 6542 5624 3256 7632 6799 1511 6690 6660 6627 9308 2617 3890 8679 811 7003 8499 8933 2853 9068 365 8466 1337 5316 3602 8526 597 5666 4174 1038 3598 419 7409 6631 4250 4585 9151 1262 1 2783 8946 7969 3490 7133 4731 2926 2707 7546 1214 2210 4431 
6890 7293 2651 2600 2532 3691 9918 6816 1009 6721 9143 206 4045 9469 3856 6402 5676 3090 4425 1331 5911 5712 3351 4458 3479 5127 170 9643 9814 1608 8499 5729 5292 3481 6235 4459 1413 1456 540 9356 6987 4219 8464 8610 825 9732 2788 3908 8442 854 1827 4407 6510 1827 6674 3552 4626 6186 6081 1540 1986 1740 7005 2574 3328 2037 2186 8097 8649 7968 1484 5137 7661 8584 8230 7885 1956 7731 1956 933 9036 340 4252 2025 6909 2734 3744 6406 1121 8414 9552 7259 9308 9692 4542 1409 5464 2895 989 7312 
2113 3806 2932 9755 8534 1494 5920 8014 5932 3141 7806 5443 5254 8696 1204 5204 4985 2449 8303 6112 1961 6937 3753 7595 6397 7742 1152 2003 3138 9761 1133 2560 4282 2316 1679 5711 5517 3662 8333 1711 3530 5230 1536 7024 7719 493 1277 5541 5838 1533 7318 4228 2753 2443 1858 6814 5100 8299 6 7682 1836 3441 4559 6780 5749 5583 9020 3079 6352 3527 4335 1920 60 6441 1678 1876 8932 3965 38 4159 7816 6854 3417 1424 7908 132 2010 1534 5034 7409 335 5662 9271 5229 7965 7118 7433 2172 2789 7027 
1756 4715 6247 9357 6912 9815 3257 8037 4889 9618 1073 7217 7296 5289 8197 2670 1133 2894 4268 3857 2081 2450 2919 1561 5267 1528 8655 4833 8697 8342 8516 3049 75 6078 131 7365 3945 3417 5799 1765 7664 1609 8291 7196 4312 5614 1372 2881 6827 6867 4092 6424 446 6336 8947 5257 1118 8295 9309 2709 9204 2899 5018 3771 1214 4974 7577 7330 8151 2407 5911 5844 4062 5608 8324 8443 5487 7700 7805 2978 7460 5391 4270 9614 7210 7094 2405 9432 4406 9448 3191 3308 4470 5359 7754 3593 7174 2719 6150 514 
3302 3077 9501 7638 6559 4822 7168 5031 6000 4652 4024 2963 8453 9259 3181 5701 153 2162 989 8332 4887 9528 7812 1072 3677 5268 2958 3387 2604 8153 5505 8981 9831 5868 7067 7089 6946 8626 7087 5201 6290 3966 6966 1123 9617 1311 7043 5843 1437 5874 7770 8996 9866 4115 6328 8389 3566 2957 9422 1795 873 9307 5540 5791 5636 5985 5683 7284 8929 4732 8278 3975 3691 4524 9522 2262 642 6645 7920 4865 9996 3262 9331 6889 2124 3582 6406 1495 4279 1715 8442 3197 9811 8048 5195 4077 8323 8607 4357 9480 
1211 8398 3877 2645 1571 4124 6851 1354 2840 5505 614 7087 5702 4803 69 7943 4255 3683 9937 8775 9414 6503 3266 241 645 8431 1958 9366 511 611 1445 9430 7775 4203 803 9991 3899 4071 9889 7923 1579 1145 4394 8540 4251 7878 9354 890 7807 5697 4713 2961 7931 1859 2932 4889 4012 8655 7820 1201 3848 4694 2794 1422 1189 4021 9857 1693 1767 9548 7909 9795 3314 9191 4707 3442 9673 2447 432 9338 5507 517 796 9890 1210 7534 3304 3560 4241 2414 1225 1786 2062 5306 1026 9377 9942 7559 7357 6522 
2679 8282 5339 839 7096 7364 3515 2393 6319 7880 1939 4313 7080 9591 101 7740 9030 5359 930 8019 7861 581 8378 1501 2160 2513 2188 7163 905 7793 6055 6555 6268 9864 5287 5277 2456 8100 2397 1697 1306 4264 2032 5832 1245 7719 5577 3872 9889 361 3204 6968 4112 9720 5498 5519 6831 7102 2482 267 7439 1961 9850 5633 4724 188 8917 7953 7642 1136 483 5234 5257 1241 3148 6654 7456 7447 7236 2438 7563 8537 5565 2268 8242 4372 1716 6063 2555 9379 6374 6148 2017 6085 9174 9796 9572 2220 7674 6293 
7570 1488 8504 6619 646 3766 7511 5615 7370 7193 1293 7034 3894 8025 8628 8615 3542 5879 616 4225 4038 2440 7374 6352 5382 1891 9540 3637 9007 680 3892 1291 8364 1412 4263 564 2040 1162 8426 6025 8171 4838 2876 8903 4353 9590 1289 8590 3470 1162 6167 3712 5374 2880 3529 6860 9702 5814 8523 4937 661 50 619 8938 509 8665 4809 6489 4341 6083 6168 6083 4705 1001 2305 7720 7499 197 6115 7976 4778 3376 2966 1891 1092 9999 7392 2281 8179 982 1183 6190 5972 9953 8277 8683 2807 5728 4093 1941 
4945 4694 95 4199 7493 6308 5048 1822 5710 7608 5010 5872 7569 6387 2680 4974 7202 9475 2644 2493 7666 6208 7758 375 4851 6774 4878 1401 5238 6548 7614 5712 5093 4385 7776 5171 3695 1862 5875 8533 8035 2366 1403 4442 1840 2674 1214 8221 8068 2237 4648 286 1692 2418 1931 9998 2355 1670 8074 7865 8775 7290 5415 8713 8517 1259 8941 6183 7443 4103 4252 5478 110 931 5169 6206 5187 9481 4720 7291 4789 3660 8077 8651 2073 9791 4385 3336 6696 7436 6838 5584 97 9852 8727 7395 2953 9370 4760 4729 
8707 9105 5921 3265 5795 3723 2559 9116 6285 6747 2556 8867 1818 967 902 2538 7615 1473 42 8811 4352 5802 2992 4496 5820 8446 6708 5575 7998 5420 6111 1907 5445 6851 4673 3239 9261 7996 2464 3324 6482 2053 9318 3877 9707 8532 3161 5601 7514 9965 9955 4838 7234 1822 8512 5803 9745 5200 4654 1415 1933 6966 8064 3287 7849 4412 6089 7846 4768 4396 9162 6670 70 8601 6347 9086 546 8562 6116 6097 788 372 1376 4283 1662 4701 59 9872 4979 1086 7123 919 2829 8687 8843 546 185 3286 1591 740 
1525 5648 9344 9554 6324 6936 8853 3433 7252 6195 2242 2710 9134 4929 8734 5292 560 6806 4176 6553 1997 6926 7269 6358 1018 7485 8805 3997 9744 835 5197 2230 8419 222 507 233 7414 7261 1617 5469 108 637 8818 3410 2073 7396 7761 6062 6057 8910 6585 4733 8340 6716 8557 890 5831 9411 5298 3859 9489 8345 3722 6401 6067 6094 5240 6481 2286 2143 5410 7171 8490 4034 2797 9243 9260 4983 9993 8705 9719 2144 8214 5138 4585 4567 2848 2782 4579 7464 34 1762 522 2174 1443 7908 9358 4146 6450 4851 
143 2224 3503 6445 9721 2523 6440 213 9747 9995 8505 5919 42 3162 6603 2532 741 2908 3154 1708 7438 8652 995 1313 6932 5961 6287 5150 9935 3823 9316 4268 488 8103 6768 6438 5921 1723 8362 1153 1533 7912 3445 6076 9744 7909 2082 190 873 3004 5823 3636 4116 9941 7659 5410 685 9855 8139 1653 398 8474 8926 2904 2257 8125 5846 1311 4077 6684 1994 3082 9684 4902 4170 2331 2054 8211 4964 5736 6205 6612 5499 5932 5474 413 4940 5228 9120 9624 5608 814 8490 3352 8885 323 1575 8706 922 2890 
89 6067 756 5957 8733 143 8139 2554 1058 6990 3061 9376 5254 5665 9951 1202 6555 6946 4352 9325 4958 8942 843 9536 6689 4681 9789 1230 5869 4443 7925 6209 8361 4506 7458 3876 7896 3455 9017 2033 6347 3412 959 455 6785 6909 7635 2930 4762 7434 2221 1492 5587 6600 6397 4108 428 6950 3212 9520 5070 8823 1612 8999 2752 2484 3493 5166 1702 2854 4344 9811 5758 261 436 6785 9623 4287 9963 1223 9435 2231 9162 5050 1377 18 9362 3363 76 6147 7405 1251 9262 1061 4419 181 4726 3301 1268 5785 
7685 7118 8448 1442 8939 3081 2844 6018 1675 585 7236 4714 2953 6616 672 4773 9909 2389 4836 3213 9205 4931 8587 4542 8458 8901 2554 6079 62 376 8325 618 4367 1473 9843 2521 4060 5752 7464 4209 1934 5109 4903 5921 1820 195 8695 1575 1797 272 5546 6126 1035 8183 5696 5965 8876 4419 3831 3736 1963 3829 2438 1124 2567 726 4134 4194 3788 4325 3446 9246 6522 1471 5212 9763 8933 2592 8579 6464 3891 3824 9613 3105 2402 2627 6038 5679 3578 4175 8980 7861 9849 921 6995 8725 3540 3486 2117 5636 
6730 4889 7276 3981 4612 8936 3633 4898 8469 4581 3883 5465 8127 3776 3807 3582 1956 5153 2401 8836 5069 1406 5397 3598 2649 4815 9128 4402 2735 347 3951 9029 1640 1513 2399 7845 7501 6745 7643 752 4413 7992 2847 6123 5141 5209 9343 6204 514 3001 3758 1385 1298 643 411 882 9552 8235 9963 1079 9166 9594 7964 6366 3709 2754 2551 6319 7831 1776 7591 4446 2392 5299 943 3479 5941 7594 1689 4127 3591 8324 2104 1202 7430 6729 1927 2280 727 4279 8710 7353 87 9591 746 9141 3914 1810 312 5254 
6443 4201 72 740 3963 1007 9023 4996 6291 6329 155 9480 2385 5295 6772 9227 9753 803 727 2356 583 8263 1552 531 4438 3388 7155 6913 855 8729 6064 754 4011 8416 4509 1356 3220 3779 4473 3988 3014 215 334 2108 9457 292 4813 5674 7202 2665 2933 2402 1316 54 4504 2124 4923 1629 8297 2197 5107 8991 5193 3587 844 7173 8162 7337 963 9772 8415 81 4959 3740 9634 8874 9666 1910 5771 8809 2277 9022 3511 3981 8602 3938 614 943 5116 4178 8258 8985 8110 5627 3051 3613 212 1896 9818 2287 
4320 2666 1555 9381 5903 8883 3717 1536 3928 9411 1099 653 2821 48 9644 7384 9573 1242 8410 6757 9841 2826 7060 12 9767 1030 397 8689 3350 2084 5523 603 1563 3390 7276 4318 1099 2841 2073 7028 6326 7200 1021 7058 1300 9036 3422 4374 5037 8491 5255 6505 4175 2949 2319 2743 1716 7079 153 1003 6836 4031 6698 4851 782 4966 9125 2189 715 2857 2694 4569 3243 4733 2559 6699 8189 8591 9715 9423 3728 6323 5977 2333 5942 3236 8023 5502 2558 4147 8316 7341 3815 1735 9008 4576 8622 8426 8711 313 
3208 5373 9090 3357 5294 3710 7088 4164 242 1183 7665 5905 9416 1175 1403 7859 4173 3919 1811 4234 6833 5566 6760 861 4425 2886 5973 8132 1207 5393 8188 6516 3216 2979 470 4877 8790 7223 9224 47 1541 2595 1729 6898 8600 9638 1908 9437 910 9078 9741 6474 2884 291 7377 4306 4745 8185 2207 7072 1668 1264 340 7070 2187 1593 8046 8455 7807 695 6246 9434 2148 768 8478 6341 8324 1123 3876 4353 4145 3516 3722 6661 6508 1211 5370 5757 1881 9159 2832 1990 4431 8423 3577 1612 2601 8664 2694 5869 
231 133 9967 7331 3370 9730 7887 5351 2524 4232 5493 343 3243 4383 5296 582 5497 4221 7519 4324 591 6421 9434 9153 6850 4580 2254 5357 4415 6479 1154 9034 9650 198 2395 4000 4588 9342 8132 4483 7476 4491 8821 5979 2803 6496 8567 656 5170 3578 3282 9186 822 8765 2534 2642 7561 8227 285 4266 6793 4701 1580 8356 5409 9176 6635 8723 5308 1934 6213 4924 9611 362 1986 8307 5324 3877 1023 9611 8902 786 5774 5805 6896 8454 2961 5455 3793 7294 9610 1656 4026 4602 7109 5403 9937 3323 1155 38 
1853 6720 9996 4684 9677 4748 4384 5665 3975 4467 269 3112 2462 9023 5733 9687 4006 3201 2524 8171 1444 2482 2276 6482 8853 1458 7333 9224 4236 8585 9084 591 9069 3559 4231 3204 6020 3954 5913 7487 7894 2203 5851 9499 598 3290 7746 5216 6041 5590 793 264 7370 7935 4546 4283 5766 1298 8254 9463 8709 3977 5471 3944 3889 5172 9084 7014 6753 4789 9730 840 5581 9633 8922 1421 776 9626 7330 2821 6810 6439 7561 9598 3338 239 6483 984 1555 3564 2014 3160 9937 5513 4440 4869 9313 6468 9627 1148 
505 6023 7417 4380 3194 7815 719 350 9774 6871 9300 6580 8801 9884 8310 7297 2671 3429 8894 19 1136 5068 3349 8647 5565 5266 421 3009 4267 5716 485 7355 5663 9321 8926 1919 1346 9591 1043 1892 6059 3935 8947 244 1732 5609 6926 532 1088 9405 2270 4275 1376 6028 4775 6105 8496 8828 8143 2063 1678 9445 3050 6850 2502 631 2475 6445 3923 6973 5655 8970 431 9254 4245 2009 4153 7563 8568 9267 1778 2274 369 6097 9642 8734 7420 5762 5261 1245 9372 8453 8145 9820 4403 8969 6113 5229 8105 9939 
9735 295 8074 5361 8270 9512 9237 3325 8960 6504 5073 2962 3843 4743 8440 3752 9798 3018 7824 7167 8291 1073 257 1640 7460 5585 9364 9624 71 9766 5395 7682 1983 4772 3911 4578 6215 3557 9366 7916 7960 5596 3288 5677 2866 6214 7575 1965 6943 9085 2171 4288 8596 3132 4845 1733 4521 5290 1303 4931 5915 7419 7058 9959 8922 592 9876 4114 3569 7531 1068 6449 591 914 2700 2964 4068 6720 6531 9435 8518 7826 7960 9122 2121 3570 3278 302 1145 1890 2596 7177 3909 4004 3890 5061 3298 4280 7490 7496 
3889 7733 5196 9099 220 2958 9474 6155 3192 9956 7550 9159 4054 8103 6077 2602 4597 7861 7244 3407 7577 1734 833 2993 6531 3603 3827 1716 7367 8419 6393 6928 1434 3162 9990 1467 8850 8810 4 5523 8452 3942 9729 2968 2573 7927 8152 7250 5989 290 6527 9029 6791 6406 3325 4924 2638 852 6749 4017 1115 8984 4550 8379 57 955 7905 2632 7268 9663 3149 8590 1349 4688 0 6805 2674 7318 8333 4674 7709 8851 4866 3523 4751 5864 9666 4894 6335 2655 2626 3414 607 28 110 3795 8443 8914 7900 4669 
5077 6555 3864 183 2537 2676 3953 5951 9765 1324 4272 2505 6475 328 88 4646 5068 6226 3888 1703 6436 4160 223 6687 1054 3677 4948 3743 1679 8524 7965 3989 5638 9848 941 4735 8327 5914 7757 164 8669 4442 8843 3513 9777 3772 5205 1970 6778 7367 2300 9822 2695 7224 3026 6826 1001 309 923 7617 2320 9080 8968 6324 2353 2795 641 8777 3970 6958 9879 7628 444 6483 8654 1986 1682 9922 1851 7876 6117 9261 8393 4097 2290 4251 8748 8307 5619 4571 6217 2240 7644 7293 1988 1899 6108 2450 579 1654 
4761 7816 9367 4855 4286 4255 5495 9177 8942 7914 102 4470 6604 4710 3321 8010 1447 7899 5409 1230 2457 1182 6570 7361 5202 8752 1578 1567 3023 2249 5987 9069 1658 6696 632 827 9694 7529 5774 7 8526 870 8203 7390 1110 7735 8599 2340 8484 5532 1542 4995 2320 5319 2829 5342 552 5782 6897 9673 1297 8179 1988 4777 720 9435 9851 5830 9638 342 1075 5475 2545 8933 7251 9241 1615 9509 3331 3065 1004 9047 1308 4418 3952 6509 2305 2087 3989 6760 8505 3979 3710 6348 2473 7839 6324 6721 9900 4079 
9496 4294 4279 5038 8813 5103 6408 5647 4921 342 9109 8613 1050 9242 3103 1087 9058 2107 9143 4678 6454 5626 7201 1945 505 5562 3391 3379 2260 4339 7705 7695 3547 7741 406 6426 5473 8352 3790 7431 7435 5873 3754 4941 4476 6047 9555 5239 3925 6027 7107 5508 6085 1579 1101 8230 3495 9279 8472 3254 9650 9892 7981 7671 870 4418 8879 4467 6033 3166 2150 1285 7468 6767 5760 1943 9384 1282 9091 8209 8463 6325 4864 5129 3249 9536 1292 319 6940 6876 2837 5774 2613 850 431 4734 6849 6709 1418 2827 
9883 4194 3114 5013 3506 336 3470 9190 9434 3848 5761 4186 4424 4732 4020 3071 9425 9740 1556 5578 8610 9210 6701 6862 891 4164 1154 8201 4636 784 3289 5277 1880 1202 534 4162 5246 4555 9302 804 6618 1711 8424 249 1955 1737 5092 6802 5591 290 5632 8240 6644 2193 5046 9231 8316 5027 8119 5897 1500 2310 8672 2641 8651 3496 7236 3207 1394 9251 1090 527 5007 5071 9733 6577 7895 7043 9610 3766 8885 2497 5694 8270 4181 3755 2431 1066 7680 4714 4764 1228 175 1240 7933 5717 9266 1942 2172 9652 
5227 7496 9650 1982 7986 2339 8958 3592 6326 5837 3630 6614 3105 5979 7380 5120 6949 5978 2885 3476 3070 4277 5114 7380 9980 8266 368 9686 5777 5482 4200 4107 429 9355 6279 10 8754 2322 9597 6382 9626 9207 2397 8580 6135 3476 3154 5057 3577 7527 5352 793 8691 3980 1375 6579 4576 210 6684 7904 4819 7363 4864 6955 9761 5381 6625 432 4969 5350 3539 8626 5209 3582 13 9517 5475 6195 48 1482 8216 8264 8023 1465 6135 8491 5841 7075 8389 7128 2677 9090 8414 2401 3742 5999 3312 6463 6339 4956 
8336 6344 3517 2726 4382 2752 1994 4323 1098 3096 3237 2724 207 5646 157 1701 4129 5331 3989 6241 8771 2371 5020 634 4956 2444 5314 8062 8968 6609 8347 1782 902 787 9340 5543 756 5310 1027 1171 2253 9628 6768 2018 4919 1188 1758 5768 5395 1483 8562 7080 1408 8779 5233 6630 6713 8279 4283 5387 4385 5301 8896 8280 1147 2943 1378 8220 4561 15 2554 9704 6337 4433 6492 3388 516 1087 5256 7585 3620 5503 365 5575 6038 6688 1786 7091 907 8092 1330 9749 620 2134 4318 6400 4011 5480 4371 5949 
52 4895 8676 4886 7029 9136 4890 2346 7002 5934 8940 4404 861 561 4861 3248 6154 8233 7582 232 9616 3686 3423 2881 902 1525 8278 1882 8044 7614 7246 7615 7474 7388 5663 787 7926 9945 7722 5983 8485 7684 3226 4333 4054 801 3929 5451 561 2233 9452 9358 3147 7205 443 5787 6290 5164 5668 1588 3157 2770 1534 2755 2148 406 4513 7648 5774 7542 8942 7726 9108 2437 8225 6582 3349 7497 8899 6704 7993 9490 7641 1223 616 9743 8323 1368 8383 7765 9755 5197 1232 2192 6661 606 1089 3091 2943 9854 
