64 64 64
445 7937 6583 9200 1540 7856 1793 7330 260 1394 3467 5816 3823 1250 4742 6369 9662 1816 9391 2283 7649 4295 5022 414 2951 9746 7140 8466 9290 1537 2335 7071 5249 728 8879 2010 4878 1187 9337 734 4956 1815 7437 9075 57 6065 9490 3943 3397 6979 3932 1300 490 522 8930 6427 4575 1159 5418 2593 9460 1142 5761 27 
3268 2854 2644 1319 9542 2689 344 8474 7983 6195 3793 581 1036 9994 8702 880 3026 6804 1600 2303 1786 9128 3267 5716 3066 7111 1287 3701 824 6731 5898 9099 3661 5173 4905 4803 16 5041 3747 3400 9340 8135 1431 93 8360 4155 727 9126 3336 6600 4094 2132 2078 531 775 5963 3087 4112 6908 5702 1309 3924 4501 3247 
1122 3360 3640 3840 7390 9076 5009 58 780 5296 4894 7394 4408 1128 1091 9887 4787 4522 3059 6838 9753 912 2998 9396 2191 9987 643 8961 7583 5331 3567 7278 4509 1003 3190 9154 3114 3014 7568 7704 8269 2998 9291 5062 705 6457 3104 3604 6006 9620 5893 4114 6906 4078 5763 7457 7136 4031 2903 9353 6531 6975 9434 2204 
685 8278 8877 1882 6291 6586 1605 7111 5333 7924 2139 3590 3709 6208 928 8448 6147 9582 2603 9709 3413 3183 5599 6643 1392 1872 6787 1120 9622 2802 9210 9444 4774 4577 2431 7999 5411 4268 4995 1975 9984 5513 894 5193 9857 6926 3259 1594 7493 6762 7179 4770 7348 968 4912 3902 1484 6104 3520 2715 5476 998 619 129 
8926 8188 2984 264 5933 6550 6239 9344 412 9730 1842 631 7292 9594 3999 9208 5305 8170 2256 3286 7210 3460 306 7910 6784 9172 2353 5313 4737 5893 7279 1293 9970 2238 1070 4374 1343 6869 9572 836 3020 679 6774 4261 1159 4354 5083 6325 7714 9940 1767 7564 8 4980 3417 6344 3038 280 6205 5888 1032 6942 530 5880 
9168 8392 2247 3324 6476 424 1640 9513 6413 6429 7855 5022 1392 4838 7008 759 1487 7242 6800 4704 5007 1064 8136 5336 186 7195 2117 7137 4189 4277 8729 7330 2849 8517 60 7405 122 9292 9578 8002 2042 3475 6760 9545 7541 413 5646 8656 8437 4362 5089 3071 1074 1453 6461 8442 472 353 7878 6207 2285 8124 5497 7367 
5378 3044 1346 6942 4579 6970 3930 640 3056 375 4562 1208 7870 2625 9827 1205 6445 3217 8931 8118 3295 3339 8938 953 1042 4513 698 9561 2456 1120 5073 4876 5416 3621 5155 8992 7470 1963 2887 2663 6842 2709 9023 2209 2397 6136 776 759 2658 587 1505 5542 6504 7311 7350 5050 5727 6084 9480 229 1701 9953 1959 6370 
7903 6326 7213 1560 9209 3333 9979 7296 1867 9193 9735 6223 6655 9445 3580 8565 3465 1347 9276 8414 3828 9845 8491 1323 5087 7409 2867 1555 7010 4600 5091 5273 136 7438 3066 3649 3087 1821 3151 4482 6527 581 9838 5887 5281 2898 2819 1161 8953 9293 9687 7969 2315 5060 4257 9453 6519 9921 3142 9002 8836 4957 7159 7291 
6828 5458 6508 1960 5409 3440 5982 3726 9943 9544 3571 7217 3219 1064 2182 4154 8545 9612 1180 9447 9368 5253 2404 7693 3136 2084 697 2144 7303 5915 7690 855 4547 8774 990 5051 2604 6269 6323 9978 744 3557 1378 3365 2534 3459 7989 1548 9131 4150 3980 9828 8261 8578 4634 6464 6725 5788 3818 6289 1021 7355 8794 7717 
7969 577 9814 1953 1344 5217 6949 7584 2034 6497 918 3521 7181 1942 1823 4946 545 7419 2073 5231 744 6331 9476 4296 5949 2452 7276 6936 1276 2096 2890 680 1332 5760 3167 5631 6495 6565 6656 1703 7169 988 1929 8224 6817 3689 6453 9029 6523 4003 195 5674 5003 2826 5184 3122 4101 5434 1232 9600 4247 7690 4693 1365 
8881 7417 9829 4586 833 6743 873 481 9799 1366 2563 6595 7650 5672 9689 1765 3240 2463 4661 2148 428 2486 4375 4840 4776 7718 5427 2903 6225 7126 1771 7958 383 2551 630 9018 406 8382 8149 568 8975 9711 8525 4455 224 3883 6192 2647 448 8653 4763 9099 559 1189 410 5468 5181 8664 8197 2997 5706 1051 506 6790 
4452 483 8415 1759 221 6118 4209 5653 8988 7669 4749 6696 647 9742 6103 8415 9043 6073 6485 4108 3797 3052 9286 7794 7065 3006 6612 6105 6831 4323 9507 6361 7133 8898 4269 8706 3293 2469 3618 7065 975 3939 1599 5173 4136 240 783 1167 2980 7661 2796 9155 7199 5124 4003 2905 3268 943 8634 8648 3585 9194 3917 166 
4279 4688 2464 3337 2278 1315 5282 3605 147 1499 6283 1340 1853 2605 3908 4962 3557 4834 4461 8034 5997 3221 3702 4678 8103 5215 8067 3016 2365 6066 5440 6767 2875 892 4578 8106 2163 6123 2534 9137 3482 9206 7951 9439 1542 7058 7681 7923 7538 7056 6812 6150 9295 923 1806 8573 4480 4325 1005 6925 5067 2504 9857 7697 
7956 4394 1015 2250 9909 1162 1356 7117 8991 4938 2271 6780 1167 6607 2608 6448 7197 8574 8990 5546 7713 1532 9993 6031 2115 4564 4005 2831 8184 4877 3065 8881 5259 8373 7731 8927 2251 2560 5621 9859 630 2851 8977 6028 9681 7549 977 7756 8454 4796 8853 946 8449 7230 1517 3151 4426 2929 4441 306 4762 1116 7932 5688 
4903 6034 6316 446 6443 1833 2653 9881 5265 3626 9808 7156 1202 8179 2207 8906 7819 7962 5186 7902 8671 6093 1104 1273 3586 9230 689 1055 3646 1580 4786 3632 3166 9113 6446 6064 8070 6930 1753 8514 3535 3251 6031 8560 3407 6197 8262 3057 4643 1490 91 9620 3090 6548 4971 3001 1888 8413 7777 9316 8260 1228 8375 5658 
545 292 1076 7075 8423 282 5438 5791 1055 3228 2223 4885 7775 2304 3897 3091 8131 8449 3358 3269 546 2391 3044 6493 4387 5170 7327 9315 5413 1412 1626 7210 276 7250 1756 3401 8653 8199 7647 2703 2530 9481 8694 3311 5401 5348 5918 3216 8565 6206 9639 9970 1248 816 490 5576 4791 8140 3395 1154 9076 1085 8279 4867 
1080 4849 116 6965 7849 9824 5850 1192 4771 6848 1593 2118 422 6991 6596 5977 8276 2742 969 2497 9077 8843 3957 726 5844 9343 5935 168 6656 2830 4568 8592 4635 5253 5512 3854 2224 6994 7610 7341 7716 1061 3375 4557 2174 9991 4075 1441 1836 223 5512 7424 902 6272 6343 8402 30 835 3175 10 8409 573 292 794 
6738 3195 2179 109 9575 9817 8078 1538 3357 1722 7900 3227 9511 4386 3756 9506 8684 896 626 3762 1529 7028 9487 9578 2227 8249 5123 4383 7975 4857 8414 2743 52 3136 7229 7608 5392 3665 1405 3341 1008 880 3001 3208 3807 4428 9085 7489 475 6073 5573 257 6238 3660 5410 5910 5190 8904 7259 6575 838 7693 5202 8012 
7911 4617 6882 3972 282 2159 7355 4586 3396 4032 1898 4584 5390 6033 847 1577 2472 9422 431 9516 4619 3685 4692 3083 6007 3524 8557 309 1052 6170 219 1256 5640 5195 5508 8079 5589 4932 1540 676 9504 2130 1587 7180 9002 1155 4191 5262 621 6890 1892 9248 7709 6920 8640 4945 7952 9895 4801 3012 6488 4278 5162 5320 
5820 7917 1413 4572 753 509 9461 5573 3734 3150 5522 8746 4051 9159 2650 1415 4035 4824 8779 5661 1216 4913 2336 655 9246 4836 3803 2698 4535 3906 8375 6547 367 5534 9298 3240 7025 6860 1949 4008 5482 8333 8249 9891 4054 2425 4813 4552 337 8923 9043 4343 4906 1610 522 4931 1336 1115 825 7506 3981 2511 9440 1085 
281 3111 6455 3230 9268 4493 5445 4567 9426 2716 7801 9834 3794 9796 4328 3856 245 4456 8338 6092 2687 455 7660 373 1550 2881 8098 1768 2344 9188 8630 2612 6129 5782 9270 2301 3521 7770 7126 4423 7589 7589 1341 9350 6643 2395 4370 1909 987 6524 7405 8474 9074 5912 8680 3325 4281 1170 2527 707 4526 1724 7643 287 
6254 1913 4836 9208 2303 4314 29 5806 4160 482 7061 2564 336 5040 8019 8771 2079 3649 4022 9864 4036 3525 1991 3766 4025 9274 8856 163 3169 5605 9218 2794 3992 3525 994 773 9836 8331 5246 3377 7377 6950 9776 6411 8575 8920 8856 3216 2613 7925 3554 469 5267 3851 8470 6343 887 6939 3858 6532 3553 9006 3219 7318 
7577 2078 5553 7081 6297 4641 1363 9500 5750 9411 9680 8236 8605 5897 560 6900 3337 3916 7861 6597 9930 919 4055 7905 8064 6078 5857 4860 7166 0 5108 4548 5057 5639 4911 8401 6828 7303 6563 5044 4835 7825 1116 9257 8796 2264 7457 5766 3683 4210 2789 3357 7031 9638 9708 6546 5974 4700 8169 7900 897 1518 3275 2246 
9415 4192 1071 887 2136 2229 6565 5384 5874 5769 8566 9390 2280 2754 6519 5654 4309 8055 889 9489 7064 1487 4281 8689 6051 5246 9518 400 1368 829 3624 3475 6339 4383 742 8240 8140 3347 180 7369 9046 340 4145 4578 8809 5409 3089 5885 2013 2640 2108 5969 1947 511 1523 6758 961 587 548 1961 6138 9987 8494 9039 
6596 7180 9054 1500 3264 2930 778 8438 2018 4882 2195 9406 9402 4896 7919 6570 2902 878 2677 455 9472 9613 1717 1381 1697 6619 8707 9606 3520 5017 8210 3170 4068 2086 195 1177 9493 7334 6447 2442 8848 7381 1743 3065 5565 6584 4105 8969 159 6300 1525 9281 8757 8619 6199 4109 2518 8812 4394 5447 1234 4807 3537 7244 
8037 5056 3201 2091 8837 1291 3019 8144 4410 7975 5485 9905 4463 8841 9357 3411 1426 5262 7983 4713 2549 8445 6680 3350 4926 6100 1224 4520 135 4634 3210 510 6996 518 764 4898 9992 8107 4844 1031 9999 8698 1446 8172 7612 3893 6544 4680 5574 2609 450 1065 3158 1280 8313 6659 1260 1249 4102 1487 1747 7553 7126 5513 
2496 2333 8192 5843 2713 8123 5649 8769 3370 4894 3833 9003 5851 1529 3900 596 1302 8613 7645 1062 6742 2401 9665 4541 9286 2734 7633 1761 9142 3991 7661 4855 7364 1158 4133 2244 1709 7055 1640 4680 2029 4923 4338 3901 4793 8537 8099 8845 5882 7880 1247 6600 1140 130 9569 303 1782 7267 2450 6396 8310 2473 2736 9272 
783 2722 4451 6537 5344 1339 9327 5733 3991 2035 6574 2060 7868 6571 6656 4612 7554 6712 8298 7179 8506 223 8900 5546 4607 432 6259 3976 1215 5696 1548 546 4063 1405 6212 2697 2309 900 4834 7426 5021 6264 6128 6255 8378 4837 2340 4764 2100 9391 4205 6771 3621 9159 7585 7436 1492 4834 6441 1072 6634 7323 3149 3517 
8245 8220 4712 4965 3703 6717 2672 4511 7777 3380 755 227 4300 4639 1082 1564 4713 184 4889 865 3035 1717 2628 8969 5746 6698 3291 9490 5924 4378 7184 9712 6282 362 5107 6198 1428 5025 1543 3906 7484 9411 1063 7532 808 5942 5898 6069 1595 414 4733 8719 7824 1131 6315 5044 8958 89 589 1087 6800 6546 4696 6546 
2684 9392 6317 9462 4088 647 7140 5456 2444 3794 11 9581 5694 5626 8784 4446 8712 7964 7358 3016 8833 7161 2170 3547 6705 7224 6122 2149 6815 9306 7529 4772 1771 6632 5685 5622 1176 7680 6136 6172 2930 1508 3324 2645 4606 58 9199 1719 4213 8703 1551 4047 894 6664 4248 4855 8035 3273 5302 7747 4270 1225 6527 6541 
4424 6392 9271 9632 9518 3901 5509 4393 92 3647 8483 9696 2071 3334 6395 4151 4116 3377 402 822 3237 7710 4435 5693 1299 5201 3338 4169 7253 7255 6833 2037 3036 421 9906 5839 2161 8961 669 3667 1773 3633 504 8363 9810 3838 4436 5213 3463 377 4357 7056 7738 6264 3499 450 3415 1994 7601 2600 9030 1736 7808 3802 
5259 8919 499 2782 6742 6949 1406 8076 1520 5566 6984 1661 3214 9373 1534 6262 3541 6195 6627 1153 3368 9734 3474 296 6146 201 5283 927 1843 2479 6124 7449 5381 8448 773 127 663 5754 7075 2682 7919 9584 2669 4592 6510 5226 4801 2065 5883 3503 9113 5662 6085 2936 5306 1401 2123 7830 4053 3133 531 1064 5176 6448 
2888 8672 1045 6125 6419 663 9514 1956 5192 8397 1102 8576 6743 8699 2863 9727 8618 1661 5192 206 5728 4004 3132 1965 6492 1864 6593 8489 8201 6330 8857 7868 1716 4995 5492 340 3457 6932 2995 6946 9875 3283 8207 1639 2408 1845 8406 1737 9251 8872 8173 3875 1069 680 5704 1227 1291 1634 6609 9424 4574 2724 8670 7319 
3817 5773 6993 1793 3023 3111 3160 1617 6809 9093 9664 7125 2442 8180 9279 882 8793 3333 5064 6129 7637 3327 5766 3962 299 7067 347 6928 5060 6466 2911 9103 3470 9788 2052 7377 9084 7521 6895 2217 5071 3619 1750 3565 7586 4761 969 3612 3880 217 9955 2347 5345 6458 1813 5245 8923 5064 1009 7360 2615 4928 8507 6777 
843 1083 7408 5232 9154 7725 7648 7622 6222 8429 6983 5239 5959 310 1596 2271 485 575 2024 9092 9906 3555 2719 5170 7998 6721 33 7842 4186 4237 5599 662 5585 9343 1204 6376 6309 2481 152 552 4206 6621 4843 6209 8174 7279 6548 1343 6525 657 3480 2043 7210 2521 567 8612 7433 3952 1262 3061 3775 3059 9629 33 
4891 6379 7868 4109 9528 3122 1781 7229 6058 2515 9863 5724 202 2783 6446 5644 8213 2379 1603 5324 4547 3949 9412 3810 4087 5864 397 5599 6138 8617 6022 3601 8239 4004 4824 6223 4811 4365 1067 6791 9550 8012 8981 9743 259 766 4496 3035 5913 706 323 4070 6520 4307 8104 401 6862 3476 1220 1268 8792 9970 3991 1036 
9819 9127 9009 1893 8443 5415 2683 4984 2320 7493 4276 1246 7160 7861 1883 6928 8100 6581 9121 4637 166 8918 4710 2479 5048 529 3898 2825 9547 455 9660 7421 3162 5247 9822 5162 4175 7748 8076 5852 3745 1677 5838 8576 8449 4625 3489 6805 9573 9005 3522 4713 2091 8282 723 799 5622 8829 4154 961 5718 5992 6263 7162 
179 4250 4818 2128 7516 9590 2203 5412 8684 8612 9974 283 1980 118 9665 3962 7774 2485 1634 9015 1858 7035 2896 5813 1960 5342 6251 3376 4590 8946 4361 5915 2905 4642 7000 9529 2871 7769 6531 7877 7542 8183 368 9074 1692 3007 9186 1827 8063 7496 4427 5571 1100 444 3891 3784 3935 3138 4507 6660 6115 2679 5103 7727 
3045 4488 9705 5230 1325 9253 6203 1536 7915 1411 2577 8149 7761 4604 5391 7367 8355 7647 8540 8269 6381 2318 554 3840 7365 189 7412 4903 4433 7153 8019 2553 9128 9801 4777 1047 5436 9287 2139 1120 5696 4771 3078 8168 6052 5746 3 8889 4220 2944 4491 2543 8064 9726 5429 2715 8154 4326 5565 3614 7098 1768 9945 5994 
5966 833 4128 3787 3651 9239 4402 9418 4095 1198 5940 8591 4016 3020 900 1255 2871 3468 2054 6341 3750 8818 5673 9562 644 4137 8843 8562 4922 9438 1349 9112 921 7974 9765 3705 8367 6990 6350 9908 3303 1559 1222 3258 6849 5067 2681 994 4414 2455 1437 4468 87 199 8959 8405 9141 5556 913 5934 1721 9436 5365 363 
7817 959 5803 4978 5649 1327 3658 2552 2899 522 9938 2793 3639 1219 7609 1849 5751 6653 3735 1962 295 5206 9530 7608 6657 1828 4360 4674 3429 5779 605 4815 767 3687 7670 3147 9046 4260 4577 2225 6114 9550 9841 8131 3074 2774 7526 400 515 81 2972 2306 1452 4965 140 5373 743 2865 3147 1621 3597 8564 5472 4682 
341 8912 8842 1208 3853 5617 8102 1436 3557 3498 5395 9641 8177 8838 1491 5976 5093 4545 7245 5768 6090 6996 3476 9518 2276 1573 1752 5218 2600 2232 5996 4063 5503 8195 9634 5909 8869 634 4383 8732 4205 8920 8339 7845 4180 4384 5265 9304 4239 4618 7302 7114 2626 219 2437 5094 2563 9759 7557 392 4642 9766 3541 1750 
271 9869 4447 2900 898 5340 2968 6145 5677 801 205 8123 6099 6585 5408 5595 9871 5498 9477 9145 9632 9123 1740 43 1546 3291 3931 9027 4948 4241 5578 6241 478 435 2129 4248 6583 7538 3997 996 5969 4526 2386 2288 4768 5391 4422 1845 7860 1059 3095 9178 6219 9732 6077 9515 7770 6819 8000 3093 2467 8408 4075 7386 
693 4907 5835 892 9317 2451 7714 4547 1354 8189 9240 4369 5021 5690 3026 9476 5755 1059 6702 7695 5873 6695 8894 2662 7033 2508 3834 5002 2849 2099 1814 3501 76 9411 8868 5871 2494 8455 8396 7436 1147 7280 6757 6695 2530 4381 5194 9210 3967 6052 3391 8928 6913 2697 7722 8786 3580 2967 6891 6958 2183 7729 4194 2087 
509 3806 4272 5755 3981 8174 2485 5486 5377 7527 6246 4153 6198 8024 8983 1665 8109 2410 9595 1559 368 6272 2069 640 3434 3487 52 2580 3975 9284 5123 4981 6764 6201 4230 8548 8940 4457 1421 9086 2864 5258 3960 2191 4063 6925 9055 8068 6031 2169 2276 1009 9007 1886 6976 9145 3839 4805 6996 5322 6141 4812 4981 4343 
6610 1963 1932 7276 1255 4025 4963 8454 7568 9455 5630 8224 6368 4878 7826 9079 6021 5684 6929 770 6193 8327 2527 7083 3922 7351 2497 3087 9560 7353 7102 8649 6439 6329 6498 4084 7065 1205 4940 4081 5953 8089 3843 6407 4088 8469 5260 1990 1134 3143 7056 2785 8142 8879 1161 7053 9572 2014 9322 3633 5981 5875 1308 7757 
5558 3492 184 4804 4761 1148 4168 2934 910 5672 9571 416 1820 2895 6647 1651 7707 4504 5748 6022 8107 5926 6961 6663 4409 4753 799 1229 7728 9147 1667 225 1254 6310 6444 1523 3378 8831 1382 5901 2764 9019 2122 5989 4279 2890 3682 9436 8771 4233 5038 4398 772 7563 3356 3409 6615 9628 5134 464 2451 5790 7049 5064 
1552 3390 4045 9162 2561 701 9353 2632 1282 2789 5007 4597 6412 9453 1508 155 7095 2052 6516 3406 6212 5286 2965 4341 2908 8623 4768 9448 660 8855 3741 7524 3653 3211 7588 4796 9732 1710 6854 3392 8289 9527 7744 5659 2113 7197 7007 6203 2227 4370 8879 4362 6833 1008 8546 6646 1058 7013 7253 9055 4905 900 1252 9867 
2193 7521 8440 35 6419 4902 3289 4619 4317 9620 768 151 4437 6907 8902 2865 2755 2098 5617 2899 5318 9194 3538 7630 426 9192 8349 807 5471 2478 8259 2985 7065 7996 9350 3977 7415 1223 5193 1866 7213 6179 9782 3077 5635 3308 2452 3409 4297 165 1654 3230 1647 2797 2770 9222 6679 2949 8331 5751 4263 6183 4578 7758 
3181 2288 559 4703 4394 2070 1960 7385 2912 5985 7341 2035 4487 4179 111 7803 6559 967 8830 8296 1627 7928 776 1808 8964 6493 4142 4374 4072 8789 9367 8183 8290 6755 6050 3315 7883 3637 8513 9319 9306 3541 7780 4318 5736 3757 2377 1168 2290 3644 6024 6542 2259 2512 7841 450 6833 3846 5538 1810 8149 9103 5151 9264 
9040 9716 3728 2287 4878 101 869 7292 4482 2646 5413 9585 4681 322 474 346 8921 8904 3132 3000 8858 8285 8702 8169 1502 5085 1465 4558 9777 5691 7826 5285 6524 2794 6330 495 6538 3423 3113 9913 3535 560 3260 7999 7605 8297 4242 6776 5791 8424 7822 5444 8341 3185 9139 7429 3505 5732 9921 9354 3476 5607 7355 5118 
2573 4902 2905 3673 6994 4395 1332 5975 7743 9532 1886 2152 4319 7301 114 2168 1558 1882 1499 6390 7725 9757 4504 4562 8340 3101 5806 9692 7444 4623 4848 7011 7390 2818 9399 6163 2263 546 7650 1203 4695 2323 6495 2349 2844 2758 3135 1355 1497 7148 718 482 1909 424 8955 1652 6094 7640 1995 9971 671 9260 6852 626 
8735 8918 2440 971 3355 3064 999 9275 3429 5686 5558 1188 9074 2021 8812 6865 7060 9479 8966 4252 4363 145 4422 7023 896 4557 3042 5459 4221 5932 7561 2637 1810 5718 1611 925 7797 6727 4162 1492 7474 2285 830 864 677 9062 1780 1370 7085 2901 1628 9316 8120 5274 6648 9044 2830 2384 8216 2916 1717 350 2017 2821 
8225 2104 555 2396 7770 9045 1787 3793 3404 4336 9520 5489 919 8780 4978 1584 4022 8163 734 813 4879 4216 6961 5890 2216 9353 6343 3180 9072 5689 3814 9222 9508 1045 8594 2389 7593 2611 307 3915 4383 7211 8907 2725 4762 8336 4158 9656 2777 4926 6442 1397 182 4908 4523 2137 3992 6803 9877 563 4059 5849 3340 6651 
1062 4669 2854 1429 5326 5704 5763 6937 8431 8999 6811 5670 9835 3476 9238 2621 3180 1802 9747 6445 3105 9097 4871 4576 6223 2249 5533 6538 8581 711 4804 8794 3309 77 3200 1427 3193 4826 9139 2597 7760 6554 9804 5221 1919 3567 206 6914 4358 1798 8736 6194 2086 4123 2162 8697 2714 4992 3853 2776 8620 8278 9795 1077 
4208 687 7556 6386 7026 8716 6904 6804 3846 4443 6221 51 6572 3372 6323 4036 9668 3024 5006 6580 3912 108 1949 6826 4269 2901 5865 4567 680 1388 9229 8285 31 7663 9002 510 666 9986 2377 7506 4018 8832 4485 800 8347 9319 7056 7287 3090 1697 8998 5488 7323 9968 2272 2729 9181 5942 6981 3989 5250 8503 6043 8157 
7886 6413 131 8272 2953 694 1649 9138 5898 4201 6633 68 4908 3993 4522 7968 5515 3117 6227 1208 5205 6284 2655 7889 7959 2595 1966 4833 1008 6805 3471 1464 795 2952 8998 6258 5268 8065 5615 8993 9749 4920 6049 3789 4238 6628 3641 3101 7657 3134 1162 2855 7628 9047 7609 4549 5808 5945 9706 6190 1925 7787 1041 146 
9461 7586 2383 756 5347 7767 4815 1694 168 4318 3770 1325 1145 8923 5676 351 6946 1560 5993 1086 463 8014 3664 8433 5953 3543 3463 3416 5981 6783 383 8641 4879 6402 90 7320 6970 3155 7966 1476 652 4191 1638 1261 4898 3326 3226 1741 8088 6214 5669 8821 9230 2299 7686 6989 9499 8643 7677 7087 2849 6825 5620 6901 
114 7288 7693 489 3501 4281 32 8770 8295 1076 3647 1490 3538 4892 1125 5984 2697 6819 2701 1693 4610 2993 6819 4359 692 952 6026 2303 3112 875 2956 539 6798 9037 9668 64 8885 1271 6529 6565 7377 9303 2712 543 3464 407 2834 6700 7765 9828 6086 4392 1463 3381 3970 8127 8895 5498 3129 1769 1193 9089 9498 3970 
139 1158 9484 6479 6467 9282 3956 3028 3736 1421 9918 9021 4400 2826 1694 9534 2260 4568 892 1631 7781 6116 4704 8719 5005 8926 771 4979 5024 22 9518 6764 2782 2093 9060 5772 4863 187 3275 6857 4908 4368 7086 3671 1796 5010 3006 3429 5240 8323 6204 880 8165 1225 335 820 5164 8327 1157 8692 4953 6690 9356 3632 
4894 2316 8333 486 3865 9041 1613 5672 1038 1188 1599 4809 2457 7356 7753 2793 3572 8130 9942 9435 4795 5456 9486 9878 7498 2205 2007 4123 7891 5183 3421 8757 6162 3434 8666 5774 5829 1669 8668 3945 3797 839 5890 3400 1297 8058 455 5234 3781 2269 3934 6009 1633 7928 6175 3668 3832 4118 3223 1290 7515 8874 3576 8907 
7481 1689 711 3248 423 3885 3192 5476 6198 1262 6565 588 6802 275 4419 3907 6601 6189 5556 4625 7351 4696 8731 4041 5422 5533 199 7448 8336 7598 6532 6914 4555 7736 7517 8815 5249 8871 7656 3975 5168 2649 7992 4169 8317 1632 6896 3327 3721 9107 2911 2970 6109 4546 2494 7037 4470 6056 9885 6162 4023 7165 3631 8117 
5026 5747 7379 7783 5276 4746 9438 7744 6333 911 3856 8055 1685 4082 6494 4156 1250 4850 183 206 3884 4363 6268 7982 8892 2325 4289 5643 1844 2769 9584 8091 8721 1320 9948 6651 8790 1470 1646 5466 3788 3158 6669 512 7193 7255 4739 1546 6937 5256 940 8568 2551 1924 5953 1605 2008 352 4862 732 6391 6828 4040 2548 
4240 7151 1108 604 1940 4812 3635 5948 8626 9221 8351 6083 8403 1865 685 7533 4562 7918 7819 7884 5320 3181 5787 5262 7460 9289 9915 1122 6315 7651 8163 5375 6078 6080 6289 5108 4738 232 5015 7285 71 9569 2372 4029 1013 5454 189 6886 9974 7385 4786 3437 8553 2411 1325 286 2831 8313 826 9984 4751 5573 5176 7654 
3848 6134 4727 9516 4866 3587 4011 1180 4340 2892 4433 3575 8274 1143 811 3119 7378 5937 4820 1149 556 830 6704 9420 884 9937 2867 9239 3670 6670 9785 6836 6968 3385 4887 2553 2050 5616 2327 2382 2865 1929 1894 5737 8387 4203 624 531 1381 9447 1740 486 4681 464 5170 3767 9033 199 6366 2425 5757 6200 9966 1139 
3268 2494 9490 4130 277 1629 4493 5070 3012 2756 6780 8336 8343 2438 9519 1579 5217 8451 1776 4949 44 6191 4709 7733 4497 1048 2175 5757 6391 3964 8094 6180 8523 3177 7042 3596 2744 7934 6630 7051 509 7505 7308 3311 32 770 6953 6152 9944 1999 7145 8550 8651 3572 6602 6925 3632 7754 4609 211 3639 4403 4712 8132 
9834 3287 20 7983 5866 8720 1421 505 1086 9853 6900 8844 1477 898 2217 2688 8347 4678 6701 584 9329 1087 87 2349 2134 3587 5276 5609 9792 8501 8067 7622 8570 7827 8850 4306 6003 7804 1772 8087 7694 7526 1856 8758 884 8002 4598 3282 4591 6050 6738 3586 3759 8521 9915 4436 8886 7545 6729 5429 7768 6038 131 9358 
6860 3432 3561 4622 5365 1682 7834 3023 5795 2312 1156 5869 5696 2064 5302 9268 264 180 9120 1150 2102 7291 9256 9364 6204 687 9823 5918 1300 7372 689 7491 4873 3364 2971 4684 800 1166 1158 8811 1 2123 8630 323 6153 8129 7783 6385 9496 258 6313 5878 5878 1589 2441 9137 7138 9496 1438 6614 3990 5220 9215 8129 
4579 5672 6014 8611 9870 7169 2876 353 6277 48 8261 1240 5265 2361 5508 6373 7078 855 3535 9722 9303 3364 1882 6677 251 2299 205 2195 5595 5470 3897 4076 504 955 5228 5157 7838 9412 8077 8048 5606 3496 9895 4718 8783 2073 8718 7831 5808 5951 2892 3463 7845 2293 1502 2227 6668 8927 3911 5008 787 5832 9854 1752 
1518 1987 2544 5618 833 5842 2832 4462 9940 6107 5067 1747 8622 3213 2786 1543 7091 4601 1785 9889 4836 557 6835 292 9442 6071 8642 2079 9354 478 3246 2886 8707 1743 3389 8765 7525 4751 2633 3266 3975 7615 2404 1151 2642 4535 2731 916 7940 7831 604 6085 8582 3036 3329 5115 3984 1639 3557 1412 6005 8367 2298 9413 
1949 3958 5104 2159 7986 839 2994 1796 4768 9280 3695 8973 2652 1679 7447 830 3054 6033 3122 8658 9900 9147 6147 7016 8447 5237 274 4594 3696 7540 8901 8415 4704 9551 9057 8852 9576 8133 9067 2672 4239 4793 6843 2645 410 3719 5978 2458 3133 6922 5876 3057 2699 5273 8983 1999 8609 879 7859 9515 8196 1472 9641 6741 
8948 8070 932 178 8573 2773 6557 2880 7980 6072 9288 2637 8723 3452 1273 3890 7521 7821 9198 6203 1008 4576 7412 4361 27 1631 8812 1601 5234 4343 7370 5174 7482 4902 3220 812 4056 6073 2546 281 2050 5812 7189 4876 5317 774 6035 6795 3687 4585 3816 604 8656 471 6688 9854 3931 5441 9960 8607 5492 5160 488 6875 
5345 774 4029 9842 7366 8948 9979 7262 4998 7399 2689 4801 540 99 2230 4812 2714 9886 3615 3378 9402 3219 9538 3564 7285 5986 7245 3222 3602 1516 9968 4619 5741 3781 8534 2702 5161 7758 331 115 9361 6330 6897 2121 971 1806 3421 6569 2552 5824 4998 9650 6939 222 3567 9945 9740 9361 3221 7536 1 452 4220 6978 
3533 7824 7288 2130 487 2849 6338 4893 3404 7479 1887 878 7628 2691 1309 9193 7009 1737 8398 4077 3745 8359 67 9131 6747 8470 7390 3412 9278 9553 7937 4130 7930 3855 8534 1030 6070 2586 6950 3015 9135 8737 7508 3513 9989 548 6485 1678 2029 9673 5921 2271 9174 7229 8169 7293 8226 7269 2290 1407 9247 3807 8951 6716 
6303 6972 8634 2859 3711 29 5265 8393 7288 1254 5894 8778 3843 6019 6608 1515 5522 6487 3828 7708 5489 856 3634 3398 4728 4029 7515 4446 6216 6436 4013 7978 2984 1047 9526 4417 1388 9020 4128 7767 3405 392 6868 549 5838 2034 3726 1115 7316 5579 849 2755 2393 4369 3533 3661 5464 9342 880 3775 6695 3438 5893 6390 
5300 560 7876 2435 9355 929 3570 4072 1262 6500 8128 4807 3639 5748 4563 5764 7312 1329 5255 9077 8202 9437 5380 5878 923 5753 3630 9368 9630 6247 2947 5519 9952 2558 7693 630 7764 6659 5675 3274 6723 4478 9374 9764 8609 2529 5939 3217 2156 7651 7895 9143 7116 9323 7477 9852 656 6125 5284 2529 4521 7315 9876 5107 
3091 3062 9660 7800 6212 6028 9533 6847 778 8209 7551 2806 8401 9739 3060 4495 3260 9996 1154 2882 5945 9388 608 645 3785 1964 4682 8411 8357 3595 3783 3454 6560 1274 9268 9685 9730 9067 4224 9357 7150 8217 9401 9375 810 9095 9237 8495 2192 8721 1042 4806 344 484 9581 5103 8385 2880 2307 8128 1912 7359 6290 9540 
3326 230 8304 7498 9867 9596 9864 1466 5750 5722 5059 9567 1620 8814 2517 4728 98 3911 2579 9033 1250 7585 546 7091 1082 2924 6665 4813 4119 8532 2118 2168 8961 8272 8301 6452 3143 8398 9137 8747 9341 3738 3711 7409 4459 7113 693 8964 9035 3159 4843 8876 1429 1090 8944 6039 3712 169 3861 9963 8818 3334 9521 3090 
4657 7556 1109 1475 7194 8762 6780 8956 6662 6457 5957 5830 4886 4248 38 5434 6465 7925 528 1787 5310 6659 9505 4464 347 6406 8493 7751 5828 4311 1361 9477 7059 9728 921 1646 3048 1578 1266 3304 6710 1653 685 8763 8408 7969 2911 4559 4286 4207 9960 6766 8341 6290 3176 9606 2742 7215 7669 7121 2147 4515 5706 3075 
8646 5923 806 9335 6211 9930 6339 5560 1320 347 5598 8171 9019 666 3151 79 2302 6491 8758 8527 622 4887 2324 5825 6937 4091 3967 8077 5793 1289 1596 5870 3907 2791 4082 7473 5048 1923 2867 8740 6334 9507 9444 4773 7825 7728 4173 9834 2106 1228 682 3635 6775 7983 8357 4125 2697 6088 9140 2979 8506 7087 7019 5401 
6149 1741 9268 1772 7245 5741 5641 8200 4955 842 512 2834 7070 8949 9998 1687 2411 8688 6384 4152 9543 5372 4290 2970 4770 371 9963 8270 2190 5055 6099 7942 5932 2426 5150 6482 6061 415 634 7003 1480 3692 3448 6748 1760 5469 6129 7764 7037 3549 123 9543 1804 1384 6029 2231 7984 1420 2083 7462 6534 570 4417 5793 
593 1326 1976 4304 38 8037 1556 2956 4319 9700 4186 9777 8919 160 1086 7991 1496 6947 2951 7037 2234 4402 3566 7370 5013 8365 9297 7080 2615 2478 9962 6787 4427 5754 4875 7519 3099 2902 1132 793 1487 9869 6848 5200 9626 4690 9962 632 3836 6674 2320 7513 9496 1909 5008 6455 4520 2089 5437 7373 3337 3107 9029 206 
6500 5434 5812 1228 7551 7545 3956 4978 1068 9632 394 9226 8099 1590 1474 3064 292 7024 180 4057 1718 4338 2294 8067 3384 9571 8967 2269 8621 8799 2070 9100 4874 3090 9639 1865 4169 2130 9692 4075 6084 8462 1968 1712 6717 4224 839 9822 7985 3828 7274 1216 9538 9499 9851 5822 295 4826 6231 1035 9615 7076 8855 8125 
3228 620 1541 8005 7125 7650 7470 8471 5666 6747 9545 1258 5002 3450 2775 7302 6418 14 4342 4201 7401 3684 6170 9183 928 4828 6029 287 4534 5948 9249 6863 952 3705 2988 2605 6625 6687 5322 9262 598 5516 2724 781 1183 7829 8756 5396 4213 7462 3452 1110 1472 2584 9252 3577 5416 3741 1842 6280 5536 4969 2380 2007 
2833 5766 6999 6862 5087 137 3292 111 4462 3078 2865 8962 3216 5955 629 3011 7928 821 2600 1967 3498 9123 1997 7245 8393 2653 2909 5822 8349 8989 2131 7981 1630 4842 9196 7543 256 4958 1706 9612 7229 8829 8123 2800 6115 2511 8781 3089 1303 2523 9300 7615 9244 2921 1512 4511 8127 5663 3922 4631 6158 2936 3021 4530 
5692 1343 2789 4433 3951 4768 8978 7772 5646 9350 6502 5460 8332 9615 7697 740 2612 2626 445 1943 6171 5921 1492 9695 3264 4718 4697 5123 4676 1355 3283 1263 9160 4216 4801 9043 4683 221 1992 4016 6184 9049 3019 3382 2721 1203 9893 7061 5325 5276 4029 8772 5608 1991 1558 6934 9134 6403 4187 3583 1936 3914 2291 620 
3467 4298 2625 6513 8120 5976 3142 7660 2355 9683 5212 2051 8442 6509 2248 4375 466 3057 9375 2364 465 8166 4223 1272 2886 6765 7401 7047 6780 1760 3982 2079 1882 1561 1617 5190 3653 5276 4477 2259 811 4539 4091 9721 649 2121 2073 1509 1940 8325 3192 8894 8964 3550 7984 3392 373 9627 7703 476 5527 8343 6550 9288 
1122 7159 4151 4827 4024 4677 4731 8081 9095 9877 9362 3214 3650 5101 9756 3558 5962 503 6842 7364 7678 2093 8715 2047 1011 9670 3054 7498 6764 3273 5525 6356 9060 2448 6549 5066 5000 3723 4149 3660 8390 5309 2955 2555 6924 3081 7852 3842 2996 2075 1656 6046 1065 2652 6828 9039 2424 7704 3746 8020 9314 6190 571 963 
8245 1122 5125 6020 9683 8022 9094 2941 8198 6209 1118 718 4325 8347 3689 1989 8068 7804 1916 9088 8850 3426 3048 5400 346 9423 5360 8803 2008 3878 3384 1771 7811 3429 2299 1550 4866 2732 110 688 3959 6897 6745 2078 9059 7893 1551 9069 1761 7702 4364 5791 6831 5330 1226 6291 6134 1861 6438 3915 1950 8889 8354 8947 
2628 4488 2256 5965 2913 7656 8899 1698 2226 1473 5647 6696 7767 4353 7601 2854 9913 8404 2992 8566 5182 7411 1902 6629 1640 1029 6834 9649 4541 461 1473 4380 3857 5364 2895 427 324 6895 6406 4605 1583 3403 6992 6318 7287 5527 7833 969 9692 463 2637 1023 5739 9958 1774 8370 820 4939 2717 2225 6312 6287 3454 2572 
4282 1815 8789 4155 5822 4216 7614 4658 8069 3013 126 3645 4291 1434 5270 486 6187 2286 4252 7896 1588 7951 7479 3853 8106 206 9733 6711 6834 9312 6444 9445 9102 3465 5787 4565 438 692 6486 9145 8108 4320 4778 1422 7820 8615 2896 8788 4872 3021 9080 186 4589 2594 5905 9441 3561 9508 6150 4204 1123 4778 2095 2688 
9495 9617 9989 1534 448 3752 5577 7096 4246 7382 2117 7140 7889 1959 8631 331 4220 734 1975 2679 1389 6324 2348 8762 6271 4119 4963 5612 2066 6466 9097 6381 5640 8002 6875 3996 9741 2206 3565 7138 3527 4474 7989 7659 7091 1386 8048 8032 7469 6679 9389 9659 354 6795 5767 3338 5509 4863 6166 1091 1034 4368 1693 9611 
2421 4242 6042 5033 4586 1958 5400 6783 3336 3248 1088 9810 5979 8053 5427 7125 4137 4048 3934 8488 7480 7717 5405 6354 8254 6517 2646 1158 8734 4450 1793 9156 5033 2753 3384 7187 6264 3138 1957 1285 7357 4658 4137 8062 6512 7078 2276 7643 3453 5599 7440 1362 5889 5586 3631 9523 90 8400 4010 5927 3315 4887 7014 3688 
2106 3230 3155 4971 3363 7133 5246 6240 7836 5238 9610 8539 2737 809 819 9731 4060 4347 2833 8952 2478 3756 1670 5450 5416 245 9115 942 9450 6238 6081 8168 7589 940 6918 9032 8926 555 5464 9958 9959 4516 2267 7975 8785 3446 9370 6132 4149 7124 9891 168 3057 5875 9151 49 5003 8406 8796 4454 8434 4954 5859 232 
2230 4405 1456 2345 3549 4853 5906 9511 7917 9774 9664 1271 6427 680 642 2871 9814 6806 3385 7698 8730 982 6835 4487 9029 4589 4077 7582 8973 8739 2943 4732 5007 450 3056 6106 2043 5023 8411 8473 1825 4409 4453 1033 6145 3350 7551 2149 209 9004 1396 921 114 2454 7124 2371 2748 2726 3552 7408 3775 8373 3957 5382 
4896 4511 95 5462 6732 5384 2670 6780 1700 8836 7018 2553 6996 485 6067 2280 9184 8571 5476 647 9661 8875 1789 4640 1033 8037 447 791 3303 2058 4640 7667 1622 972 1421 9408 9759 8464 5171 5958 7409 916 623 8344 7815 8098 4550 6747 7245 6534 2358 1503 1890 2385 7796 5282 4763 1743 718 1857 9224 9791 854 7684 
7621 2200 6208 5017 2963 2168 9153 6714 4316 7906 1023 7704 400 3309 4590 9431 1421 5350 5760 1365 1472 7841 9401 8604 4556 3994 512 9089 1104 9201 406 9791 2570 8143 3786 5756 279 6995 8571 9747 7990 4786 2617 3363 1212 7151 3753 3483 5052 1075 2275 5085 2518 7468 7413 9170 4994 3592 5026 8701 8738 8695 6157 9859 
2333 9968 1596 3431 1519 4248 9171 5656 826 8187 379 4392 6862 1209 6579 3022 6716 3716 4030 5737 8912 7307 1109 8632 1678 6976 2798 9149 8823 4709 6183 888 2374 1792 110 2839 3685 6127 7467 3819 7306 1620 813 1256 9336 3435 8846 1806 322 1889 1816 2294 491 8780 5089 1899 6930 8269 7450 5253 9932 5370 9687 1460 
565 7552 7799 229 8655 6929 6284 6912 6621 3049 7494 4399 1123 431 5934 7113 8373 8324 6615 1642 2970 3666 4181 1524 9572 476 4994 2285 6308 9323 146 1665 910 1234 3483 2785 663 9990 1216 6262 6868 6633 8659 5101 8285 4295 3181 8173 1285 746 7408 2153 608 2003 528 1747 4193 7396 3819 2182 6628 5415 1487 444 
4375 6216 2706 313 2008 6903 2494 3873 4015 8068 74 9377 7005 1968 3857 4467 3163 1578 7021 3853 8946 7464 7347 4863 3172 2512 5724 5653 4256 1868 2588 4943 8222 9327 6433 3171 3883 2672 681 2521 1157 2748 8634 8618 2622 6951 7 8492 8926 5130 273 8433 4990 3590 8883 9306 2616 6176 7773 4477 6473 5917 7549 4901 
9535 720 9012 8898 8224 5892 509 2784 835 1668 6327 652 9198 6044 1606 3939 8488 1117 7745 4217 8438 5176 8087 3730 9555 9048 8785 3655 375 501 4537 6945 8395 1143 6325 9224 3805 1875 3973 7214 7267 5898 7487 5521 1794 5995 3484 558 661 5214 4955 9126 9905 7177 3003 4915 728 2171 1499 4073 7267 6041 4374 9294 
3523 9182 2676 5388 1031 337 3181 6082 7018 2850 4638 8658 1125 8446 4900 9588 8545 8784 3480 6967 7569 4283 1555 7620 9395 6251 5578 52 7761 2450 8597 4035 3005 1725 3910 1116 1233 9148 278 6285 6682 8539 4571 3626 1084 9553 8573 2110 5674 624 2879 9203 543 3872 2959 4606 7422 5546 2479 2774 6316 4759 4707 4464 
7358 965 1672 6864 3719 921 3775 8683 7429 5510 2914 1619 2542 8055 9155 2552 8283 6287 5196 3047 1847 6717 1098 9444 4146 1658 3079 9139 7935 1456 9161 9998 6594 40 7781 2548 1250 2157 1255 4108 5511 6529 9779 5572 6145 9484 5161 6830 7098 2411 4912 4827 7850 361 6227 1220 934 1939 1501 5727 3080 1991 7574 1437 
9439 2929 832 1803 7386 7722 4004 2842 3347 5944 7990 6825 2839 4670 7586 5622 9833 5509 6355 9472 8467 8103 2878 1894 6532 5551 993 3124 3182 6935 2790 9428 2780 4179 7651 1852 362 2183 416 4626 6285 6656 776 8232 9205 9158 2256 2450 6372 5972 3152 2537 8419 6981 3236 5292 186 1455 2588 6879 9325 880 3770 6857 
8689 6093 6167 7024 5010 878 7017 744 1670 7068 2695 3474 3245 652 3591 4344 8284 5097 8885 3124 8842 6646 592 1973 5449 8439 6103 4172 5478 1092 5652 8193 5610 6702 6002 7319 8808 4715 6300 1345 6716 7889 169 2473 4510 8206 6838 5174 1936 3105 292 8464 4550 8816 5811 7587 8366 4082 4175 7630 2566 1151 6315 2446 
4915 5848 6182 9714 635 5156 4062 7906 3481 5611 7082 9948 4365 4105 140 8613 4977 5783 3247 4278 5752 7899 4720 1027 5208 104 6563 5667 9892 622 1458 196 6679 4121 1413 8739 554 5724 7975 6824 6570 8469 6752 6540 4538 6792 6744 3712 7144 3670 9195 4515 5041 1745 2903 8904 6476 2320 6551 4171 1640 2931 2312 1789 
1412 6609 890 536 6007 1044 6377 4416 7722 381 4977 6241 7273 5113 9159 5947 8218 6517 1858 3236 1160 3621 478 2216 1367 6068 9779 2713 9028 5185 2546 651 2373 6441 2956 4077 8193 6820 7086 8346 9005 5637 2196 4253 480 4995 5323 1000 7972 7088 4240 8878 5801 1185 8094 6282 8785 2659 2192 6455 3134 6440 6715 9801 
2571 775 3606 4131 7277 5368 5718 4627 1706 9442 9068 8831 7372 5880 2128 8012 4417 6549 3703 4057 5255 4090 9346 1432 8558 3156 191 4982 8677 6431 237 7493 6850 5773 4651 1568 7346 2613 9074 8744 2615 3179 584 8711 1692 9947 9622 8993 6474 2208 6946 9586 8265 4467 4074 5781 9572 9500 9759 9018 4096 7447 5878 9742 
1556 3373 9048 2584 8010 5064 6259 5229 7330 5689 7384 9990 6485 4575 2090 2698 4239 5783 6894 102 7307 8420 5942 3521 2094 4752 265 3691 2194 9405 759 7339 2905 2789 9559 653 857 2624 8956 2913 7752 2423 2236 3239 8569 4660 5624 2581 5911 4916 4144 3161 9873 6900 9597 8450 5635 5178 5790 4366 2975 7217 795 6859 
1529 5427 195 2482 3205 5587 6896 4520 1942 6873 10 6679 6523 1142 107 3720 683 3069 5772 6068 9009 7901 4003 3980 5065 9657 9741 3088 6872 1053 5088 5503 9509 4774 4998 1970 251 6302 1735 6957 8659 4353 6555 3616 8109 4042 4694 3734 9836 4927 9752 6767 2791 660 9383 9170 5575 313 121 1713 3813 9600 4977 818 
2364 6647 1643 2411 2764 1604 4050 7308 6071 5749 2051 115 6162 3132 7357 667 3464 7750 1093 4861 6871 8214 8607 7464 1893 352 6488 4039 9879 9804 5524 109 8046 5176 6367 9470 9408 8770 4962 2343 4017 4555 1646 6949 1418 8914 1147 1479 3644 6056 4176 3320 6855 4313 8698 2527 4217 148 3640 5491 9218 9078 5789 2988 
3350 6231 455 1074 7963 9740 3529 7468 1230 335 3395 1349 4419 6887 8471 606 2972 5540 8419 494 2977 3489 4015 5861 8125 476 8094 2784 6220 2738 186 2929 1722 7863 4050 5555 4529 3180 3685 6757 6272 2307 5875 166 5691 5976 3486 9890 4968 305 4994 5814 4646 7983 5602 9970 9134 7466 3240 6575 2177 6630 9092 1874 
1412 969 1637 2038 9862 9395 5756 3803 9246 4568 5081 5908 8634 191 9346 7238 9351 8165 6850 8697 2009 5494 6668 2365 9773 7567 1908 3581 1776 4431 2535 4922 8279 5125 5582 9667 8162 3951 3523 2902 6055 23 3093 4666 6671 4700 9731 6690 1958 9536 7976 1496 6827 7603 459 8884 4023 7530 6257 5325 387 2129 2019 6991 
3587 391 8424 4078 5168 9453 8346 2819 6254 810 3272 2014 3301 5628 9170 154 628 4371 5533 3814 8494 7741 3918 3792 4420 7073 2580 1106 9339 725 7955 4997 9786 1665 4422 360 4805 8285 4395 7138 6273 7000 3708 4390 622 6171 1906 1980 570 782 5332 7257 2300 7338 7444 6449 1692 7599 6725 6618 4271 8480 391 6965 
5782 330 8168 9406 9618 4411 6632 280 7904 5375 7484 3763 1439 9662 4095 7419 7848 9938 3447 917 4731 9537 9957 3177 8668 6719 981 7419 743 2355 4380 1437 8425 392 4562 4196 5516 9370 9547 4095 9741 268 5148 5170 2763 8463 840 9689 3678 1099 7734 7905 1851 2781 1507 5571 1201 3772 9191 1248 40 7783 6729 8593 
9799 1150 6877 3714 1447 8200 8775 6769 6791 9566 9465 2002 7865 6668 360 4810 4590 8649 4100 1598 3571 910 2136 5820 4725 2200 784 3392 1906 159 7448 7710 8016 2271 9816 1911 5451 2513 926 5501 3961 4498 5378 2111 3384 8461 103 7713 5881 1249 9653 3088 3084 6352 9288 8402 2525 5793 4002 8729 2564 1755 1686 1843 
1129 7514 9847 4777 7586 3806 6278 785 6918 4904 3856 983 6161 6666 8167 6167 6761 4351 1298 6167 4749 364 696 1724 8870 3767 2350 5774 1182 9171 65 1605 2323 5752 3791 6994 2510 1899 5408 1694 1607 4974 8569 5594 5210 3323 5414 7275 2223 9251 1065 5835 678 1127 2170 5151 3283 6366 259 3930 6326 7492 9773 7526 
2116 6231 9710 4106 5162 3643 2400 9391 2352 5833 3656 7287 4950 3121 4207 5611 8825 3623 4962 4616 416 5148 9571 6454 5210 4278 801 9215 4554 3311 1173 7017 7359 6273 4705 1441 2639 45 3075 766 7953 7913 4053 7060 9873 3184 6503 1885 1411 3105 5683 1381 7678 2297 6567 57 1954 2955 3772 413 3166 8418 7104 5318 
1772 8532 5376 5831 8088 4647 3578 1909 1256 4746 9711 3962 5889 7979 9207 2526 5225 2167 1068 8568 5869 9671 9945 4589 1849 6151 6181 3651 844 2422 2283 5752 4904 5545 3665 7190 4705 5995 90 1374 3722 574 4182 3730 2120 4713 4068 258 4645 4654 9640 1009 7567 9587 1446 8117 3019 7517 1410 9091 9585 8003 6031 5376 
7914 3378 8110 8855 8571 3649 6192 4248 1864 6141 5578 8116 9425 2886 6047 7878 4639 8551 6834 3470 6706 4515 4169 8429 4999 6991 4884 8441 7501 6679 373 2261 8237 2569 8397 836 7716 9989 7436 257 6111 9768 5442 5889 8416 584 58 6968 7303 1322 4461 1557 3586 2214 7 5807 1431 2247 8835 3827 9426 2615 6963 2362 
9121 4947 9809 6861 5221 2057 3912 6958 9462 7276 307 1377 9681 1299 8687 1054 2799 1979 9061 6684 971 1683 1206 191 7460 8800 5373 7718 3389 9962 8066 4057 7655 7899 5238 7893 4880 3540 1644 2428 6507 2182 7186 1145 5361 2641 5426 682 3719 4754 4470 368 754 2493 1908 5145 8428 9175 5191 7085 2942 2996 3790 7121 
464 1590 9894 7796 6615 1009 4112 7496 5710 6330 9676 7186 2576 4203 8919 7439 2704 6980 3851 4901 6522 1881 8446 8370 1455 231 1291 5263 7713 1319 1540 7680 8652 1344 6167 1106 2902 3827 6487 1085 3164 8223 962 4322 1200 2658 7436 4538 1173 7373 6528 7876 3757 5378 3252 9117 1939 2362 1257 4897 3089 3216 7581 6242 
2723 204 6190 8030 3771 4339 4231 6770 768 8228 6439 2486 5499 115 5469 1104 7026 7796 7391 69 2959 3694 404 8575 3953 8901 2214 4282 5011 1750 762 7530 1351 4395 4834 1063 9278 4684 66 3175 9309 4087 1133 652 5381 136 6669 113 7880 6791 9839 1272 9765 2866 4491 1887 7667 9067 4932 4713 5102 7319 2465 8387 
5004 4342 1014 4527 490 2767 7119 841 9808 3983 3643 939 3381 3323 421 6276 9612 3850 7479 2574 947 4957 474 242 6602 6118 2133 6601 6338 3410 3303 1424 3644 8661 262 5106 7422 5765 8914 2450 4143 7626 4648 1495 3219 4490 3377 1254 6246 3171 5124 5000 9579 150 5235 3458 8078 1633 1375 3004 4004 8471 3056 5399 
8878 1070 4573 948 2418 5620 2677 6464 722 2685 8852 1630 4137 64 7794 7196 1012 482 7824 7038 3256 8505 2949 5011 6861 7671 5912 4882 6033 4796 1877 4899 1442 5569 1803 9191 853 8027 5456 4393 1755 1022 1955 9109 1662 7442 7856 4814 5330 510 6553 7146 824 1440 308 6263 252 1106 6750 4664 1558 6128 3488 766 
9150 3529 4638 2153 5761 1077 2444 6468 9225 4272 7481 365 1751 5963 3814 7 49 8244 6172 5842 518 5451 8845 8954 135 8640 327 579 9536 1107 1320 7149 6332 182 7876 9987 2962 6219 4786 7379 9943 365 9323 4128 3347 698 4417 4550 7636 6756 4922 1588 3828 1534 1687 9280 988 6454 863 9822 666 160 7142 9234 
5611 441 9211 2323 248 1487 3940 4701 7001 1356 6416 1354 6594 6633 5054 1408 7571 7968 1433 3596 1344 2428 2426 1719 6877 9138 5691 1754 5060 6040 4943 8558 3824 641 9233 8010 7365 6855 4565 7890 3327 903 6273 4567 1007 8965 5789 1529 9084 4233 2269 7200 4786 6668 4587 5894 2694 9283 4819 9339 9593 422 7307 6258 
1781 9220 3182 8076 6052 9901 1274 6473 2105 1261 9475 2316 9044 4414 704 1952 5203 1217 6734 3905 302 6620 9050 8936 7314 2666 3097 2219 1429 704 22 5528 334 4522 5977 1158 9545 4825 4560 573 2841 5406 9129 6023 2508 446 6366 2216 3724 4328 7501 8884 265 4211 1299 1860 7551 9843 1732 4643 6939 6740 2455 3045 
