8 8 8
831 5391 3236 2919 473 712 8295 5586 
705 8166 1006 5296 1893 6042 6100 7535 
7261 4146 7994 8555 7755 9336 7037 3696 
8173 9978 6953 6751 3490 8676 126 9887 
790 4291 4298 120 318 5835 5045 8531 
3084 9750 2971 7855 5240 1259 5062 4500 
1773 5170 4088 8167 6022 9759 8187 8006 
1912 4130 2129 7757 7962 7402 8895 5612 
9615 9011 1319 7350 3518 24 7658 7165 
851 2090 3933 6696 6312 8248 9634 713 
8293 677 3719 7436 1749 4560 7456 2927 
8082 535 386 1406 2081 1460 7279 9544 
437 4355 1635 4453 3344 8803 7926 7177 
5300 153 3781 806 8173 6253 6025 1834 
7886 7844 9339 1986 2317 3970 8044 7981 
3634 3567 751 1191 1730 7047 8806 4229 
