16 16 16
9950 6586 592 6712 1899 3206 941 2988 9605 5888 1607 6411 9753 3246 910 7494 
4188 4727 9031 8320 7433 9018 9321 6647 4587 2188 9024 638 6 1560 1199 4090 
3096 8742 8080 6801 4906 3059 6060 1769 8186 9442 9945 7390 9334 5682 9044 1319 
4752 6985 4308 7754 889 4560 9120 37 418 3064 1827 7637 2329 2211 4061 7049 
356 3380 354 3418 1236 2452 953 8466 1610 6243 3354 4667 5949 3633 7278 7572 
385 358 4410 2653 75 4554 6904 7527 8612 909 8692 3948 6512 6383 6634 4413 
9530 8421 2918 3731 9133 9905 1795 4057 7967 7771 5077 3482 628 2126 6777 7662 
6671 2480 7059 387 1170 5685 561 8692 2895 9921 6054 9806 9678 4932 4016 3485 
1678 3478 5158 1596 393 9928 8141 6648 7602 8474 3550 7692 2203 5946 2042 6825 
2270 9267 0 3036 5068 428 9895 3219 396 6056 7840 5555 7419 3007 9397 660 
3422 5526 7790 6844 278 8630 5661 5288 6385 5768 4073 1413 2463 7186 1073 1901 
2121 6324 1927 962 8505 2291 9885 5591 8321 5584 5991 8560 2614 2300 8111 3284 
1849 2501 9295 5381 76 5771 9483 2137 2230 7279 9464 3953 1979 693 44 5013 
2088 1119 2286 7001 4670 4610 5795 6442 6726 6444 2939 4037 3572 3564 809 2580 
6002 3925 6620 9373 1007 8099 7121 4870 6511 9616 8125 1797 2840 5459 8712 8751 
1532 4290 9195 1725 1147 8680 9644 4755 3586 447 8060 4488 447 3592 6193 4545 
1945 436 6682 4917 9392 2624 6513 3426 1727 4187 4519 9769 598 2809 5348 9304 
9742 4731 4 9659 5632 4666 5957 8229 7382 4733 464 2494 8483 9955 5212 480 
7841 1772 8479 716 6014 3363 8949 1786 4544 8900 2273 9209 8097 5483 328 7750 
678 8508 8245 3243 5646 5963 7290 3190 6787 6492 1215 1059 2174 4673 3509 5445 
4693 8656 2033 8793 9819 1594 6455 8720 2176 1477 981 2949 2367 402 8166 9473 
1779 8568 7181 7497 4972 7910 2788 9374 4635 9417 8446 5622 5349 1600 504 1841 
8731 220 5529 1363 9807 3364 8772 9007 7480 2751 2183 5232 8370 9174 3793 2422 
7125 8668 6941 8148 2133 799 3158 2811 1478 4826 6339 3840 7479 8799 5046 6822 
2696 5459 5907 3323 5914 2222 4211 7268 4976 5521 3288 5972 9678 8060 3969 1957 
8012 4083 6362 1507 769 7333 7541 8840 6121 40 7310 9593 8081 648 1049 4243 
708 1042 9898 7025 6884 8664 2429 752 9147 2351 7804 589 3775 5046 5643 3742 
2741 5949 6173 7589 8459 4671 3179 2125 9229 8550 5019 4078 1652 6363 5680 8469 
5246 9956 4097 1215 9321 609 5062 8749 1710 8012 5354 4944 6099 6882 3084 6461 
8278 2878 1484 8771 2580 6905 3014 6910 4736 7378 8790 179 9454 7322 3758 7598 
5325 4093 8418 3161 2433 2579 639 4742 3366 116 5082 805 3657 6005 3200 3185 
3477 1961 1236 4963 6139 1109 7250 9282 5321 7090 9351 6402 4126 1605 9790 2741 
