81 505 360
9101 3038 2030 2308 6289 433 4910 3461 1549 5248 9330 205 8176 2830 9278 9551 75 447 3292 2746 3121 571 1273 4520 2645 7263 8065 3535 6889 7040 1683 1171 8694 1355 9721 4729 3727 2110 3276 2390 5622 7106 7804 243 3116 4306 7440 4061 7637 4227 573 609 1200 439 3953 3250 980 2782 3193 5367 2983 6054 4660 4405 3517 3544 9986 3652 4084 2213 2878 2419 5771 4445 2254 8483 2163 2155 1128 9783 7785 
7296 2056 3935 8068 1422 1534 7380 2626 4859 7087 9420 9954 9938 8016 6221 2273 1997 9386 8329 6527 3222 8368 1749 7258 3002 9552 8393 1022 4725 9359 4835 7082 4629 2636 7966 3457 294 39 9055 3616 1313 9680 544 5310 1377 7006 7091 5896 9883 1231 8002 5865 2588 146 4670 9014 4411 8429 7620 1729 1362 5347 266 7405 8107 9100 1949 6543 7051 8301 5157 3704 6927 5271 971 1457 5529 1299 1609 4597 6818 
6284 842 3344 5544 2072 4051 3661 9337 2366 935 2001 2118 201 7653 8298 437 4259 7049 3719 3258 1706 1770 2332 9331 29 939 781 3724 8721 178 1015 141 922 3606 1384 7356 6996 8520 4345 2605 7051 5021 3303 6259 4646 7822 8190 9805 5061 6797 4606 4794 3673 5420 242 2052 2815 3752 4648 1177 438 5186 7511 7273 3513 4624 4184 6361 9387 529 65 8631 7354 7641 2640 5719 3544 2694 8127 6524 3099 
7525 3070 7718 629 198 3009 195 5177 2580 1525 7187 7109 348 178 6399 9020 4429 619 8369 3217 4035 3018 6825 412 1711 5861 5579 3427 8263 714 7636 9999 385 1889 6418 5942 4298 8401 407 6419 8820 7816 8307 2887 6332 6243 4362 4513 698 7803 9500 6678 9972 3724 9681 1322 7588 4576 5170 7215 7505 1266 1411 4471 821 9636 6475 4470 6111 6236 5494 7246 1502 4419 8458 5391 9003 3392 1632 3874 7932 
4888 5353 959 4265 2207 249 6857 4671 3395 9935 2502 193 6140 9278 5776 8769 9356 1072 2862 1274 2041 2755 8927 6102 5174 4990 2250 5136 8920 2861 5923 6315 1625 9859 1697 1423 5180 2409 4578 2468 9763 8628 682 6169 2986 4540 8161 6049 3747 8574 2586 9315 6023 1682 7841 1933 268 6334 8805 3993 7883 5641 424 5109 7467 5018 4004 2816 4759 9470 6715 9842 2511 7617 6183 4419 5589 4202 8577 9786 2334 
686 9025 1187 9427 6147 9500 9685 8576 7904 8920 8485 5132 8248 4340 9995 143 4589 1749 1280 7377 5727 7844 9236 8158 2367 5860 9611 9564 9112 6595 8291 3325 8107 3869 443 2219 3898 8798 991 418 5040 237 7444 6871 4302 1861 8093 8448 9398 322 3468 4711 9787 7382 1779 8462 9985 8255 962 6516 9843 125 3174 5250 8496 1362 3292 8424 8762 7721 604 9772 1146 8401 4465 2305 3544 1089 7835 7422 5491 
6313 6916 7601 2932 9083 6718 4154 650 4817 9577 8076 9383 7125 868 8770 2888 3791 6017 4589 8881 5449 6715 6519 435 271 3872 9292 2919 3607 536 5136 1842 5856 321 4135 305 7853 6153 5292 8091 5545 7442 2529 3647 5346 7200 5051 6547 7030 5124 6078 1376 5383 3869 6973 4528 657 2123 4339 3531 757 8332 7617 7815 51 3162 3264 4808 7106 1264 9187 6374 4266 4892 4033 5936 1025 2366 1218 8576 5121 
9765 1302 4376 8747 8502 628 9820 424 7340 4007 8301 39 2812 5859 3631 2976 9062 6989 7228 5729 1667 1435 1786 8146 8641 4668 5445 4339 7497 3605 1243 6954 3686 8103 1633 8071 6229 6853 4695 7302 4633 4722 3479 7358 2515 9658 4638 2820 6529 7627 1036 6772 2869 3962 3477 1627 4601 8085 4715 8091 1617 9920 8074 8423 3077 3532 1188 8509 6353 6609 1275 9573 2390 8458 7664 4211 2767 8999 9774 2853 1859 
9143 6500 2499 1216 836 8625 1568 8592 9818 4594 6911 4410 3830 1567 1012 6571 6036 3655 6215 6972 2828 2798 7221 8072 7705 7682 4070 5786 1093 5484 8742 6776 4436 8400 1994 4458 6038 373 169 5113 4401 1740 1768 996 9980 9723 601 186 3185 9424 9194 6531 1433 1933 5363 3895 6088 5816 3108 1084 7256 6320 2637 5019 6417 5687 6530 7132 4651 2975 353 8481 7383 8776 1687 4116 2423 6658 9613 4959 6758 
2162 6967 2015 505 2144 7126 583 1352 1498 8720 2251 7243 4244 8878 7729 544 9578 1339 1756 3935 3255 2440 2876 9218 7629 8127 5758 1060 7902 7049 5709 6653 5790 2871 9764 1651 4335 8017 7249 7491 5777 3529 2254 3863 1489 2464 5005 7020 9237 4377 2169 7969 2432 9494 9965 3067 1432 237 5081 3997 1675 9699 1095 8684 5607 3446 7877 3969 2854 6168 5808 9083 3331 7013 1256 6337 8883 378 131 7600 4418 
4614 3956 8167 6547 6692 4504 9967 3386 5242 9351 3279 1174 147 5787 6208 3289 6261 9773 8889 7235 6791 5601 7198 9626 9861 7551 8053 6270 7935 6294 7944 6957 2120 5069 5213 2761 8626 2277 3600 1654 9055 2537 8406 9114 4745 9910 1676 4937 2839 2844 8436 2457 4845 4177 3614 1863 3876 8188 8839 6712 829 6009 4688 3129 2962 6228 6267 5731 1323 2771 3 2691 6523 9746 90 9887 4745 2905 2793 6859 5143 
6792 10 7746 5643 4260 1346 7401 8672 1412 7161 4225 1873 5789 5079 7122 2022 742 3358 6231 6086 3684 6621 2357 2730 6280 3956 4958 2167 6276 5550 9418 2818 4173 4258 2627 4974 3426 3907 8325 1944 9814 2325 3394 7473 7841 2832 8871 1546 7091 6925 6044 4106 9215 4652 4149 2126 7810 6780 1276 4535 6888 2687 6527 9 1249 1194 4302 9055 6793 2491 5070 2232 6762 4526 3278 1467 4932 8146 8488 7809 484 
5631 9073 1707 3894 1266 2381 8225 5902 7995 5020 7574 6636 1991 305 305 2213 2705 7173 735 5112 3751 9653 8301 7251 2166 4610 426 8678 7173 8514 668 2048 9680 1385 5220 8755 5909 5318 7272 3170 6504 78 1943 817 5915 6176 8148 9165 2568 344 9444 5966 884 359 5477 3501 5038 8500 1265 8678 6398 1131 8892 3252 5661 4672 9047 2579 7195 8165 3833 487 7724 9337 7681 5878 578 452 2654 8269 1838 
4287 2904 6752 8392 152 9686 4861 2025 5927 2851 9232 4854 5917 4411 7629 2359 1389 4109 1056 4345 8869 495 749 5673 4340 3054 5411 7855 5307 1033 3825 916 6416 6857 5827 7677 2386 1943 2105 1735 2978 5272 9291 5185 6802 9830 4431 5731 1069 9121 1346 2720 7877 9736 1351 6427 4041 8681 5216 9157 2947 6682 6243 2567 9945 1407 8413 283 1878 9342 3255 7303 3698 8022 5827 8292 2824 937 4646 9443 8507 
7361 4326 3245 3156 6863 4111 9249 8014 4882 4479 1120 6724 3518 4830 3535 4435 133 654 9471 3575 3284 9249 8838 8415 9188 5199 3041 5546 8054 7957 9355 337 5253 1881 8954 5245 5116 4019 3288 8030 6263 6111 7951 3449 9492 4818 2917 9552 4547 7203 1085 3074 557 7710 5880 3749 7815 1980 4346 1311 7778 715 2658 5909 2172 4357 7994 7410 1955 9379 3780 9187 4322 1049 6299 3478 2833 3589 9876 8729 942 
603 5535 1366 8373 3861 301 2057 1942 1787 4444 4676 3942 5893 9417 9105 6933 3231 8186 3972 6966 4912 4366 2248 5883 4711 6526 351 9713 6187 8100 8270 8122 9326 1209 9179 5989 4836 8187 160 4458 3031 3893 28 4020 7240 8482 9930 1430 7979 845 4748 8603 2149 6746 2679 4116 4063 4800 8467 7999 1073 9683 9748 369 2546 1903 2068 2827 5321 7984 1649 3713 5450 9212 7733 357 1311 3497 3034 8909 547 
4396 3149 923 256 3022 7599 9656 2886 6317 5471 7792 9435 439 3200 7339 6439 2541 92 6491 603 340 6662 8755 5457 2111 8203 5243 4254 2732 6642 6501 124 1521 4894 9515 2310 8574 4422 3842 6979 5381 7352 4256 8881 4827 5973 8113 797 4873 6233 4674 2038 2268 1681 8725 3464 6426 8270 9051 5759 5592 9237 1812 8776 6217 8133 1542 1037 3706 3952 8563 1442 9803 1249 8500 4298 3964 8251 339 7974 5386 
9408 2926 1557 6998 9304 7194 2162 8473 1584 879 2995 3369 2321 5872 5154 496 967 2140 1261 807 4630 6215 881 4082 8838 6620 9710 8704 1692 5145 3317 2450 5707 3398 5028 8938 2911 5593 7848 7872 4204 8446 6260 3645 8743 8075 1143 1125 705 1408 2006 1714 562 4946 3881 5509 6625 6699 537 7989 1582 2137 7419 170 2506 8149 3151 6540 7855 5168 9889 8594 195 1806 4055 1064 5713 6673 4548 2710 3027 
4334 1833 5942 2503 1013 7964 3514 7207 4721 6025 5317 4174 2323 114 3462 2375 76 1360 7343 7457 2730 3087 4858 3395 8842 9666 8159 1180 6139 8974 6305 9413 9717 6619 3342 7951 9945 5446 3064 7058 2695 1971 7228 4821 2131 4786 6978 5239 6517 3550 7642 5324 280 4915 7810 6624 1083 2975 1986 1028 7021 3792 4666 7970 2135 8452 2136 1917 3471 9198 6439 6257 7233 6832 9174 1234 8900 95 4291 3535 171 
6468 6861 2027 7654 101 1610 8536 3564 6761 677 6836 6288 5230 4081 9445 3239 530 639 3110 3706 7237 7052 8465 3417 1516 2374 3224 2370 93 8147 3760 522 1377 7644 1706 6699 4105 9319 7752 4094 8588 1144 9122 7437 6822 2506 7665 4034 3026 6678 7627 6450 4725 7928 9327 884 7640 580 7073 3313 1249 9949 1907 3678 4519 7448 9525 5699 3009 4287 9726 1460 5619 4293 3876 4262 7474 500 4529 7321 3489 
3761 5653 8712 8447 3918 1448 7395 7909 164 9559 4549 9283 2046 6417 6241 3898 6320 1564 589 9281 3088 1988 4396 8746 1128 6429 9388 4126 3505 2001 8242 8057 2737 7758 5704 4246 7877 6530 5266 737 547 6032 1220 923 3823 3737 6894 6931 3381 5255 9900 9049 4395 5359 9092 2131 2714 9108 4074 4704 4290 6203 6379 6136 2049 850 933 1338 2012 6228 6401 8865 6860 816 8113 9625 3401 6709 2314 1282 9084 
3861 2194 101 3153 1625 4301 5544 9890 2051 2553 4654 5883 1290 3064 8784 5398 2855 7357 1935 4117 5052 9097 7613 5059 916 347 8060 3141 7424 1297 1418 5389 2876 9298 9186 8716 7140 4177 542 2009 1036 1897 5675 4259 9792 9744 2966 399 3557 3015 2116 126 8617 3189 4010 3865 9944 9274 4683 9977 2657 9307 2204 8581 9095 9730 8361 5539 6576 8481 9951 6931 4964 7390 7024 4100 7108 1862 5919 7648 3967 
4370 9430 3435 4942 6108 8260 5355 2830 2002 8813 5616 4479 3237 5898 5195 5526 2799 1602 2134 7806 3188 2365 4428 3603 5648 5623 121 9165 8754 241 7758 4809 6920 2479 8826 9616 9140 8996 9761 2095 1018 7623 6531 4605 8016 6187 8205 8532 476 5650 9496 2732 5307 8145 3288 6519 3575 2071 4651 1884 2612 4494 5921 9217 3858 1864 5220 6512 8349 2929 1464 8984 132 8791 1229 7206 8533 9176 8795 7641 2070 
6312 2351 7888 5564 5506 51 9799 9339 3327 4407 7700 177 2590 8256 2864 8812 271 7744 6112 1539 9218 5519 6454 2098 6988 5038 587 6675 9783 1401 3625 7975 3192 5980 6983 3768 7373 5466 5609 1808 5959 7327 769 6708 9236 4227 5725 9250 2073 4338 2194 5320 8619 3440 5969 3369 9977 5018 3805 573 8243 3767 8 8039 6980 7817 882 2505 3356 6747 2349 6272 753 75 4621 6164 9362 7166 688 6306 2033 
5034 5159 17 8145 2908 5858 4322 1037 1118 1091 5198 8182 7825 1596 9498 696 295 3991 6888 4786 2356 2142 2439 4227 85 8806 5063 3988 4234 5828 7330 1994 8149 6416 3509 5378 3309 2782 1686 5365 7919 8028 7979 7861 2974 5069 2216 2390 1148 8244 773 3305 7713 1483 7376 3593 9670 9870 395 6834 9190 8891 71 3039 3230 6682 6822 2103 9294 6124 1120 4220 7261 1483 943 9051 5501 3214 8458 9206 1792 
3078 8517 2150 2301 7171 3960 2636 9822 5493 2733 5138 4527 9555 1354 395 7441 6970 7112 8123 6347 9025 1339 7281 1344 4747 4061 4375 3996 1828 2725 4995 5561 4843 2831 5848 6317 4472 5727 1875 8921 8517 7058 363 7307 946 6525 7242 3752 7370 7320 8832 7002 3915 4799 6948 5816 3149 5767 6987 4966 493 6765 9777 9580 3547 742 9452 8510 3413 4650 5309 6226 586 7681 5349 1602 3109 8413 5791 2544 7082 
275 6420 2579 4121 3582 382 1696 5881 1045 6178 531 859 9381 8870 3914 9852 9294 5120 2107 809 5787 301 8290 1007 68 2792 8019 9524 2881 571 843 496 3638 7986 9366 6694 6408 8301 7671 4695 2821 3580 654 9870 5560 7408 7153 7898 2943 9322 1769 77 2975 2136 1568 5450 9259 364 8720 7325 7080 592 8966 5140 6113 1150 9481 4990 3090 9227 7122 5526 8617 944 5950 473 9843 2760 1833 2743 6904 
9641 5611 6806 7411 4630 6506 575 7270 6528 706 5967 3024 4061 452 9464 6370 4818 1738 5307 2025 9965 3936 1892 2711 2972 4004 2778 258 8443 9456 1297 1158 3939 5079 8823 4776 186 9259 6997 2786 1158 9097 3591 8065 8597 6620 8633 4207 8077 5195 7810 4879 6360 8107 5971 9640 7291 988 8439 1302 1249 7799 9794 8692 1104 7396 7789 2696 1465 4667 2048 6378 5787 3362 5615 1224 9475 2438 2950 3788 6767 
5266 3318 7151 3761 1730 4032 9850 5500 1875 2555 1183 318 8222 6373 4065 3226 6304 2425 8851 5785 6136 7291 2414 4875 7610 6489 3354 7676 5034 3993 5431 3410 8843 3534 3454 4578 2593 7316 4521 4272 1832 5254 9448 3367 3445 8406 2446 9216 6312 3929 2508 8746 364 7475 5296 9139 9316 8824 9082 9326 4702 2454 8076 8253 3921 13 3395 9215 2297 950 9758 4494 1556 4932 91 2187 9073 7002 8360 2069 8936 
4647 3192 5058 9974 786 2846 8509 7513 3266 5848 1649 8993 9078 3869 848 3343 7872 1922 8442 3276 2547 477 9317 5382 8691 3142 7418 1944 8853 4943 2693 3427 5586 1134 2637 6981 8964 6272 1637 311 3045 4775 1456 8684 9810 2376 8264 7895 2797 2364 2279 3529 9940 5347 2499 7794 7637 8775 1800 7216 1925 2054 9231 9496 4414 5527 6677 5441 5441 8458 3353 2381 2540 5214 8544 8876 9770 6238 7086 3419 8775 
516 2727 6531 9511 2445 8601 8760 1310 1844 1616 9732 2422 7900 2370 6024 3595 4938 4868 7075 9108 547 877 4650 6407 1815 5203 7739 6203 4059 5278 8038 2493 7769 7580 2573 6337 3242 4062 6429 4990 9705 7824 7372 6244 9030 8020 1676 6141 7033 3159 3549 2307 7666 8462 7995 4879 1701 794 2417 7016 1664 3337 1659 7110 8646 1338 3901 9280 5118 4129 654 3479 2635 7152 476 571 9159 8862 3399 2978 8078 
6914 2942 9529 531 6434 8393 7741 3352 1575 3941 2880 3246 6970 7795 2102 8874 181 6800 8024 7083 8244 2920 5035 3340 625 6934 9436 4031 2954 8952 4641 8845 2766 7667 94 4126 3433 8507 5029 5606 2768 6004 7199 2188 7749 3912 2319 650 6949 8180 3090 5180 7228 4527 2384 7563 9386 4505 5242 660 3358 8390 2866 7610 2282 1171 6575 9244 3082 2971 8452 2900 8800 8334 4767 1846 7003 9611 8297 2059 6101 
1226 7305 8305 695 6694 8178 7168 3600 9796 9341 1666 2160 9904 9297 6639 6610 4116 8659 648 6781 763 4274 5683 8849 9843 6351 9263 4106 3096 4582 5761 8427 3990 8202 4718 6621 8426 7698 6781 349 8517 9109 6828 1197 4028 4051 2516 2475 8566 4958 7491 1124 5355 2197 6459 7900 6790 5598 6498 1471 5351 6583 6227 6970 4448 821 1632 3456 5956 7479 6995 406 1988 6618 8732 1493 644 5564 237 858 213 
3424 7275 8636 496 7955 3550 6487 7610 928 9456 7751 7287 1215 679 3671 2152 1264 9481 830 5332 1557 4768 707 3479 7805 4012 1517 1161 997 2505 6344 5307 9798 4554 975 5928 3681 3850 9202 8410 8384 9697 943 8639 9696 4375 2225 457 2877 9654 3468 9520 4873 3729 5083 8611 4652 6331 5372 4365 4027 7837 3580 1677 1269 7685 2119 3863 1429 3271 6168 6991 5851 1114 1044 3059 9836 9495 2884 5133 9013 
6243 5380 6292 9665 5907 925 481 6941 250 3272 4078 8181 4924 2492 4974 5490 5106 1281 1917 7067 4543 5520 3342 2652 303 6898 5738 8550 820 7705 9219 2579 7958 881 150 9510 3906 4425 6728 7601 1254 1054 2351 4792 2695 5408 7218 688 4639 9429 298 3904 4184 9632 5313 2070 5919 2385 5193 373 5564 5459 6688 6564 8623 7236 7875 1798 974 9025 3698 3551 8594 6067 6370 3400 763 1167 5394 100 3546 
3876 7181 4664 1647 6033 9357 1390 8596 7275 1815 1294 9984 671 4149 7324 9747 928 6067 624 3818 6304 8874 9921 607 7338 539 2619 8250 5334 1479 1011 9454 9987 761 4837 7014 112 4052 7688 6983 575 4960 8646 6286 8885 5411 6579 1516 8723 466 3761 712 4743 2358 6540 5353 2525 5794 7054 5916 7662 6112 5640 4205 7378 4587 1615 6503 747 8716 889 4953 6952 8668 5112 6360 1482 8629 8826 5842 4863 
3945 4942 339 7010 9032 3379 3764 4436 4579 6330 9896 3853 6287 9966 1041 5745 6798 8342 4669 2078 4309 5267 7808 7347 3074 9700 2795 7457 4860 8275 3741 3248 2772 5821 1671 1779 6676 4990 1802 2015 4800 1311 4644 6662 9856 1446 7023 6488 346 2005 421 6675 2058 3739 4517 1631 7693 3693 2638 639 1097 3995 9435 4507 9443 9157 3064 54 1755 7108 4857 4580 4435 4123 2504 2204 2103 7495 61 424 7408 
5532 3596 3218 5685 4017 884 4931 8528 2501 8100 7045 3566 7109 4706 296 8582 3450 495 8145 697 1534 3299 5844 7243 8429 964 8064 5475 3253 7090 3532 6479 3422 1252 28 6601 2930 5507 8231 854 5096 4246 8260 5086 5469 2884 9512 1266 6761 9667 9475 4116 2041 1998 8849 143 7213 883 4553 5907 3887 3950 5358 762 6707 9990 8862 6993 6632 7644 4069 303 2185 199 1064 4158 806 5396 9712 4523 2448 
2433 917 3149 5398 9917 8532 9063 3104 3649 8503 769 8612 6623 3826 7934 8975 9034 5661 6325 5570 499 7126 2207 9598 9632 8841 7722 2122 94 395 1424 5533 6272 264 2948 5060 2311 5321 4212 8934 2685 6065 9860 7983 6125 2722 8108 1785 4819 4918 1196 3587 3883 7769 4033 4258 4553 6653 7059 1833 7717 8684 229 372 4140 7152 7941 9916 3542 6869 9624 6309 7241 7146 9406 4294 8353 7139 7917 7946 3566 
6525 2057 6915 3371 3124 7371 6503 3447 4430 7421 5555 2433 6289 7875 374 5019 2544 7372 6671 1626 9229 3355 4510 7728 4459 604 4896 4033 8230 7820 1201 7529 1034 6143 2636 3833 6277 9736 4985 9222 8323 1672 592 7651 7113 3912 1063 5578 5810 2158 8213 1174 14 5062 2614 7348 8628 992 5960 421 5562 4055 2205 4084 1118 109 7473 6755 1415 7608 8778 2863 1231 143 6167 3898 7810 8470 1901 8779 6605 
9895 6358 6377 7659 547 9715 1559 9430 5172 8746 8336 5202 1085 2061 7025 1204 2671 3768 7639 1530 4664 8274 6130 9301 41 3202 3758 2418 2174 8204 6908 9459 3004 2974 6586 9334 6084 6948 1846 2487 1438 3577 4442 3620 7798 5651 7246 8885 3465 558 5812 2178 8757 9270 7471 3715 8891 2740 2580 3600 9487 5056 7134 6047 5862 8609 570 3758 6587 1927 1154 8504 607 2895 4683 5985 3622 828 9028 8355 7668 
5369 7646 639 1050 7135 1464 286 5862 2238 8488 1418 2687 6880 9707 1131 2198 1589 7658 1814 7130 613 3215 9244 8390 195 7421 1417 3562 9697 3149 6474 1214 9115 7051 644 9974 1580 6478 7524 402 7910 9666 1232 9673 1307 8665 104 6908 5015 8291 8774 8071 9255 6396 7840 7975 6063 7303 7329 669 7745 3245 103 8976 7739 6469 1551 5612 928 3919 6373 2515 7527 9931 3598 4416 591 2632 9246 8920 219 
2075 4611 9177 7377 9071 1359 197 8902 4089 3692 2684 6785 4988 137 3159 5652 3365 1413 2798 5682 6626 4218 6832 3393 2975 1488 2238 6923 4699 4336 753 2007 4796 8050 5867 7422 9957 5681 1297 8536 8952 6456 4586 8944 4205 5437 9432 7222 9129 1695 9706 6859 5846 7824 1551 7911 7728 8171 8374 1518 6975 6906 9232 5270 416 2679 9501 4585 9038 5886 1739 9822 6217 7200 4128 9471 4088 7126 3584 7961 3270 
6234 7525 2454 894 4368 1182 978 5638 8485 3516 1598 6783 1643 9071 2301 702 2284 9018 1709 8556 656 16 8685 5837 4580 257 5142 9910 6153 4861 2938 6382 5621 1939 4344 9024 6145 9691 4989 2259 6850 1163 4846 6480 3747 2858 5759 42 9078 4198 7497 3274 8985 2048 8507 6827 2169 4301 9582 5536 9062 2619 1747 1680 8448 2432 8626 2521 2021 5659 826 2967 9773 757 7636 2786 3217 1886 6724 1015 6882 
7458 5867 844 4218 5727 3785 9913 3988 4913 3421 6071 9148 3859 4968 4415 1663 3033 7045 3795 8591 6849 2463 9429 8451 2105 4069 2980 1069 6085 2360 6832 2414 4006 4199 6775 832 6416 1587 3252 9227 7992 2042 6681 939 2787 6082 4351 257 3600 8282 3962 2624 2950 6825 2687 8610 1104 7797 1613 2180 2025 2329 6511 7043 993 606 5953 6747 7343 6310 3115 3223 1310 245 1709 5927 6245 6345 8917 1139 2755 
9561 3094 9416 2216 2447 8365 6015 5640 4871 8113 3870 85 2484 1716 738 2897 3078 7702 9402 6831 9103 7655 7279 5343 6750 1507 8071 4406 7060 2805 6847 1202 5696 1916 3538 8873 7997 9276 9987 4781 6093 6042 994 8725 5495 1352 7837 1281 5905 873 7761 1903 8914 8115 2560 4235 1591 5764 1003 645 8195 1566 6397 675 5762 8320 5633 8274 6798 5427 6355 2545 5951 4238 2224 6912 8739 6337 2907 9266 8392 
8565 517 1983 7125 9248 3263 4893 7672 297 5548 7864 1144 8508 4280 976 3270 7959 8173 883 8247 9837 5213 4903 3886 9575 1315 8522 1634 2557 2110 1609 8081 5096 8833 9678 7227 4559 2267 4809 9040 4143 8497 6983 8735 9452 6860 9380 4724 2049 2515 8110 3634 4365 3206 4304 9037 5125 380 5173 6060 9018 8860 7364 3769 7323 6763 3764 5524 6367 7574 8178 452 6731 7055 2204 44 7858 4823 4991 7912 390 
4627 3964 8170 2927 2450 1139 4332 1614 6089 7842 8530 102 5671 3235 8818 1323 6115 3023 1547 4784 257 3060 5749 6493 5775 8167 2804 16 6071 5084 3854 7444 1281 7585 6269 7353 3420 6767 8075 4520 4594 1395 3244 2049 9127 9493 7824 7722 5726 3868 641 4791 5354 116 7836 4379 6685 6941 2346 3844 6228 7913 3744 4899 5733 5217 2463 5483 823 9857 2580 5703 9301 2775 4890 6203 6883 9045 4947 3451 5813 
4525 8840 755 1504 8010 7417 7401 646 4797 1020 5245 1712 2225 7841 5819 1193 1220 5762 9140 3808 3053 6246 4427 691 8244 8084 6238 456 1530 3016 8056 2464 9979 4971 4008 8168 9047 8987 5964 2986 8446 4854 1219 3410 1099 4218 7798 9699 4074 6772 7384 693 4474 8077 1510 6789 9537 3211 9593 4468 9258 4042 6336 7066 5066 9601 2743 3645 1248 1780 1953 2912 4060 2211 3031 5164 6634 4065 8424 547 9150 
2387 5540 7650 4321 280 9331 4463 9909 9754 6177 5720 797 9373 2805 3234 1022 8377 3593 9860 979 1172 6776 4739 290 3989 8156 6711 3693 2831 191 6092 2614 9200 7064 104 3576 3677 4961 2306 2930 9275 5222 4516 5205 1380 831 5694 4464 8494 5798 205 250 7039 4518 4148 4093 7938 8177 7644 8479 6537 3833 7737 936 3871 5094 8951 4241 7242 1098 7753 2392 7258 818 238 517 6559 9564 1018 4996 9468 
851 5507 7294 5444 2633 3048 2898 7703 5328 3820 4524 7864 9582 7960 263 4869 3468 7557 1379 5173 1292 7424 1026 8501 8812 8237 1371 3924 6332 2383 4881 2306 1511 5796 7163 7645 9767 3753 5031 3566 1702 2807 7152 744 7535 6640 6674 4719 7208 1652 552 6972 5742 7694 2131 7628 9476 9825 2397 6567 4171 6966 3684 6076 9656 6129 1613 5104 4492 3874 9253 5617 966 7348 3585 5866 8155 1063 2929 1802 8724 
4715 155 4940 3268 9840 5678 9581 7492 6661 7746 4878 2106 4222 3158 3810 3342 1731 8618 987 4966 5915 8256 7267 8294 7825 2755 5904 6411 9056 4980 6285 7485 4680 5794 3619 6921 2197 4027 889 2225 5518 7432 7315 9101 8420 428 5988 4388 8743 9857 996 6173 2230 904 9073 8090 1523 9782 4914 3580 8887 2247 2178 6414 7239 54 683 4173 8960 5523 6685 9689 2186 6331 6386 3769 7225 3306 314 4102 9380 
4784 4454 6828 1610 9570 1173 4202 9268 984 6338 4587 3185 4418 9380 4738 1445 8585 383 150 1829 798 545 7778 2723 8501 9769 8171 1737 1248 5188 4747 4012 1210 1937 8172 9247 8315 948 1685 4563 1363 6720 4961 606 9181 9595 3719 9286 3034 4266 7420 1382 6804 7605 4878 3899 2356 45 4986 2705 1395 4452 5119 4703 7752 2328 6507 2777 2370 3136 3058 541 2027 2289 7932 1107 1103 7201 223 9297 6083 
4363 1690 6983 4907 8248 3664 3883 6716 3761 7589 729 704 9817 8819 8405 3339 7119 6850 178 2691 1918 8717 2261 7015 1565 723 77 9165 3014 712 7500 9945 3523 7520 8353 9103 6716 5103 9380 6983 8957 8709 5626 4233 7962 2122 5781 7883 4362 3595 5184 2579 2395 1941 3341 640 8768 6202 1829 3214 698 6366 239 8763 6826 8372 2399 6744 8360 7585 1841 3213 1524 1161 1934 7219 6047 1136 60 4281 7651 
8521 9639 1533 1715 8948 5910 952 9573 3656 9639 1466 3646 1978 1561 7484 830 2600 3737 3393 8908 2822 2552 978 1467 7866 8480 2005 8406 2140 1669 558 4426 8801 9919 4002 6670 6608 2857 9602 3561 8339 320 6922 2951 3142 7338 3336 6085 2208 8282 4457 7037 1076 3320 1275 6011 1993 4500 4702 3942 6240 7871 3568 9950 2131 3384 6229 3496 823 6375 9363 9587 9003 9309 4350 5255 4981 6387 8760 8424 6550 
4650 8811 2044 1221 1551 9843 9278 173 2575 1809 1019 539 1912 4571 4453 3426 5916 5974 7544 8347 337 3908 4467 1634 4536 757 4349 2369 7559 3908 2874 4033 9993 5287 1182 9464 5002 2332 6728 3381 9960 5434 4599 7840 285 4973 9226 135 716 9726 5842 5767 3801 6868 1102 5906 3251 1955 721 1012 4156 9997 6097 2870 4715 6868 876 3963 1862 1828 8952 6956 1109 8056 2804 566 334 3050 9414 4053 8531 
4052 367 562 7085 1760 2432 7442 5705 5454 3536 7139 9713 8386 3196 3130 1333 5326 9689 4278 7479 3654 9144 6254 326 2397 9191 7682 9339 932 550 6062 4325 1593 4443 8613 9112 7639 6900 9457 6691 3529 3422 506 3175 6025 7222 6371 2065 1863 9939 4442 9496 4039 8586 1874 4089 7234 1379 9058 4970 1855 1674 3213 4066 7377 427 240 6297 3775 8318 3741 4459 8480 5236 759 2930 9689 8341 3770 7571 8807 
2891 2802 496 6907 9435 8227 3884 3988 7846 8031 8741 1643 8725 633 7282 3736 6909 1317 2322 5298 99 2869 4055 7828 2494 925 1004 5917 4555 2459 5700 4796 2831 1281 3618 3502 327 1123 5322 5643 33 2900 6617 1340 1912 7779 7338 2603 1328 9731 6163 7476 9456 6353 2594 7934 8263 2401 1542 288 5224 8570 6018 8087 1050 470 9635 723 4370 6457 9413 1155 9994 4993 5268 3302 178 5921 7337 8972 8948 
7577 1867 767 5498 2614 3746 5868 2324 4748 4145 2269 6084 3745 7519 6272 9913 5104 8408 8286 4197 2624 257 7749 744 3373 3307 6722 1648 8806 6112 9450 4241 2585 4746 4614 9548 3956 1863 1654 6958 6093 5917 769 9172 5254 6903 1860 8629 578 3122 4204 453 6047 5562 2638 4978 9891 4954 3348 5046 9587 8765 4770 6731 1126 7804 3137 2663 237 369 7281 1768 6281 2202 9454 6936 5864 7296 7671 3586 5033 
1714 1333 834 1546 6883 4777 8300 3958 4967 9738 9626 4590 1958 8756 3774 4891 9560 7042 6749 5502 3110 7334 161 6612 1534 7894 2706 616 2174 2282 8746 3365 8827 3604 2732 3146 4565 5875 8940 6 9956 792 9116 5099 9431 4986 2451 9450 7588 862 9938 4333 4272 302 6717 1945 321 6429 6552 3420 1253 8966 6043 1650 9769 2980 6457 6512 1141 3642 2839 3187 9042 9162 6793 857 7347 5015 1208 3541 4831 
8200 6875 911 7643 8128 3174 9150 7903 1614 313 6402 5947 7069 4845 5043 3839 4470 8005 4017 1341 2537 3050 2437 611 5224 2779 9892 8703 5338 6373 7444 2304 8322 1974 3691 2597 5286 7194 101 460 5735 2946 1173 2096 8758 3986 5686 256 1345 6999 4282 7340 2680 6669 6222 2025 7767 3616 835 2044 2510 7986 3520 1084 4620 7228 4101 5789 4068 1452 9199 8524 4486 1468 8801 8799 1650 5014 715 4733 6451 
9808 6774 3409 4343 8900 578 1913 2163 7806 6739 6736 8321 6176 8556 7888 8508 7206 9695 1387 1408 9071 6056 9974 6947 4256 3002 5548 5423 5603 6478 7451 4404 778 3328 5690 682 9997 875 8832 4013 4097 8878 990 7393 9459 6107 2464 337 9931 2771 2440 5311 2582 5066 5734 6605 2026 1317 8436 7506 8285 8050 7691 1477 5075 4465 9049 2304 2702 4660 3292 1651 3485 8697 4395 273 7573 257 4480 6327 1868 
7618 6436 1340 3242 7340 8445 7852 6066 478 5040 9511 8430 9455 718 2532 65 7310 6655 8742 848 2174 7976 9688 4191 9166 6448 3621 3558 8191 9729 3357 9972 5349 4497 8327 7675 8094 4981 668 3456 2240 6638 9138 3107 9874 2525 2340 3968 9944 273 8305 9838 9378 1555 4490 1432 4604 7742 8375 205 8172 6444 5492 5549 324 8256 8459 5534 1280 7821 4038 8949 3719 904 1045 6014 6252 7247 9919 1556 1691 
5267 2403 8986 5676 6510 2895 6923 6826 8409 1758 6532 2077 5691 4892 4951 3007 8550 1027 7167 7212 4980 5456 1328 2057 4455 9544 966 4027 8091 416 4569 2106 9981 9911 4000 5648 614 6973 773 3509 1499 894 8593 8051 9046 1634 4448 5844 808 5145 8748 5204 6311 6652 3127 3083 5735 9992 5105 988 2451 2519 5648 8468 1280 5913 7445 2412 3993 9032 9951 8206 4161 1729 5346 9600 3933 4299 3931 6507 771 
6360 5239 3639 3133 3925 7263 8535 3108 1194 5433 6392 6207 1063 6754 387 2904 5573 6582 8523 3233 1554 4087 838 9097 6999 7673 5462 2904 8356 7919 7115 2470 8054 5206 524 364 1560 9378 7598 4185 7069 5720 631 8146 6214 1343 2637 6945 6190 6872 5856 7813 2006 3747 5474 8588 2542 3119 7958 7516 5029 619 5192 9786 3584 8052 2708 4896 2493 3713 2323 9874 2489 2352 5027 4329 5310 6564 1853 4265 1594 
4484 7425 6931 6704 9455 7638 9506 9524 8668 1521 9776 1790 654 2421 6424 3665 688 551 8480 4745 3646 9294 9405 9542 4764 3524 785 9982 4535 6816 3570 8767 2629 7594 6093 7871 4373 1664 6217 8110 9455 6927 469 8713 8690 5462 4957 1822 5951 8648 8640 4392 137 3739 9850 9718 8806 8647 3786 6198 7927 6088 3927 8994 8524 9272 2525 2831 933 4088 6399 7141 7905 9517 2597 9878 1270 6496 159 443 4814 
3513 7254 2675 7428 9977 8371 3049 4317 3953 4252 7092 637 6585 7946 4911 7650 6655 2406 5520 3050 7086 423 595 4899 44 2486 1986 7059 2015 1277 2660 5455 7637 8726 4622 4074 918 7322 9417 5137 3951 6753 5554 674 1923 6593 1825 8910 7026 4601 8874 8875 3440 8410 9242 6750 5849 417 3555 364 29 7423 9119 8690 795 4072 6791 6629 8583 8698 4883 7153 799 2409 2406 2712 3374 4165 7242 179 2354 
6194 3809 839 316 8650 5654 3302 6700 2623 1855 9161 6484 5047 3750 1418 216 4806 2050 1485 5133 2252 595 3207 6300 4742 3700 3802 7786 9935 5263 1615 9798 5163 2570 4056 2024 5799 8279 1524 103 4147 6608 2030 9898 1812 593 2458 8961 8726 2355 9137 3688 4224 6884 9651 7189 1886 1237 1625 1748 4051 7961 2738 1262 911 3401 6206 5277 8723 5096 6315 9811 6072 3104 7930 432 8949 3913 6180 3240 6382 
8372 1581 9069 4584 2430 5169 2649 8125 7714 5063 4735 3278 403 8302 3022 3920 812 2137 2390 2682 1462 269 8286 6952 6231 6905 5160 4213 6707 3726 6662 7293 842 7094 2740 8442 534 9627 9119 4450 9172 170 7771 8614 615 5183 1215 738 9393 5203 116 9683 8797 9297 1516 4156 5330 6126 8543 3955 6841 7138 110 6700 8029 9640 4922 151 2957 155 4610 5143 3493 49 6316 4689 3966 7315 2478 9636 2410 
8042 9096 8571 5274 3957 2721 598 4718 9059 7980 4292 3434 9100 980 2674 9745 5906 8266 2336 162 6524 6225 9453 2749 6130 5993 3328 594 4116 5656 8301 1718 394 6905 8602 5251 9717 5618 1492 6971 4882 7188 9525 7649 5084 9034 9918 9233 9105 4877 8337 6003 2135 4113 8781 254 7349 4974 91 4640 1352 7367 8027 1613 5484 5485 4223 4289 2837 8602 2252 970 7529 4959 1818 694 5380 5742 2269 4869 3227 
9975 80 1309 9340 3963 1989 1125 1876 1419 6631 7528 5740 2472 7789 3837 2455 5256 8238 8707 5016 7029 8144 7506 3298 1299 2549 1069 5996 8808 963 8143 4560 6806 9598 8044 5840 1993 7900 8371 1117 5386 8095 680 4367 5741 9291 343 6689 5541 5948 5847 8865 6942 53 6553 8138 97 1179 7922 4547 6971 3779 6504 342 3860 8869 8088 4019 3644 2490 4023 6090 1887 566 6294 8880 2300 976 2796 8685 1178 
2321 7644 1483 6332 6359 3654 2629 770 2277 1514 6677 8993 8356 6350 1190 828 4410 9006 56 9731 1525 7521 3048 8113 9880 670 644 3973 369 1682 4249 3340 6056 4249 4391 2200 1091 9301 9474 7419 2811 8912 3619 9688 2995 302 566 6001 3247 8813 1202 67 8507 6567 9257 6179 5687 8657 4905 6819 6228 8854 4330 7813 1349 7660 3955 6985 5317 5048 3101 4278 5666 8961 7237 5220 2448 286 3612 2616 7378 
7910 4906 2480 7863 6777 8185 3009 9465 6591 790 3073 8104 9108 6626 5817 2692 7069 8452 575 3560 9806 2002 2176 1813 5844 4593 5780 9430 8699 5393 1128 2160 4398 4936 6634 2952 5678 6124 2648 1214 8388 2895 5636 6495 5459 148 4446 1685 8123 8973 8274 3356 7374 6925 2280 7235 3195 622 9200 9892 5696 3567 6428 2718 5144 8560 9700 5280 2809 5582 76 9719 5487 4996 6219 3235 7071 7729 4884 5672 269 
7546 6648 587 6101 8953 4506 9659 515 2779 4653 7340 4923 514 5931 7488 3172 1053 1257 3000 6831 6811 6617 2911 7256 5405 7176 7477 5567 7598 1270 6265 8359 3129 5861 504 9328 5040 2297 2257 6041 6626 5716 8120 5741 4408 3292 4542 9150 8408 3562 9315 6750 7577 982 4475 5131 8252 4822 6197 5606 1235 6919 9909 404 2874 2178 3865 5299 1323 4506 2630 5979 6476 4407 751 5588 3412 5461 6960 1904 9949 
7260 9518 7878 6143 3391 244 1821 4270 6767 8223 3003 2425 7366 5402 669 5242 9160 2285 2622 7888 8584 3073 9258 4136 9874 3529 9648 5586 5704 280 8014 7199 7556 7333 7483 9999 8795 3793 2642 1869 8995 3797 7804 2594 2019 6940 1551 1969 9785 710 4140 3516 4280 3548 8907 7911 1518 6450 7667 6691 7656 1410 3698 4281 2600 8683 881 8792 6996 84 6768 7741 7853 7186 8605 5964 2458 9702 1546 8561 187 
2137 3988 3184 1727 1348 1837 98 8754 1496 2431 1245 9116 1779 670 3063 7312 6064 1238 9942 7695 4820 8894 8877 6250 2334 9828 9604 7434 5511 7166 4875 6036 8107 4466 6309 1045 9748 6556 1300 489 4798 8083 4678 7785 3496 5312 6223 2032 6829 2810 629 2802 6227 45 490 3399 7338 8330 1232 8542 4850 3615 392 1342 6773 1902 9317 7910 9226 8245 2158 8106 5669 121 2023 784 3883 8837 1610 225 5332 
1145 7457 594 1432 9785 1326 5307 2537 8665 679 1120 774 1726 1731 6960 9369 2480 2253 5206 3013 1772 7097 810 5834 446 4054 9491 5541 1231 8813 3621 9211 7287 1265 6166 7464 2188 6432 3462 5731 3716 1899 1030 9690 5194 4073 228 4152 3027 9055 1422 6918 2997 8392 4602 5332 3979 9535 553 6986 3828 8160 3109 1137 3259 9370 3692 3784 2673 9953 1602 5158 5440 2521 7700 2281 2287 4331 600 781 707 
7173 3490 5290 1990 257 3061 5486 4776 1228 9858 9954 6221 9746 5724 1158 1918 4686 4795 5377 450 4965 5751 2120 3494 993 9874 1995 2749 3397 7374 9827 622 9061 6110 3145 3191 4246 5204 1246 6354 3277 6442 4611 8047 6426 3277 2909 2836 9775 5615 6633 2517 1829 8075 5911 6548 4371 7778 8140 8030 2118 1645 5790 4346 7903 6046 9811 8228 9831 4174 9838 4762 6387 574 7745 9121 1472 7059 1166 4148 3805 
4172 3918 5787 9174 2448 5704 2565 3328 7682 2487 1032 7825 9804 8463 1125 4917 1453 3309 6022 8010 2335 2816 5826 1776 421 1947 6195 7035 2277 214 385 0 6317 818 3665 9507 3735 2079 149 5387 5556 8830 5205 8962 6368 5094 527 8380 4244 689 2855 6975 260 6933 5510 2019 6269 8044 1633 7191 655 1952 8993 7425 6798 3307 2201 5046 3087 3387 1642 4586 8192 1346 4436 4289 2125 560 1677 241 5934 
6693 1185 1791 7227 3050 5865 3681 9796 2469 5814 7547 7449 8686 913 2431 8656 1993 1539 2728 6764 9270 1228 9605 7562 6036 7451 5279 8985 3779 1710 1586 4118 9171 1209 8914 9444 6120 3981 3095 1086 7773 749 2359 3893 3552 4991 1450 4256 2909 9587 1092 1701 1127 6036 6113 970 9406 5597 3784 6757 1296 6441 9905 3009 6484 1337 8090 2910 9145 7243 976 1543 6251 7525 3 9244 9675 940 72 943 7005 
4315 1981 4467 3326 7366 7797 426 1941 5584 9594 2449 5085 9703 9925 5392 5661 3277 855 5309 9170 2286 7325 6937 24 8853 62 8065 9314 2395 4741 1969 9899 1391 4650 8500 1325 638 7224 9594 3454 2955 3386 5286 2147 1904 7773 2020 6875 6239 9939 1915 9028 2543 964 1249 8945 1980 5916 4483 6228 4315 5646 9754 1077 1158 2853 5219 3508 7211 817 1923 7871 8769 4707 5950 9217 2848 1884 6904 9047 5053 
4223 6530 7426 3336 2 1578 5567 1515 5749 1169 2484 4310 5228 7587 4349 9327 7511 4786 9637 7446 3019 1741 370 284 7252 3292 6323 8752 8245 1772 3197 2594 4094 7630 2387 4824 6869 9960 5549 4338 9277 4748 5127 6347 3864 6508 1507 3345 4099 4168 2256 9007 1438 7170 282 8287 9839 6853 6063 302 6571 4510 6761 5962 5506 7995 3348 4855 6287 3989 3211 5643 3769 2128 4549 5621 6264 3080 7493 3059 6181 
9240 6129 3897 5608 8479 9265 9847 4500 2674 4821 9924 1957 66 1115 4862 2353 2513 8051 8488 8942 5317 4002 9797 7522 5225 8189 1063 8723 7615 8354 142 7412 9327 2701 9485 7485 160 1017 7169 8462 5027 843 2155 8638 5689 6144 7947 5491 7257 4840 5855 3263 6960 8357 2844 1539 9328 2452 498 2735 1854 4649 3206 1388 3294 2952 8206 9826 3516 1441 900 1929 9416 1419 6177 1864 5944 4349 3178 5877 9724 
9860 4361 250 5313 1815 6911 317 824 6191 7378 2713 4163 5291 371 8231 4782 2233 6442 4401 6095 439 7852 5080 9100 2770 537 1006 3987 9690 8434 1588 5710 6901 783 1723 4658 8861 2483 6621 4271 9046 1694 3093 1413 9626 9747 5294 419 4351 3319 7988 56 6187 5334 2648 5779 6540 9086 2396 8804 6802 8720 9248 7515 5325 2785 1573 5317 2319 2643 8455 1739 6160 6788 3863 5380 8632 3949 1866 9708 6083 
5017 5432 810 3390 6462 1453 338 4753 3934 7439 1836 1878 1141 1408 2051 8954 1894 3734 7605 2216 8654 4592 3972 3143 1386 9768 9072 688 9095 5642 6898 3058 2103 2374 9298 1153 3373 2358 1388 3909 3904 4128 229 8794 3749 3578 1290 2490 7406 5235 7678 1113 8452 527 4892 4323 5616 1769 5313 4634 1369 4569 7814 6437 9812 377 6258 3529 114 8737 4111 1691 9211 5079 2712 2054 1591 3743 3925 8227 2088 
3612 3842 4838 336 9506 523 3866 2153 3432 8903 509 4843 1020 6527 6618 8932 7702 1404 4927 4986 5525 115 1932 6791 9270 2222 8532 6633 6079 3159 1207 6461 6861 2666 64 980 3352 9490 3408 1878 7607 6765 5490 6536 970 5292 4171 1066 9666 4524 7038 6463 2952 453 9909 7519 395 9740 4265 3469 2607 6561 3335 9172 2035 8851 9093 6678 5731 5916 9167 5066 2786 6727 9300 7936 301 5775 7459 2739 1868 
887 314 197 8411 9100 448 7840 1635 6621 7924 4741 1618 7183 3534 9424 9851 8222 2676 3086 2621 2455 9722 2866 4194 6883 461 3664 9985 3709 3220 4492 1391 9658 3009 7389 2483 5331 7769 5409 6417 6756 5088 7410 7463 8983 1324 9560 2656 3496 4772 8765 9489 51 2929 9591 5794 2148 3097 8712 9488 1647 6697 9592 9670 6420 928 2659 1016 3306 3667 2798 6209 7922 63 3942 5939 4086 3077 9537 1273 5500 
2676 8726 7679 7685 4656 5731 1745 5233 4773 3548 2037 287 8024 5984 3066 9512 35 4405 1957 6115 3116 9761 7823 7437 4723 6825 5024 3355 6309 1834 1784 1513 6300 9809 9188 28 2414 3382 5265 3009 8538 2416 4013 8103 3357 92 278 8829 1951 5580 6435 4943 4360 5299 5800 8991 7080 8079 7346 93 5906 8257 8731 7771 3351 7464 4487 2352 9703 6166 248 7787 8252 7381 6552 3224 125 328 9315 1592 127 
9240 7275 1340 6296 5789 6882 6586 9277 9929 5726 9699 4569 8181 7107 6535 589 1279 7165 5945 8704 6892 3482 3529 8459 6789 6467 1185 4096 5819 9636 4358 9855 5719 1765 74 3962 7739 7855 8810 7798 2431 9823 5271 9765 8921 7296 682 7000 8581 7970 1073 2451 2684 3127 5112 6351 7547 4561 7635 9588 1728 2653 391 2092 8669 3031 9050 3730 3119 1521 8164 7845 543 4722 7536 924 2218 2535 2317 6022 9171 
9548 6109 1027 1691 9253 6514 7146 4526 8671 4004 4699 7060 5454 6844 2972 4310 2815 7487 3443 8066 3897 9100 1653 1405 2797 3483 8211 5225 2362 7934 331 7915 5408 1198 3446 548 8901 255 9846 3901 4965 1759 3451 2451 5168 4549 3702 3825 5597 5254 8809 9381 1795 6082 3921 8156 7977 7912 7729 3628 8990 5666 4400 8820 8059 2684 1608 261 3643 2241 6160 9530 9402 2882 7775 7725 9535 1418 9964 5980 2333 
9421 4649 8271 3243 5445 4796 542 3776 2617 5780 9308 1660 6594 2927 3142 5719 7200 8937 4191 9352 9432 2479 6788 8894 3349 9503 743 9053 210 858 1709 6962 5349 8672 3756 5726 4754 1891 4793 2473 5755 9905 3102 2079 8232 994 7007 1073 9435 3479 8606 9706 2900 9236 2079 3232 903 4091 4143 7023 4864 524 3100 9718 9986 9610 8318 7560 9439 3141 3284 8793 7104 7879 7865 9441 3464 347 8621 813 6024 
2058 8130 9698 1162 282 4196 9019 9450 3410 6294 8556 9980 4399 7363 7492 7984 4568 9327 5826 134 2198 689 4941 2866 1026 9676 1251 6147 2195 5013 7091 201 9041 1113 82 7453 6530 161 9322 5081 3705 7814 1612 506 9020 45 5795 9413 3747 6089 4249 8660 2595 6884 614 3624 1135 479 1300 1377 1420 293 938 9630 7205 9267 3152 3751 5737 2732 3782 656 6575 6504 3099 2928 4647 2701 2322 1791 9220 
6608 8036 2487 2722 4917 3553 1695 3237 1815 5808 7691 3434 4469 8691 4711 8947 3310 8400 4823 3650 2837 3080 4714 1328 4656 2578 1181 2548 2191 9062 7829 6375 6740 5377 5378 3834 1691 8903 8608 9432 8840 3127 2360 1187 1470 3121 2029 1059 1699 5662 1878 4305 2229 7475 6116 6286 239 8901 5648 5516 6740 9664 7508 2060 4932 499 3495 1170 1144 8610 3994 3543 7209 8387 5493 7126 7815 6658 5784 8065 9055 
403 2517 2572 5990 164 7449 4433 7924 9530 4765 1784 1639 9725 2394 1391 8797 3284 2304 174 7258 1261 2696 6106 1455 9210 6658 3932 1571 8150 7282 5991 1922 5977 1716 4856 100 678 9150 5965 5268 1221 8703 2365 2351 7304 6190 5055 1887 516 7126 2394 5268 8241 9818 1528 2915 8856 110 1695 6376 9006 7099 3629 7558 6691 4939 2268 2318 1149 268 5384 4466 2843 2230 8121 6674 9302 9566 6928 6652 7977 
982 3441 9680 7543 5020 3265 2486 3262 3651 2654 6419 4911 3890 8607 484 5908 7888 8961 9670 2812 3901 1699 5785 6164 3559 386 3281 8172 8647 4702 664 5233 7689 7552 2430 9751 4629 2940 1351 6691 7534 3857 4324 4571 6012 9578 3138 6810 1951 9722 5096 3853 4441 3891 8126 7195 9344 20 7569 2895 8958 5919 9394 8061 7684 6179 4711 4302 6002 9820 470 4499 5807 49 2984 3899 257 2058 6121 6373 3499 
5628 1086 651 3385 4797 1883 4042 168 2403 3340 2175 4190 8110 4414 8601 6151 4920 7165 1479 2371 5965 5901 6216 6348 9980 8801 973 4707 4382 1254 5597 1650 2598 8823 1659 6225 8159 7703 8328 7925 6024 5148 6624 6677 2431 7717 5770 1800 2261 5393 4130 4093 3241 9862 7218 8085 6049 3890 3371 2307 6247 422 9232 9446 2578 610 8255 7066 6114 9521 1382 6160 9404 6673 9410 7294 7703 2674 2314 2552 732 
9953 3884 6920 1380 8061 1067 5838 3783 2711 5730 5540 6716 2131 4911 3522 8452 9762 432 975 9367 5728 9374 7559 2946 187 1084 7571 8716 3163 4275 63 206 9017 8731 4449 2717 194 6990 2797 7127 6106 3137 8421 2510 5740 1712 1392 7699 7610 3288 22 4569 6638 5412 737 4881 5754 5936 3087 1508 870 2700 8834 8003 393 6805 6251 5386 2672 1942 69 718 1872 1306 1965 874 7303 5905 8761 5040 7619 
4065 1750 5295 6675 5784 8747 477 8057 5316 9286 209 284 7412 6442 3260 8143 4593 2017 2791 6714 2946 5434 1938 9347 7224 9079 2960 978 2856 5639 4113 5250 4602 8274 9738 9461 4073 571 3330 2100 932 6847 4021 486 7264 4530 2806 921 783 9508 233 5019 2943 567 483 2761 8253 5965 8116 6080 3133 7311 1170 8557 2630 1 9241 765 6271 1370 6632 289 9019 6291 1513 7621 2632 8479 9966 5961 3236 
9878 8064 4240 6654 4456 9695 5736 5154 521 6173 3397 3067 5940 6482 4481 5843 9717 2710 4159 4787 3611 6237 8143 3477 2533 5943 9955 4530 6202 1485 3089 7301 2158 453 75 9660 7690 3840 2688 1105 2019 3724 7599 660 8436 4979 436 9051 4345 8418 9079 1903 8663 5161 9535 7160 3473 6573 9247 7906 5196 528 8232 9262 9176 2003 1806 3034 9103 8042 7182 3812 5808 6376 7478 5144 8022 9590 5845 9160 1946 
8078 1258 3886 8580 1441 1480 9260 8841 950 4456 9542 1862 3773 6150 8728 763 1759 6349 9611 9156 8665 4039 3983 9187 4178 9866 9311 3718 4111 9717 603 4096 1110 997 7586 5057 9788 4206 2047 2024 1078 9168 2561 6743 2810 4141 6434 7671 3042 493 2575 5581 8259 6512 526 200 5442 3640 8861 9434 2535 8234 2988 4983 3157 8612 4439 7097 6215 5439 3872 3824 569 6801 1346 340 6887 6307 8949 6071 9341 
1902 3117 3908 4646 4409 5958 1379 8811 9316 6967 7163 8531 3270 8816 2722 1870 9785 4476 3965 6255 5120 4673 74 7878 6860 2995 8537 3443 3622 6546 7580 3483 107 8397 8887 451 8091 6784 9236 7731 7281 9529 5141 9939 4644 3715 7974 3098 4048 5108 7856 7027 8064 4837 7595 914 5616 8396 2093 6255 4391 3021 8819 7112 884 739 8393 7234 8981 8186 393 103 7716 8519 8735 6835 6088 7312 9005 2754 7816 
4388 1738 790 1314 8633 2730 6271 4032 2554 2343 5082 6875 7630 6270 3991 2280 8595 6520 5948 142 5047 880 858 2590 3098 5962 6681 381 3742 3304 2509 2893 9624 1112 6947 3729 5021 4960 7958 3017 2171 2019 3326 9214 3344 6841 9060 2932 3542 4541 4384 1262 6949 2048 1053 3362 5072 2156 6949 4202 5209 9374 767 3212 3220 2220 115 1834 5953 8317 1429 9111 5277 6249 1359 7512 6332 9927 2183 6823 8238 
1127 1925 458 8810 1635 4255 8183 2314 4067 3540 3828 8461 5466 3996 3601 8973 4946 3913 5578 8579 1827 851 9481 3680 7139 1672 5790 6950 294 9048 2286 4149 3939 616 1062 9089 7355 2472 1419 1126 4609 5811 9981 8570 1396 4990 619 1147 2078 4205 2800 5530 2190 359 6241 4012 5078 8690 6666 3860 2333 3784 8499 8604 4594 9320 5321 3202 1059 9938 5014 6560 3314 9375 8767 2068 5545 2040 1496 9108 6679 
1173 8747 6448 7296 8836 1953 6816 5144 2406 4981 2892 2514 2329 5075 9093 2713 7511 7316 1863 4770 2610 6542 9829 8438 8238 7785 3778 8086 1763 551 5841 4591 8395 9817 5274 2295 4351 6890 9703 5004 2048 6838 1836 8455 7875 1598 8812 2041 8682 1270 6058 4520 6036 8389 3045 8581 4706 9976 1620 6803 6987 4269 5195 4784 7441 8784 3848 4537 8487 2479 8469 4357 2901 844 4133 685 2094 5084 4295 3997 2911 
3129 2387 2712 3268 7665 7113 7891 9707 4104 1111 7757 352 2612 7943 5869 6700 3419 696 3022 2739 2020 4836 6512 737 8024 8121 1325 9796 5419 7201 309 5468 7930 8057 3716 5117 9529 5778 5183 4600 6188 2919 5185 5818 4738 5073 813 7183 7850 7559 4332 8969 2878 3634 8265 1422 6044 1853 3145 5047 7492 7331 5929 8143 945 6308 3461 6582 7364 1204 1292 4044 9810 0 2727 9078 456 8068 1649 411 9304 
704 7069 3722 2454 9250 8831 9509 3591 2791 8538 8429 1831 7146 8354 7622 2139 3271 8756 7728 5177 2581 3020 8426 7004 7140 2127 8339 4994 2636 2339 8790 1370 6627 7170 5353 195 2544 2479 6828 5139 1407 3988 9147 1257 1916 5015 7364 7550 8534 2563 2902 1168 1809 7931 1208 598 1440 4919 4726 2491 7131 793 2232 3670 3884 5810 758 549 3885 9540 214 7317 7994 1235 1949 2721 8519 1803 1365 8985 8674 
3286 4430 7799 296 6210 6971 2771 2810 4938 451 9111 6188 5472 4607 4871 4633 3935 5772 9236 2021 196 3956 2986 691 9876 3515 3156 3926 225 7542 8026 2894 719 3485 3346 3659 2376 8482 5272 1546 712 2037 3439 1559 9805 2532 8501 5767 5883 9506 1154 6785 8024 9819 1807 2837 7842 6221 2268 6388 4245 6736 6302 4307 984 5147 7414 9690 2823 3136 7519 3059 6528 8405 1176 6773 2290 4030 9228 7824 6219 
9884 9345 6164 8584 6049 4890 4259 3799 4656 3111 4106 9718 3665 1255 7396 9623 971 2202 4953 2882 3501 9415 6024 2859 8057 5480 5636 6697 9164 7155 1096 6289 5069 5941 9637 6078 6852 4038 1448 7005 77 8052 2392 6681 2791 8219 6791 8608 1040 8800 7652 3493 246 8973 7259 3938 1732 6713 4876 4993 212 2414 9451 7595 2543 5276 4756 6243 9520 5115 3992 68 4722 7694 407 8740 2146 9987 3924 7863 8715 
725 328 9967 3993 3536 4500 9193 5699 15 4098 952 8814 5750 6337 5863 5997 1512 7776 7533 3498 8832 7560 7521 8281 7352 6865 3329 1299 1824 3002 6551 7555 9642 8994 3099 9520 296 5653 9969 4500 5721 3150 7847 3438 9311 713 9889 3535 1892 4364 5482 841 5358 3046 4721 6149 5109 2684 1742 7772 8280 9004 4231 3117 4707 7221 4998 5464 6214 3912 5236 5635 1653 3324 8917 3659 7446 689 5453 4699 841 
3644 9040 1370 7680 9200 4978 8461 7241 873 9224 6750 4319 1514 8616 9967 5406 6082 3994 3422 237 9548 763 3645 4455 8846 1954 8439 2284 4083 3198 9624 5149 1098 9501 5192 5261 1806 4588 1918 3654 5082 7959 3493 9493 3758 5478 5419 7378 5493 2314 6776 7568 9300 4956 3356 79 6325 569 523 6435 5666 2826 2928 6999 461 8875 9789 6348 3393 9091 1192 6671 5744 1837 3911 400 6686 4048 8457 1890 333 
9029 8925 5856 5602 633 9964 8559 9613 2224 2714 3990 6165 7797 4646 4481 6651 9910 3126 4189 9637 3165 8653 6896 4653 7044 9567 4669 4273 5604 2498 4297 9948 8573 4049 8624 8574 3893 2046 6484 7625 6125 6667 4992 6136 2847 1564 2847 9951 5154 3540 635 4254 9931 7251 8169 2308 8789 8895 1662 1006 5933 270 9070 711 1263 8922 8615 6986 5841 7505 9828 6331 1027 7790 2398 8799 930 2224 5315 1071 1668 
2264 2388 5915 7929 4433 8270 7003 4917 9121 4964 3400 2718 6232 2785 7609 3978 3091 7944 3693 9100 4501 6778 508 6291 4600 6904 8809 3518 3969 8553 9533 3893 149 6397 9035 7654 5806 5942 5173 6974 8294 9790 978 5071 2702 8922 4445 8228 3127 5158 3144 8264 5311 5679 1188 27 3775 6677 2765 3656 3535 1502 6532 7017 7321 3843 2907 7247 2876 7476 9826 4222 3860 7537 9969 6469 8388 7896 207 583 3911 
6684 1797 791 4550 8634 1007 7583 6560 2933 2510 8079 8419 5219 2155 2578 8373 8163 9074 6808 7412 6687 172 4984 2900 3119 8261 5063 7911 2595 7118 9097 2781 5633 5398 3234 6360 2587 3128 4269 9922 9719 997 1366 7263 5824 8946 2155 5643 1075 3133 2138 7424 9246 1272 5159 2798 4205 1268 1384 9712 3247 4428 2759 5833 3702 1827 4253 6946 2292 7550 531 6973 675 6352 6886 3450 386 5692 7825 6066 4045 
5584 7767 4294 8509 317 6704 4475 7692 9621 371 7242 2560 4839 4061 6486 8869 8520 2406 5826 3269 147 2930 6735 1082 7797 3412 7382 5886 9307 9130 8959 124 7495 9024 5582 9084 8140 9524 8082 403 2294 6400 1512 9357 7463 7826 7523 417 4602 4831 575 1051 2996 6323 9036 7453 9716 2636 7813 1011 6545 5739 2865 7612 9315 8549 9098 2150 8104 6536 1171 1697 3207 9032 2615 6238 7976 6016 7043 9702 356 
8857 539 9119 9048 2935 9683 3901 4144 3883 6148 530 5532 4381 7825 1483 7674 458 9198 2519 3388 2921 2758 1350 2564 6479 816 5795 7395 7932 1041 3981 8202 4558 190 2572 9305 1687 9591 8669 2294 1188 31 9647 3535 8905 2190 5300 2681 3106 6221 9682 2451 4759 3540 5434 3563 4711 7497 4024 5262 7506 2219 5754 1016 5615 9377 8042 3406 3649 798 269 8374 6060 3040 8987 2755 5987 5533 5271 3104 7341 
2460 4583 8435 5487 7178 2814 1387 7312 1817 9730 8874 7657 7942 158 7272 5479 7505 5126 6420 6543 3154 6586 9428 8926 651 1059 3372 390 394 3711 3685 4512 6507 7122 3707 6124 3544 8059 478 9212 4392 6694 7377 9769 424 9654 7084 1642 6918 3865 308 6724 7959 8447 1033 9354 7216 1039 3241 9541 5499 2458 1729 4482 8265 2512 6885 7998 270 9066 2220 1908 4859 8868 9720 1970 5854 3192 2042 2379 9729 
216 6673 2331 6357 6903 183 4166 6679 6720 1823 1777 6057 5061 7604 9439 6027 3321 8540 9299 337 5269 2934 8199 9020 9057 1482 1600 6048 2495 5412 8928 8827 2694 5829 4919 7602 3070 6265 2934 2829 364 2115 9580 2382 9356 7749 54 5409 8675 1473 7283 3309 6170 6622 4835 7566 4294 5771 4001 3429 450 9818 1839 2024 5975 6859 3159 1987 4397 969 2010 9412 9189 4042 5326 6172 6046 9927 9409 1344 3451 
8759 7654 9149 8347 7154 553 4484 4371 4653 2435 6861 6897 6472 9027 5268 6312 6197 3169 3176 1564 6798 8445 2360 553 6922 8797 8805 289 6784 875 2969 8440 1629 1415 9392 5579 890 5185 710 6090 5077 5746 2231 9110 7324 8448 6626 6771 7316 6289 1943 3998 4340 4893 3672 9186 2257 8406 3810 355 3056 8944 8669 2751 8151 9309 236 8519 1283 6637 5630 600 6229 7985 157 2116 8743 5824 9897 4107 4684 
8489 3712 2253 6580 2419 4264 4314 2521 5325 2819 3883 9473 3140 221 4334 6494 6922 6472 3417 2269 9861 4889 3193 765 4592 5711 5323 4225 9210 3481 5758 4584 7115 8303 688 884 2795 6602 8321 463 7352 6034 372 8836 2214 7819 2326 8490 7358 2668 6665 9091 9329 2757 6188 5043 5725 3456 5251 5675 7233 695 9256 8038 9200 7534 1069 3401 9161 3517 9007 4935 9668 243 6822 7828 6593 4716 9100 1682 2997 
7286 6396 6383 2119 1016 8613 3348 5975 3748 9617 2524 6236 9841 6445 8173 5896 3438 9255 2738 4649 5285 806 9899 2089 6334 4101 3783 9404 9598 9820 8407 2123 6783 6967 3737 6274 5974 8395 9162 4430 4668 9463 3208 7897 4267 8530 8109 8908 6212 1817 7283 9267 3990 9980 256 759 5367 9872 441 2321 3179 3607 1901 1965 9446 5624 2058 3159 5942 9825 5229 7883 7881 8993 12 6093 2557 2501 1450 8360 20 
5881 6475 659 9890 4417 8099 7460 2223 6149 9700 3837 5619 7505 4941 2293 7957 164 5103 3045 9232 1965 8499 642 5830 2039 6323 9790 8174 4400 6064 4019 4993 3375 1 5503 2152 5048 7891 1173 214 3886 642 9373 7797 153 2590 2956 388 8315 4687 6170 2478 7102 1638 3638 6106 8180 4941 1607 8173 4386 7631 940 2043 4971 2295 9008 2364 4250 8619 9073 907 4438 7658 3917 1503 3264 7196 3244 6941 5222 
8861 9111 5573 5068 1953 5679 4492 4697 5357 4039 4876 9347 8653 4654 2599 3911 5021 2335 663 8585 1476 7033 3992 6458 6152 6711 3542 5628 3981 8507 9967 3108 5539 8693 2764 9247 7400 6697 3831 3297 9591 9542 3919 6096 973 8028 7934 8497 4897 8135 8490 1397 3638 7100 6559 744 439 5097 7244 2844 7152 7070 1958 5402 9354 7215 606 2198 8719 8708 7652 5706 3310 8624 6319 5199 1046 3741 500 3480 6602 
7070 1697 8594 1793 5989 7013 9139 478 2463 9327 7180 3590 8574 1340 1744 3067 6164 4792 1795 9539 375 7067 4913 8680 4412 3182 5655 3823 6667 5003 7237 7838 8377 1463 7196 6264 3812 1669 5001 6967 178 8549 2195 5964 6754 8422 2096 6602 3011 5011 7264 9175 3247 2573 7274 1089 3190 8043 4035 5359 4493 4654 3241 9507 3007 6117 3401 3021 8803 1593 9264 2891 5863 9945 7516 635 7875 3101 86 1336 426 
4259 5163 5465 4531 4750 2033 3148 5323 9038 2421 8100 2127 9579 3208 7798 5797 8510 4630 7792 9134 4820 2600 6080 8096 9985 8858 9703 2114 2621 4902 8633 3773 434 8038 9318 3958 121 9393 8430 644 7391 1377 1014 1226 3749 4828 4219 5376 1202 9248 5508 5720 6700 5185 5944 7154 8625 2671 7171 3432 1969 3130 281 7044 6364 2832 5886 9576 8928 8389 6194 1881 8660 5680 78 7581 84 338 5890 2333 87 
7766 8568 9123 595 8933 6962 7375 9417 3108 2787 5930 4887 1596 8069 1474 656 1058 4723 8090 5806 8807 1918 1821 5831 1809 2984 4201 375 8653 4281 334 2203 3794 5234 7568 9704 4456 1422 8176 4321 9750 1331 2533 9538 1734 9496 327 7683 5827 9009 6128 393 4996 6368 6494 2352 6244 2580 6754 8578 6336 1938 2260 9138 8901 100 3367 8654 3534 1990 9264 9805 6099 4107 1090 9738 7532 818 3295 942 6062 
9963 4036 6296 7417 4518 6909 406 7624 6995 1969 845 1286 221 8084 1566 2900 1162 9381 1412 111 3522 6936 9011 5535 6271 82 7478 9760 518 9846 6528 5857 4507 3950 1140 9236 3571 1829 8083 2087 2652 3728 2221 8852 7638 1273 9400 758 9440 9649 5648 9507 5342 7100 3509 1848 1553 9499 3781 7802 6254 3335 4668 139 6701 8827 7172 5124 9512 9242 692 3410 2539 4046 6676 609 3644 5851 4186 2474 3023 
6253 4313 7099 5440 3564 7486 834 333 9632 8986 4872 4131 250 966 2982 7676 6191 7098 1814 9742 8761 3722 1350 9927 7320 2320 3094 3156 8378 7433 7859 8902 9849 2122 9945 140 8193 377 1049 7028 9873 624 6777 3420 772 2906 8614 3734 7702 5111 39 3707 7858 3466 420 7305 764 8669 3336 8288 2480 3593 2086 6471 3665 6133 8195 5032 2775 1990 8875 6635 4638 5969 6364 7413 4247 2760 7230 3223 6405 
5244 4121 1192 9549 1748 695 274 8423 3228 2563 8806 3218 2723 1462 3171 6628 8778 2793 5781 9151 2214 2568 5052 6588 1499 5787 9498 1087 5941 1002 6954 1879 4506 9300 1807 4069 3561 7972 3365 9232 9437 6902 8990 2017 5876 2364 5048 4042 4830 2240 7581 8466 4068 1694 4901 9158 2035 7178 6673 158 7962 8186 8673 91 2000 1827 1269 448 692 6927 4966 1219 5779 7193 3164 2876 8770 6943 1253 4993 7270 
6591 8494 8816 9362 2506 5527 1513 5867 2965 510 9709 3185 5083 2320 3945 2395 5347 7611 5284 2907 3639 6545 9276 6317 5827 5055 4943 4538 2073 5861 5868 2126 4696 1628 1830 4916 1547 3746 9943 8173 152 3808 6178 9880 2720 2847 4635 2416 1240 1134 6229 9221 6823 2004 2404 2104 9837 1115 2406 21 8113 2129 2296 1023 4561 7885 8428 7370 9204 504 3833 5793 8366 6410 1120 823 8572 130 7612 4061 5451 
2017 4253 3853 5778 3390 1209 5837 4165 3390 5941 7077 1975 2934 8328 4935 9636 356 700 207 162 454 3166 9892 7814 7073 3432 4425 3704 1725 8524 3808 9599 907 3394 2730 4125 9915 4818 508 7213 7543 1287 7257 8001 4370 9591 7295 3436 8317 7672 6720 7114 2442 6525 4894 2926 7871 8182 3886 6525 1723 3229 667 347 9412 893 6849 2452 4681 3460 1645 5453 2088 9959 2166 7679 6085 1731 1079 3819 6888 
502 9579 5071 6089 4453 375 2777 5036 2643 569 2470 7266 5160 8911 7742 243 8152 2098 7896 2685 3839 5925 7791 4677 6831 1724 9774 7613 1620 8302 3085 3113 6168 3340 4851 5461 6105 8403 3233 1248 9159 7581 7517 858 4347 1792 7176 7100 7212 1088 3416 5692 8598 878 5589 1902 1911 2582 6101 9729 1313 3445 9788 1161 884 5024 2513 5932 7073 8710 5281 7474 1890 2864 8666 2688 4692 5134 530 2854 7353 
7102 6749 6481 5889 5632 4105 227 7836 7658 8254 2835 4316 818 5142 7450 6373 6479 3941 438 8368 433 9860 9954 7716 7700 7826 3687 1975 5106 904 8123 1261 8898 4985 6138 2410 7853 7437 6450 1370 6113 5351 1463 6045 4587 8099 462 7194 6088 8628 8108 7595 1719 6486 230 4586 4418 9227 8941 6680 1660 472 9671 7647 3627 7949 9414 2717 3808 5627 259 1343 6536 6137 6990 3558 1981 8740 7522 3494 2185 
1525 5838 7138 5074 2974 6172 7095 4841 6148 3243 8436 5114 7466 4027 9721 9595 1268 4869 6352 9237 5338 247 1430 8200 6849 9319 9119 9847 3718 4623 5616 9017 5188 430 7020 2810 950 8750 1462 2572 9896 7866 5299 4441 9230 6450 4113 5218 6968 7213 5395 2989 2178 4877 2959 7490 9102 9505 3906 6559 7092 582 9172 8418 2615 9665 8724 6148 353 7581 5546 7839 4443 5650 4019 3314 1361 9273 3455 6149 3564 
8910 9607 6062 6291 8969 2866 6166 4477 9866 3111 1144 7163 5952 2952 3999 9915 2299 7955 9954 8341 200 2060 5294 5196 7060 8422 880 6165 6466 9543 8359 7160 5912 1946 1370 4444 9480 9738 4406 4132 7815 3688 5314 6115 2332 4030 7120 5752 4375 9006 281 3365 5910 8619 8028 8002 8738 7396 8722 7491 534 3656 7661 8562 6576 4818 9541 9283 536 976 9009 6907 7896 8061 8537 9051 5755 911 891 9877 2906 
436 5807 7588 7533 5833 1886 6897 9413 9813 7689 8164 9153 3193 9298 6439 8429 7685 9628 9006 3421 8899 545 6935 6508 3388 7784 47 3306 7924 5393 9824 7324 1240 6459 3782 6306 9081 8754 6162 6401 564 2484 5096 4078 1790 956 3216 4603 8168 3390 4053 3910 1033 3634 2541 361 5227 3484 3690 1047 1248 5991 1950 5431 276 7775 4312 618 1896 9712 2106 7851 7029 7694 1448 4216 5040 5259 9373 8105 7138 
7663 2067 9512 4473 4322 1773 1132 3551 5128 9376 5135 5311 8767 4530 3005 8273 1271 8631 5762 2449 6393 2353 4501 4295 3166 2391 7948 1998 6569 2014 8995 8127 8650 2049 1037 3618 2720 7715 1214 2206 5189 7840 6796 6743 7149 20 2265 9933 9736 3258 8028 8250 5007 9159 7915 6494 3366 4404 3397 5643 4134 4388 7968 9984 7745 8233 6955 4065 4967 2299 1524 2231 8835 4488 1237 1500 7842 1805 4371 7075 2641 
6369 3896 200 8504 3008 3585 3594 1404 1831 5102 5360 8909 1641 7079 7810 6848 9027 2853 8331 432 5538 8447 4901 5559 2442 794 8475 9307 50 2335 9031 9238 4870 7626 5333 3850 2710 8146 7517 7836 2451 9397 4686 354 9655 3736 7279 8672 307 7039 4235 6511 7247 1151 4840 2549 7564 2283 870 5980 8217 8796 8909 3004 4470 4607 5043 2084 8895 7585 8520 4404 817 1577 3017 4761 1646 3838 1043 8863 2120 
1257 1088 7863 8152 609 9995 4784 5092 1591 1905 4303 9224 4891 1405 7611 6761 2790 5065 2894 5699 6103 538 5816 6235 4799 7953 3043 5235 8134 6215 5408 223 1830 8912 8377 8820 1813 9399 1189 2884 8143 3788 9423 694 6775 896 8443 2539 9066 4754 6177 6856 739 5525 5964 9023 3893 6669 7342 5439 9619 8582 8960 5985 4825 4426 938 7812 6850 4703 8150 8075 2856 4717 3423 9575 3079 103 8998 5016 4083 
9402 4964 6880 4576 3929 4940 6123 2365 4906 5616 2782 5312 645 1740 3299 6285 2186 6595 3194 7849 5978 8680 6536 9508 8849 7746 4832 5495 2043 9915 3296 5325 3243 4355 3771 9146 3160 1227 5148 1149 2284 8080 2367 4542 2794 4179 1082 3581 1324 8700 9298 855 3559 5009 92 2210 7794 4149 2501 6727 2483 3910 6428 7314 8555 6562 2048 8445 538 4508 1332 5162 2125 9226 3754 4448 1754 7436 5205 5290 5520 
7776 1991 6016 461 6149 5337 784 5021 470 3630 5529 9760 8953 1422 6384 7663 9279 4671 6309 6259 8691 2526 9166 8051 9766 1657 1506 4719 8062 2135 68 1257 6126 5588 5167 3289 6088 679 3198 5016 752 330 729 9051 8551 4363 2405 1729 1567 5885 4380 2448 8142 6991 1127 5536 2410 5010 4322 5570 1177 6228 8112 3863 1023 9643 1922 9980 9180 1019 732 7087 466 4354 6877 8173 8208 4587 314 8900 2119 
8195 1860 7354 1233 9291 5371 4990 4636 9217 7646 3047 2042 2392 1643 3638 3572 4040 7613 4868 8678 5767 5574 2054 7210 1538 7632 560 783 4391 6952 2423 8979 8067 2278 4821 4666 4874 4504 6995 7855 7938 9773 4331 8837 7325 8743 7601 5002 7202 803 5771 1196 8348 1092 9722 8103 7843 3107 5840 4031 327 9602 6324 8285 4081 2171 8387 5207 4380 478 8924 8197 533 6703 4795 2744 8591 959 9261 1317 2335 
8756 4414 7368 4046 5902 9593 4312 8151 8131 9225 5369 3003 1375 8338 1280 952 2252 5807 8517 8195 6177 151 2718 9067 2362 6058 4469 9752 5536 820 5209 8753 3077 1993 8680 1179 2783 9578 1321 4051 4342 4426 3707 1729 3919 2949 1820 5077 2876 2367 597 7338 1107 9478 1837 6303 4352 134 4156 2769 5271 6275 4419 1104 7607 2975 8055 9495 8030 9674 1909 3973 5132 7119 3674 5752 2004 7703 6489 4921 8157 
6251 6901 737 735 7026 6900 5655 1951 62 7407 9479 929 2671 1640 3865 4354 7666 6710 2657 3745 5950 4229 7972 7695 958 3256 1133 4492 6746 5022 8089 9687 5765 5657 2482 153 9343 1255 5793 8587 6844 5954 2432 7451 9257 6682 4334 8327 2824 7378 932 34 7443 6948 5525 5378 5963 1851 3346 5728 5319 4988 9998 4086 3297 5709 9232 2427 1348 9222 3655 3521 3930 6641 3901 1382 4133 7016 237 1943 3010 
5009 3626 7733 2366 1780 2249 5082 5670 3003 4912 4409 1992 968 6212 395 1132 1029 6588 6681 5757 3697 9894 4404 7912 250 4739 9045 1228 8049 7086 7396 4152 7559 8681 9163 2657 1887 6784 6626 6584 7269 8580 5895 231 9600 7704 6581 3916 5070 3332 6018 5911 3116 7352 9732 1217 2393 3001 4876 4483 7398 8454 9932 6955 9502 6435 2747 3844 6132 7704 8463 3531 4950 5714 9692 6890 5698 3359 8542 8564 1885 
5181 8312 6658 1208 7236 4396 2810 4632 4461 5658 1888 9330 7785 1637 4103 4113 5891 827 5413 1771 5409 3552 7792 7873 3591 6699 3607 7857 347 1997 5825 6571 1250 3660 2381 7558 391 8556 6712 9702 6852 4128 9628 7185 6381 6720 7661 2144 7268 718 422 9401 6330 2928 4659 9674 4005 864 4589 9855 4927 9162 507 1198 4201 8021 4641 7509 5276 6398 9209 7314 2438 5729 7459 3433 1509 6118 2197 5461 7878 
2716 5525 1624 2563 7527 6721 3894 6929 4235 7761 3146 6100 2293 7821 596 3515 433 1268 9895 472 7342 965 8504 6490 8744 4270 5988 1416 2698 5625 3556 9655 5820 8075 1391 6846 9200 9390 2225 1476 5400 6518 5033 1576 2440 7644 7808 7060 9984 8242 5947 8060 9342 979 8909 7216 2262 849 2426 9573 270 9927 4712 8982 5602 4470 9021 4930 8222 8997 7246 6628 5534 9406 735 262 2277 8135 637 8071 2809 
6588 4024 4198 4043 6507 6673 7663 3133 8381 8733 2246 6193 7898 8388 5851 609 6659 3745 2719 7829 7053 8975 707 1781 361 2067 9449 5828 2234 5428 7455 3842 6395 1759 6117 2506 9594 7689 7725 9766 2486 2406 231 1823 7425 2163 7600 3096 4272 5805 4211 8503 8590 8222 5498 4248 9311 6353 9089 4517 5662 8440 7895 6402 5143 5936 1294 1650 7367 6784 8290 9831 7433 253 8592 6588 5075 1717 4648 9113 3982 
6227 7521 6889 5350 5105 4350 3324 460 3249 4028 9983 982 853 1014 7446 2971 71 9550 6523 566 1267 3650 5215 8184 9007 4021 1236 1565 9088 1589 6162 6283 2896 7404 2524 3631 3937 491 5113 1974 6805 5496 9671 9888 9130 3387 9373 7010 8050 4192 2012 4606 8122 9983 7791 6450 3722 9625 1120 5875 9522 9047 72 4200 6040 984 4768 4878 5837 974 2668 4989 6252 1338 1382 556 3691 2434 744 1865 9739 
1351 3240 105 1644 9093 7092 5717 2098 9395 3710 823 6458 1286 7778 5263 5461 9640 3479 837 4488 3227 829 3327 3180 9329 8053 5796 732 2175 8969 1319 4167 5786 941 1677 7321 5876 2528 4732 610 5087 8302 4603 3154 2380 9106 6500 5754 1841 2348 3471 7730 4043 6923 292 7920 9792 1783 2822 4270 8933 232 8709 2406 6262 4727 7211 1713 6297 6956 1321 2213 1587 5998 8019 6208 6696 1425 1225 9337 1460 
9732 9746 6297 9632 8033 5276 2998 3139 9233 5856 2877 9747 8515 3147 6566 5395 3941 4893 6638 1112 7336 2338 5778 889 8999 2785 9800 5902 6603 8804 7723 7420 1579 3013 5493 361 9573 7507 2782 9280 1869 5262 5136 4482 6077 5532 3436 3620 419 6490 9440 1955 78 92 9099 8813 5390 2902 9284 9475 4680 957 9498 6966 2053 5787 3977 6201 9710 2527 109 9418 6720 5176 2049 10 6495 6876 7375 2286 1496 
9906 5628 2266 7053 3566 3950 3357 8538 7516 4380 2779 2653 6958 3231 6771 4241 5373 2388 7460 5747 5781 9553 4895 5971 5852 9823 3199 2904 6789 5828 203 4496 501 3584 1144 6754 896 908 3037 6561 2411 4815 2298 7548 2244 3595 384 1646 8060 3021 737 4009 3352 8736 3383 3601 9548 5659 9164 9524 7852 1655 8520 2545 7518 1768 2079 6324 2607 1755 3925 5054 6268 9036 5497 5098 5860 4695 9906 8399 7840 
9946 5599 9343 1868 6116 8837 7822 2594 6534 9423 8117 1186 6690 4489 8000 3075 7051 5988 5151 2373 525 2228 6040 3522 1960 8618 5201 254 4757 2926 4611 1948 880 2792 1689 8863 9825 8047 8559 5846 2167 5940 1567 5785 4618 7616 3638 6460 7215 9330 7364 1036 8008 4149 2070 1722 2812 2600 2154 8950 6141 6134 6113 4285 9224 2299 2306 9952 10 1024 4160 6614 1865 18 7279 8587 7188 8732 8313 5637 7823 
1377 9272 933 2016 3786 9440 3670 9042 5018 9113 6092 5419 6570 7242 105 1032 5190 6802 8210 7348 612 8015 5830 1089 8485 8132 3032 3196 9606 2120 4072 4710 6400 474 9923 587 7442 3662 4380 9715 6337 2902 6642 478 1435 8456 5036 6430 6542 2667 9259 9234 2383 3398 9567 8136 7898 3727 5567 9400 5977 4540 381 9965 6078 5942 3968 7456 4555 7275 6806 6718 313 5355 4152 3830 7868 9952 3562 7620 4745 
3726 7796 7945 5679 9191 9812 2917 6351 6472 1207 267 6925 6076 7361 1757 646 4466 1400 7659 6188 2168 3089 7537 4788 613 5219 6907 3396 1123 8894 6363 4745 9512 3657 8704 4948 1826 6772 3047 2346 7002 6082 8432 4915 824 5147 8769 228 5579 5631 7392 9944 5505 5006 211 4801 9070 2460 5357 7509 259 592 44 7580 9296 2778 6876 3594 6880 2428 888 3325 6930 9739 6665 9250 7817 9043 6550 8249 5450 
4298 9420 7491 3987 8947 3557 8431 8811 6879 3833 4176 5349 6409 1672 5434 2820 7858 3440 5843 5201 856 6746 3821 3563 1148 4177 7548 2334 9190 760 7023 6729 5433 5764 3288 8064 7894 2911 6445 6092 4605 5133 7760 8441 7795 5878 7975 4995 187 7127 9024 7309 8721 5912 986 1950 8134 6138 6671 9305 1490 9972 7195 2677 6811 2639 5544 8378 6806 3431 2386 3878 8965 4883 1012 4643 4919 9215 6716 8900 6753 
7314 8071 9901 7316 9416 3039 8551 6787 9925 7639 6292 548 4667 2933 4576 2249 9030 9603 2986 5836 5230 815 668 8204 3871 920 4084 1902 6536 936 162 510 3083 3339 350 631 8600 7135 4603 4691 341 8010 1430 7989 5892 3568 2943 129 8159 3611 7826 2821 2630 510 1988 4765 8672 6473 4354 9206 7161 5908 5346 8516 5216 1584 3653 3346 9361 2661 1177 455 8830 4531 659 5461 176 6256 5034 9331 885 
7360 2606 6614 5920 884 8434 8974 7447 7650 7114 2765 2459 4204 8237 4741 8701 493 7037 2213 6496 6799 1775 3316 4908 1520 7152 1609 3132 4936 8770 4973 1834 5544 7437 7830 3981 701 3867 7686 5208 1837 3947 1416 9483 5387 2207 8130 5626 6043 6850 778 6852 5470 27 1566 7543 8118 6450 1983 3250 5013 1575 2682 7260 2320 8563 8706 1863 8585 6975 5103 2021 6723 4507 6623 2047 9048 2313 5973 2851 6833 
4237 335 8140 7689 2378 3379 1839 1248 3782 4940 4823 4863 2578 346 933 6058 9499 2930 4734 7100 5650 3360 2551 6747 7545 8771 4094 9646 4736 6465 6596 5629 7684 5443 5063 9278 9776 9880 2647 530 3843 9427 6912 1140 3528 1310 5196 6564 261 6454 2850 4774 4179 8937 6711 396 9527 8217 8547 8194 2762 7104 7559 7918 5567 8329 7651 8131 1625 7784 3956 4761 4619 4031 8998 7470 7857 6852 3661 2031 299 
2450 9679 4194 2924 9290 862 3104 3016 3379 8455 5865 3863 8429 4658 5127 9873 6344 4401 1919 7433 7669 4093 7909 3452 3176 533 9223 216 8292 9400 9032 2508 2804 7312 2395 7642 8668 7347 3900 418 9603 9831 7192 7271 6755 3782 35 7309 8161 7977 669 9746 7227 8603 9028 6217 5608 3313 2324 9440 750 5485 5074 6513 9739 4054 8497 3610 3757 1764 5440 9084 4577 6989 1288 905 1353 5770 7325 4724 275 
7570 606 3858 8347 4369 6463 6181 3916 9513 5177 8282 9172 2562 2637 6413 9285 5886 7153 2336 5627 4774 1573 8041 8429 3936 4970 9248 527 9720 644 9912 235 6008 9863 4733 3433 6963 9072 2933 8731 6158 7581 790 2522 9179 491 2037 6066 4922 9205 443 2087 4397 7336 5730 3419 7805 5652 1235 7139 4619 4391 6381 620 5329 4263 8873 9954 2019 2163 3437 263 2451 9500 2709 3572 2623 4600 5119 9104 7796 
8839 7111 7523 329 5312 5837 4633 2279 7639 1333 4279 1941 4815 1202 1031 998 7759 603 2684 9822 9975 1033 2367 4445 4494 9838 7525 947 6202 3931 9462 7949 1162 4821 9051 1246 5862 8735 166 511 4930 3166 4794 1262 2304 4427 2553 4033 2240 3847 9224 211 3844 5307 9909 4173 1123 4312 5297 4281 4437 2067 2109 6378 5727 9644 8186 1966 6165 1583 9490 875 6100 2093 7783 4004 6645 8154 3018 3829 9742 
4946 1841 2582 4391 7199 5310 1878 7791 9431 9177 2980 6875 2370 4181 10 17 2989 6305 4075 5839 1827 9288 9048 1888 5068 7510 3652 43 3929 8381 5171 2031 4420 2443 9296 2907 9292 3665 9912 7844 5986 8547 8952 7049 5128 7827 5126 3445 4693 2024 2830 2619 6070 2920 4317 2059 5261 7910 5762 8720 1846 9286 6035 1241 6628 6257 673 6693 3244 6137 2661 1203 5362 6258 8810 75 3145 4973 1427 6592 6120 
