13000
512 
4232 
8009 
12510 
8136 
3284 
11823 
3848 
6119 
848 
7679 
10144 
4652 
9643 
6896 
1913 
1281 
8462 
1956 
5149 
1547 
11070 
675 
12641 
4943 
4464 
2317 
2758 
1839 
12036 
2896 
12779 
12904 
11793 
5254 
797 
4693 
11582 
562 
12286 
954 
7452 
8371 
7403 
6081 
601 
6975 
6927 
7287 
4198 
3530 
2054 
3824 
5132 
11444 
11078 
6242 
2236 
12198 
9578 
5721 
9057 
8175 
629 
11363 
5379 
3014 
423 
2626 
2881 
10788 
7277 
5826 
12023 
1529 
3808 
5298 
11673 
11946 
9228 
7707 
5304 
12551 
5859 
6056 
8830 
11174 
5350 
8174 
8688 
4098 
832 
8112 
10907 
5047 
6111 
783 
7037 
5608 
8130 
4489 
10938 
1616 
4106 
1995 
11483 
2008 
12490 
2982 
12153 
1330 
11150 
1474 
12565 
9106 
7494 
6157 
11754 
2520 
8067 
2741 
10485 
8178 
5105 
1631 
668 
1912 
2458 
2971 
6606 
11985 
5515 
10171 
7688 
1899 
10422 
484 
1753 
11501 
875 
5148 
6803 
3279 
506 
8821 
11312 
7142 
2050 
5232 
6031 
8588 
7311 
2332 
152 
11289 
5771 
12149 
375 
10089 
5760 
6335 
9820 
9546 
4013 
4267 
5562 
8934 
2780 
11471 
12937 
822 
1375 
9471 
5135 
217 
2063 
6757 
9982 
3849 
12193 
1095 
12968 
12161 
10645 
8479 
12861 
11004 
1871 
10559 
10700 
9667 
12753 
9049 
10066 
3301 
6648 
4877 
3215 
235 
12966 
5208 
12499 
10247 
5641 
4879 
8469 
254 
8014 
11320 
4774 
11863 
4559 
6947 
8492 
8332 
6322 
8747 
3626 
83 
10133 
5701 
12807 
10289 
47 
7388 
3618 
2275 
4752 
11847 
5274 
2242 
460 
1188 
9674 
10968 
5934 
7140 
12535 
8735 
2798 
11467 
11279 
5126 
2991 
11257 
11941 
1834 
10643 
4779 
7945 
2894 
9708 
6008 
1777 
11275 
12293 
11876 
8132 
4004 
12932 
10345 
8299 
6348 
11075 
9831 
5637 
5474 
1814 
11724 
11228 
10434 
3594 
1492 
4669 
8208 
6856 
12980 
2048 
11773 
10694 
11577 
4657 
2046 
11559 
12568 
9297 
7606 
5849 
396 
2681 
9409 
3880 
8729 
10787 
8457 
10629 
10137 
7542 
5300 
2998 
5807 
2955 
9816 
8078 
4481 
7265 
10744 
2078 
1311 
6275 
49 
6691 
1116 
8807 
5441 
1455 
7706 
3965 
67 
10397 
6402 
11216 
203 
8695 
3757 
9661 
6612 
2908 
12223 
7010 
5948 
12119 
1766 
4509 
7087 
7381 
1446 
10639 
1954 
8611 
391 
4733 
8326 
3319 
1663 
8359 
10104 
5313 
7374 
6713 
11733 
10084 
3774 
9423 
7536 
4478 
8739 
8988 
4290 
1011 
9232 
2691 
3674 
9430 
12712 
11658 
10239 
7495 
2892 
2719 
5928 
2354 
11366 
8125 
11778 
8645 
5097 
7099 
4282 
2231 
7286 
2336 
463 
12716 
3343 
6047 
5400 
9953 
11614 
7561 
1353 
9140 
8610 
7975 
2195 
8915 
2405 
1423 
10970 
12057 
4851 
10611 
12003 
10947 
409 
2743 
1948 
7338 
3700 
3733 
3970 
9210 
9219 
3333 
8622 
3353 
9083 
3458 
12792 
11662 
12619 
12643 
10093 
5486 
6257 
8697 
2383 
11322 
7914 
4897 
6437 
12245 
8280 
769 
12811 
9738 
12787 
2721 
222 
260 
2377 
9625 
7921 
6742 
3812 
2702 
5559 
6256 
4723 
9253 
7434 
12930 
3933 
1501 
6895 
10854 
2791 
8742 
8898 
6934 
10216 
4659 
6082 
3485 
9339 
11686 
3221 
10673 
3017 
262 
5179 
1499 
7961 
7571 
10595 
12689 
8036 
11690 
9055 
12112 
8595 
9054 
5662 
2784 
12550 
12804 
6759 
5945 
8503 
12977 
7731 
10726 
6673 
6972 
2763 
3524 
6478 
10579 
4459 
8105 
5052 
4163 
10830 
5031 
6462 
8301 
8978 
8360 
3606 
2855 
12176 
133 
1048 
3754 
12544 
10827 
3219 
4134 
3168 
3793 
8514 
7225 
7012 
8196 
481 
11193 
4977 
5996 
3368 
9525 
3258 
5802 
8195 
1689 
6521 
9052 
11334 
5110 
6897 
12898 
12007 
3342 
5010 
11924 
4863 
8786 
8029 
10801 
462 
12002 
5507 
7156 
2837 
12339 
2090 
9877 
2925 
845 
6839 
9491 
8265 
1034 
719 
5609 
12466 
12013 
7127 
10597 
6006 
4419 
6290 
3971 
1387 
5408 
6174 
12429 
6864 
11489 
9179 
3555 
11303 
3388 
7318 
6951 
7305 
4036 
208 
11265 
9754 
7077 
6279 
40 
10524 
8303 
11293 
7604 
1749 
1589 
6086 
10705 
5349 
3620 
9397 
5000 
12899 
3853 
300 
12695 
6674 
2644 
12134 
7740 
4410 
3387 
1168 
9234 
2233 
7360 
10184 
7400 
3721 
3204 
2704 
9668 
11600 
8471 
757 
6380 
467 
2888 
6434 
5651 
12106 
7486 
10623 
7239 
9197 
5681 
6781 
12482 
9492 
12288 
6976 
11554 
386 
3590 
3652 
8309 
2705 
4734 
3313 
10551 
2415 
11884 
11919 
8555 
873 
5260 
9552 
3209 
2135 
7193 
2697 
9955 
7871 
3321 
464 
12696 
1257 
8612 
6245 
8506 
1500 
8465 
5731 
5415 
7624 
10728 
2429 
7778 
2710 
11166 
11069 
7267 
11697 
6828 
7565 
2718 
4136 
11828 
12213 
3201 
2251 
4027 
9287 
12733 
4344 
7782 
3895 
8672 
7577 
1575 
3062 
87 
5801 
5508 
2546 
10646 
12433 
6807 
6735 
2814 
280 
10283 
8755 
4263 
8899 
9186 
782 
5991 
10509 
9292 
12060 
7697 
3252 
7183 
2041 
1102 
6725 
7829 
5755 
11415 
1667 
3522 
3631 
9152 
4346 
10972 
5516 
11321 
140 
5657 
7645 
2604 
88 
2494 
4780 
5131 
559 
1551 
11675 
8151 
4053 
8609 
5248 
1091 
12331 
7273 
12175 
8240 
116 
10165 
6682 
11326 
9462 
9864 
9634 
117 
9095 
10112 
9914 
12360 
2297 
6078 
10366 
6175 
9075 
2848 
8140 
9403 
5114 
12575 
2461 
8702 
4562 
974 
9616 
6353 
5992 
8949 
9850 
10862 
2323 
3872 
2107 
12816 
1146 
8157 
9790 
3828 
4908 
6980 
12538 
9575 
8730 
2129 
12426 
10085 
4810 
4005 
12290 
1626 
10890 
3835 
2462 
7750 
5045 
6048 
6873 
1266 
4021 
9263 
10798 
7923 
5188 
1329 
8127 
2116 
6258 
2676 
5667 
9734 
7473 
3238 
5199 
9008 
6816 
2860 
5927 
9452 
1827 
3675 
4782 
8752 
5575 
10706 
6244 
10703 
12936 
812 
11867 
8677 
8012 
7427 
1991 
8594 
6072 
5510 
7268 
3191 
10698 
5268 
3395 
7882 
7668 
250 
2175 
1649 
7853 
1514 
10804 
3003 
7866 
8351 
9997 
6318 
7340 
10175 
3507 
5183 
10922 
4831 
3844 
6872 
7076 
11782 
8304 
11231 
7280 
8907 
3220 
9564 
2933 
6617 
5499 
10546 
11857 
11046 
8628 
3980 
896 
9180 
5185 
12089 
12418 
9281 
3703 
4192 
4388 
9925 
9706 
10607 
9237 
7047 
3694 
691 
962 
785 
11390 
4172 
10384 
7683 
5871 
12796 
7948 
3635 
2442 
166 
11133 
9426 
12931 
10470 
11382 
3890 
6400 
12773 
4095 
10478 
11533 
10760 
10696 
2706 
5972 
5290 
1057 
1634 
5311 
5137 
4065 
3046 
4177 
3869 
11928 
4028 
918 
10813 
4522 
3072 
11316 
7993 
1291 
2056 
12513 
10651 
8924 
8788 
81 
498 
1881 
3791 
7938 
11748 
9786 
7426 
3809 
1856 
12342 
12747 
2019 
10879 
167 
1219 
5173 
3792 
4118 
6570 
8579 
1038 
3983 
1217 
2124 
1399 
6524 
8091 
1301 
3271 
9857 
5308 
2634 
10955 
6937 
12962 
6221 
9670 
3393 
5262 
6773 
2961 
3776 
12502 
5634 
10234 
4852 
2788 
6545 
10956 
2981 
11775 
2592 
4511 
1334 
4281 
12692 
1137 
9082 
9739 
7500 
93 
6017 
9507 
1328 
7955 
11194 
2398 
3129 
4379 
3554 
7888 
7615 
1627 
5796 
9860 
536 
2109 
7281 
6405 
3136 
5493 
6698 
10777 
10002 
10396 
2339 
7684 
12457 
9392 
5554 
10892 
3008 
10593 
6187 
6957 
11961 
12906 
8221 
9760 
11799 
12031 
11338 
3006 
4092 
9567 
11790 
8401 
219 
8200 
12265 
10820 
277 
12250 
10661 
3382 
8192 
11982 
4454 
648 
6328 
12396 
5745 
5535 
7931 
9260 
5812 
12156 
10550 
2659 
925 
2496 
12492 
8362 
10110 
1919 
6963 
11414 
5063 
4062 
4726 
9416 
1927 
5604 
3005 
1369 
3262 
544 
5406 
1585 
8453 
12869 
8224 
7727 
10818 
2466 
10490 
2239 
8547 
5060 
7999 
3213 
12191 
11856 
9745 
1124 
8370 
5791 
4991 
1726 
11220 
5793 
74 
1032 
11098 
931 
5840 
12458 
12976 
12478 
8754 
4843 
2408 
5449 
12388 
2049 
4297 
11875 
7907 
4275 
3679 
5288 
8055 
10722 
4642 
4515 
9680 
10927 
11446 
9158 
2343 
9358 
11909 
6903 
12653 
7819 
9252 
5617 
6923 
1823 
7505 
5231 
1164 
2578 
6850 
9076 
5109 
9096 
11148 
9118 
9610 
10523 
3958 
5337 
12445 
12376 
7905 
8699 
6959 
5141 
12849 
11491 
5165 
3308 
2587 
1456 
11273 
1744 
2306 
9202 
4099 
10198 
7057 
6913 
723 
973 
7608 
3819 
4807 
9451 
6825 
12669 
11455 
10008 
1051 
7631 
5430 
9990 
5757 
4205 
12852 
3266 
2064 
8651 
5954 
5333 
5930 
5386 
7693 
10399 
2622 
2489 
7862 
12800 
11765 
9995 
10136 
4586 
10057 
7669 
7692 
10822 
12582 
9062 
2817 
1296 
4622 
2872 
3534 
11668 
729 
581 
12159 
3981 
7630 
10303 
5250 
6230 
6014 
9348 
8264 
7151 
9732 
12163 
10324 
53 
4903 
10493 
1971 
6634 
12330 
8232 
7736 
2177 
11536 
3623 
7130 
215 
1611 
10011 
5477 
11269 
10077 
8666 
12554 
2454 
8032 
8160 
8965 
10950 
1354 
4416 
12474 
5032 
431 
4286 
10572 
10368 
12027 
5933 
660 
10548 
5467 
10044 
9978 
11260 
8007 
2661 
6817 
12876 
8182 
4167 
8660 
3247 
9135 
1144 
2169 
814 
9593 
1194 
7300 
9088 
7906 
4931 
6701 
8535 
8034 
7574 
2792 
6653 
2839 
2795 
11256 
291 
10424 
3122 
11389 
7728 
7633 
3690 
361 
550 
11714 
8834 
2660 
8890 
2507 
399 
7572 
6610 
1093 
1794 
245 
1854 
11618 
1602 
6514 
9516 
7594 
8408 
5663 
3897 
1967 
1346 
11707 
5036 
8020 
9435 
11947 
1398 
12819 
3241 
1643 
2495 
8422 
1259 
9226 
7226 
509 
1063 
9133 
2551 
3205 
4690 
9211 
9371 
5436 
1914 
2486 
52 
5079 
12718 
3668 
7432 
7541 
11545 
6706 
1475 
11894 
11496 
10199 
5307 
2071 
135 
4650 
3589 
3037 
1848 
6563 
992 
10503 
517 
11586 
6397 
2847 
8050 
3091 
10622 
3299 
3499 
9012 
3599 
1110 
2009 
1364 
1067 
6075 
10021 
11280 
10346 
10096 
12174 
9289 
11783 
1368 
5377 
1754 
3727 
9569 
2207 
10753 
728 
8990 
7263 
12622 
10179 
2077 
10461 
2164 
6303 
9457 
5512 
12332 
11253 
1271 
1293 
1286 
2845 
1844 
6308 
1274 
6249 
10170 
5821 
3553 
6239 
7699 
4802 
185 
9025 
4976 
7501 
8851 
4288 
3972 
844 
3456 
4204 
10210 
6442 
3103 
6774 
10361 
3239 
8970 
8149 
5471 
1317 
8634 
4354 
2089 
6280 
5671 
2882 
6061 
9273 
221 
2292 
3152 
1700 
11047 
1084 
7673 
471 
2572 
5331 
10709 
8719 
6846 
5398 
6609 
8929 
9642 
2993 
383 
2210 
12434 
8142 
1843 
6220 
4850 
4043 
6266 
7909 
11163 
3607 
11812 
7111 
486 
4996 
3250 
5243 
8161 
10999 
10599 
5100 
10850 
12679 
5901 
8678 
4343 
7408 
3833 
9856 
8679 
12754 
5390 
4922 
6151 
12860 
5747 
7789 
8306 
12443 
2069 
10901 
613 
3884 
4467 
438 
1156 
9888 
3575 
10188 
11284 
119 
1748 
4401 
9155 
10391 
2905 
5668 
6352 
690 
8138 
10053 
6880 
3551 
7836 
3156 
9775 
3563 
1517 
8546 
10237 
5383 
4436 
26 
7214 
3084 
4434 
9561 
7368 
8258 
6589 
1465 
12463 
5845 
10747 
4306 
663 
4969 
772 
1929 
11337 
6208 
11805 
1665 
5371 
5853 
1751 
1752 
5824 
7352 
12183 
8795 
1054 
2044 
6496 
6022 
2421 
3232 
4234 
1581 
9259 
9425 
7908 
12028 
5742 
10194 
12393 
11934 
8992 
1513 
4859 
12100 
12981 
12751 
12836 
4315 
4342 
7527 
2303 
5633 
12412 
5770 
8865 
12961 
12414 
9664 
12262 
12629 
8247 
5923 
3302 
8074 
12446 
12870 
4750 
829 
4917 
4962 
2384 
3905 
8184 
446 
1533 
6485 
4116 
426 
1957 
3760 
9803 
5737 
9746 
8357 
5763 
12214 
3746 
7419 
8493 
2176 
6543 
9338 
9627 
11048 
2842 
3394 
10575 
12822 
9466 
4127 
1599 
969 
4333 
3303 
7341 
1819 
618 
4799 
9582 
1172 
10075 
5882 
4260 
10335 
3543 
4238 
10482 
11404 
1944 
3291 
11593 
82 
10035 
4920 
9842 
10355 
9929 
7741 
1493 
7383 
10965 
12259 
7886 
6385 
1382 
9889 
3057 
1379 
9769 
41 
5988 
10628 
6534 
11204 
7053 
5435 
4764 
373 
760 
6965 
12417 
312 
12878 
5902 
5364 
5424 
3121 
3629 
1394 
4000 
4950 
654 
6604 
3332 
12614 
11221 
2521 
9419 
8895 
6500 
7552 
7802 
6475 
11016 
6105 
10994 
9701 
8335 
9026 
4814 
6845 
12171 
9352 
3974 
1187 
12518 
8355 
7700 
5730 
10620 
3982 
2156 
5674 
4689 
1882 
73 
11539 
2950 
12901 
872 
1468 
8866 
9672 
5779 
10592 
3924 
5055 
12048 
5069 
10150 
4201 
3065 
8035 
407 
12029 
3202 
7603 
11229 
6278 
1799 
8508 
5628 
1220 
2160 
7459 
6483 
9577 
392 
11524 
214 
11386 
4285 
2561 
6074 
2675 
4210 
10713 
2584 
3615 
5147 
6414 
9111 
5950 
8911 
7652 
7007 
10480 
11512 
6749 
11044 
2037 
7980 
1389 
10986 
12355 
10069 
11952 
10319 
4932 
11626 
7364 
1406 
4821 
3087 
4079 
4640 
9309 
10223 
4461 
5506 
415 
3447 
9972 
7675 
5352 
6302 
8041 
11453 
9018 
10227 
3953 
6904 
8429 
8872 
2727 
1150 
2098 
9693 
575 
695 
1580 
7516 
3088 
7554 
7666 
2651 
12776 
145 
10883 
3076 
523 
7135 
7242 
10311 
12726 
7760 
8107 
9332 
5107 
545 
9742 
429 
1595 
377 
11921 
12717 
4160 
1597 
3000 
12569 
7754 
10657 
5792 
9744 
12299 
10009 
56 
10106 
12767 
11736 
11520 
11954 
7105 
11114 
1719 
10664 
4564 
2506 
10200 
6364 
7260 
11835 
6651 
2928 
6716 
288 
4796 
2750 
11042 
11067 
5722 
8878 
7984 
7730 
4257 
9853 
6133 
4504 
3230 
7859 
12602 
8564 
2611 
2576 
8327 
9456 
10837 
1380 
6365 
3992 
3681 
3126 
10017 
9048 
9328 
12848 
3995 
5119 
10908 
4202 
9231 
8540 
1435 
6714 
6466 
9522 
3569 
3886 
9541 
12469 
9949 
6099 
8110 
11339 
3877 
12702 
3471 
455 
11377 
9324 
10750 
102 
706 
12285 
10262 
4819 
12416 
9559 
8216 
11208 
11247 
10783 
12697 
1320 
9493 
10177 
8293 
2161 
7676 
2038 
11691 
12118 
76 
2409 
2302 
2399 
12091 
362 
2946 
520 
3876 
1883 
11050 
3195 
8848 
9168 
4963 
1537 
6999 
4966 
3847 
8553 
10796 
11431 
9242 
11991 
4744 
3492 
2620 
1327 
9621 
2749 
2964 
5023 
8392 
232 
8386 
9961 
3753 
12076 
4645 
6970 
11721 
7019 
3677 
9411 
6 
2385 
4570 
10942 
6832 
12903 
2386 
5204 
1043 
9918 
12764 
11105 
8295 
9751 
5437 
4466 
3798 
7839 
8870 
8193 
4766 
6815 
3484 
2340 
7276 
11872 
4746 
6810 
2517 
10209 
6666 
6179 
11511 
3446 
7246 
7154 
9475 
9696 
6228 
4994 
2470 
5687 
3542 
9220 
12470 
12750 
10316 
11515 
6474 
2271 
12160 
10865 
4057 
3920 
2290 
2595 
815 
5749 
80 
3885 
673 
3468 
3699 
11268 
3101 
11245 
8857 
10769 
12573 
5389 
10724 
3762 
224 
10536 
5725 
9172 
2068 
1774 
9166 
6166 
7389 
3619 
4676 
1815 
3678 
5965 
6372 
5249 
792 
11603 
6506 
5823 
10118 
3049 
3841 
10977 
10423 
5935 
7386 
2423 
10064 
10386 
1945 
2678 
971 
5212 
9912 
6918 
2570 
6743 
632 
2304 
3194 
11476 
11797 
5451 
5385 
243 
4269 
12939 
4387 
9305 
8919 
9560 
8046 
9937 
9921 
5297 
12465 
2580 
10652 
10735 
4356 
7976 
9267 
8210 
6659 
11128 
7038 
12084 
8525 
11841 
4672 
9074 
5646 
7061 
236 
3782 
8819 
671 
563 
2759 
12705 
1463 
10602 
4206 
9527 
9251 
2983 
2186 
12441 
11080 
46 
11394 
1845 
376 
263 
11814 
3119 
8976 
8969 
7890 
6317 
4940 
9717 
4929 
2142 
10036 
3717 
11258 
10220 
3240 
6204 
1076 
12700 
2774 
7526 
9420 
3955 
2725 
8452 
2761 
9927 
6468 
3954 
1244 
10034 
9112 
10913 
7413 
3391 
1408 
8463 
7856 
6641 
946 
9799 
2688 
6935 
7020 
8255 
6538 
6567 
11585 
1824 
10007 
10107 
5956 
51 
10410 
3986 
8650 
4953 
8013 
1237 
2883 
4397 
8162 
11494 
5443 
7362 
12954 
1831 
1287 
12387 
9464 
10812 
11281 
9461 
3470 
4378 
5816 
8530 
7376 
4648 
4955 
3973 
9432 
8378 
5940 
9255 
8228 
4582 
2235 
9427 
2414 
12649 
9858 
9029 
6876 
8884 
12473 
2654 
4829 
7301 
5291 
6932 
6108 
5947 
7412 
10268 
3474 
11818 
4488 
11249 
7161 
12627 
10626 
702 
1756 
8122 
9061 
10943 
5655 
7006 
3609 
4336 
404 
9354 
9175 
8426 
12351 
5769 
10506 
6787 
3508 
7453 
11211 
5458 
9277 
2716 
11340 
8121 
5152 
8593 
5405 
4983 
1186 
7913 
3646 
2977 
1973 
3052 
372 
9589 
3214 
2631 
9413 
8711 
9444 
340 
11421 
1098 
427 
1260 
11170 
6642 
11106 
8163 
10764 
12270 
1515 
7132 
12630 
4730 
5062 
9513 
11036 
8412 
3188 
4866 
7157 
1990 
11750 
8753 
3783 
9759 
5167 
11870 
5426 
1400 
11664 
5479 
11159 
4294 
3948 
4542 
7491 
10510 
297 
10288 
10904 
10508 
5335 
8889 
5182 
7825 
3402 
8257 
2684 
1429 
11054 
6867 
3737 
10852 
12073 
7708 
6286 
12302 
1730 
8623 
12333 
851 
1890 
9834 
10140 
7078 
537 
5413 
8519 
1344 
9199 
9011 
3036 
3942 
4371 
10152 
7662 
12941 
2960 
3426 
4014 
2742 
10024 
12162 
5184 
10964 
4626 
4002 
1480 
9848 
2867 
2978 
7122 
4646 
11729 
12041 
2269 
10736 
592 
639 
2158 
7184 
1851 
6595 
6790 
5811 
7801 
12900 
11943 
4493 
10204 
6593 
8065 
8787 
950 
7179 
1672 
12652 
3834 
2313 
9709 
8867 
9733 
6444 
4138 
5279 
7117 
3167 
10051 
3976 
4229 
1706 
7407 
4580 
7840 
5198 
553 
10474 
7632 
1888 
7259 
8253 
5647 
2410 
11815 
6737 
7936 
4361 
3962 
2189 
9805 
11498 
820 
5759 
6704 
8366 
8343 
12839 
10789 
7189 
11364 
9363 
1640 
7380 
8243 
4340 
9515 
3389 
10157 
5909 
12432 
4656 
9399 
10609 
8341 
2990 
10601 
9227 
12526 
10978 
12786 
7438 
3029 
8596 
5112 
1708 
1184 
6644 
8734 
3807 
10031 
3587 
9946 
10856 
4325 
2286 
6320 
3016 
7155 
7647 
12187 
6285 
3772 
2764 
6906 
4026 
1409 
7873 
528 
11916 
9741 
10022 
10070 
8740 
2378 
9596 
4613 
393 
2804 
7332 
9839 
7689 
10404 
7430 
5969 
11246 
86 
5325 
3422 
6310 
453 
2985 
12686 
1502 
12597 
5059 
3529 
2616 
5968 
4264 
3739 
6240 
6379 
1433 
11769 
12459 
5697 
11638 
6679 
5511 
8021 
580 
6252 
2481 
1336 
4475 
129 
5116 
10702 
12577 
6587 
10202 
3960 
9380 
5087 
8143 
11681 
10291 
1523 
3829 
3056 
8470 
5444 
11191 
12334 
9344 
10267 
307 
9207 
9910 
3309 
2369 
7492 
1630 
9817 
6936 
3453 
1300 
9508 
436 
9714 
5676 
6117 
4423 
8431 
949 
6147 
11820 
4729 
9887 
953 
98 
10087 
1771 
10768 
9059 
6670 
7108 
5434 
11844 
12632 
3315 
12447 
5012 
1212 
1362 
410 
151 
11248 
1165 
8801 
12075 
4273 
12780 
10286 
5963 
7511 
6097 
945 
2281 
4527 
5519 
3588 
6435 
7329 
9020 
6536 
6127 
11622 
3147 
11456 
3242 
5976 
3021 
4039 
10446 
2218 
7231 
6523 
8665 
10135 
3526 
5696 
9752 
9415 
2770 
11422 
1979 
4048 
6672 
2575 
3932 
8487 
10872 
11677 
95 
265 
10826 
8681 
10891 
3750 
3408 
11768 
10745 
5842 
355 
5740 
7164 
8652 
11199 
10213 
10636 
12824 
9472 
9509 
6491 
9215 
4907 
10534 
4832 
9317 
9323 
10481 
3516 
3883 
7330 
2187 
2835 
8573 
7695 
5509 
2120 
11689 
9630 
12062 
7384 
8484 
5089 
7101 
8931 
5675 
3713 
11461 
2815 
12085 
1121 
5736 
10492 
1001 
5818 
11357 
5838 
4226 
10980 
4787 
8684 
7073 
1372 
5146 
793 
9649 
5370 
9192 
5366 
2167 
10367 
12539 
2831 
10299 
5084 
7776 
556 
2560 
9730 
1978 
1736 
17 
1786 
5591 
10428 
6295 
6361 
2756 
4468 
6968 
3858 
12485 
9517 
12517 
6512 
12382 
6432 
9145 
8305 
11663 
2276 
12449 
4157 
670 
4979 
12982 
617 
1760 
4295 
1820 
12423 
8038 
9793 
8389 
6573 
11832 
6954 
2223 
10581 
2652 
3132 
9190 
7525 
4381 
5086 
7686 
10407 
2451 
12983 
9514 
2735 
6689 
1772 
4070 
3755 
2927 
6159 
12888 
12147 
1036 
1584 
11305 
3723 
5929 
10381 
6726 
11436 
118 
6007 
10754 
4221 
11072 
12304 
9520 
9728 
5684 
6650 
7807 
201 
9632 
4519 
8586 
6019 
8081 
891 
6748 
560 
12030 
5120 
883 
1938 
2388 
12390 
7174 
4182 
8771 
5780 
7851 
1775 
803 
1497 
8885 
1290 
9217 
7039 
6530 
7120 
12316 
5803 
7966 
11041 
6375 
924 
8701 
12618 
6447 
1715 
1658 
267 
6580 
1552 
1891 
10444 
12240 
11094 
2456 
10874 
9355 
577 
12210 
7406 
5959 
3002 
10279 
659 
1528 
11214 
9438 
1695 
4224 
12701 
2252 
12226 
3497 
356 
6461 
9428 
1417 
6251 
3280 
9544 
10251 
12676 
6272 
966 
2036 
10189 
7050 
7927 
9807 
5942 
11092 
7191 
6420 
3026 
7461 
784 
10608 
2974 
12956 
6597 
6255 
9326 
3595 
2174 
8443 
11572 
2658 
2969 
756 
12955 
2834 
3768 
5317 
8826 
7918 
3243 
3273 
134 
4252 
736 
6991 
7901 
11331 
2433 
7534 
8749 
348 
2968 
237 
7455 
12483 
3324 
3099 
2754 
2246 
7262 
6152 
4732 
4090 
4480 
5309 
344 
3155 
3550 
10143 
6246 
10055 
2524 
6639 
420 
4635 
4525 
2836 
8118 
190 
8721 
1413 
10414 
11346 
6360 
12583 
2915 
3899 
4529 
308 
8354 
7043 
12419 
8783 
8445 
4895 
10370 
4393 
2700 
677 
5106 
12973 
4554 
389 
12798 
3316 
6819 
3235 
4331 
7197 
11102 
7011 
2163 
8912 
4617 
1085 
10018 
8098 
8346 
10459 
4896 
9532 
12713 
9366 
10038 
9566 
7687 
6183 
11037 
3641 
2906 
12498 
7141 
3979 
1163 
6626 
2649 
12624 
6868 
4816 
12719 
7312 
3370 
7250 
4355 
6079 
7904 
7653 
6215 
11672 
8658 
12925 
2407 
218 
12613 
7072 
12960 
6143 
6601 
12556 
12920 
12841 
9383 
6301 
10323 
6905 
9418 
11525 
10925 
11977 
4477 
5018 
7288 
8063 
12298 
4189 
10655 
6994 
3440 
7081 
7085 
676 
5518 
8212 
12364 
2748 
11966 
7636 
12868 
1062 
445 
10569 
4709 
10436 
1980 
8794 
301 
4619 
8829 
3041 
10139 
2806 
836 
7593 
58 
4739 
10618 
9235 
2590 
1842 
1763 
6071 
1880 
6065 
7264 
12585 
5833 
11802 
6853 
12770 
1859 
5924 
2581 
4370 
1797 
12216 
742 
5632 
9002 
12570 
7014 
345 
6805 
10723 
1444 
1792 
9068 
11563 
9372 
4641 
7321 
1340 
11925 
8499 
503 
1251 
4059 
658 
3863 
12921 
5723 
8670 
4298 
12752 
7977 
12056 
6833 
1270 
12101 
1232 
346 
5021 
11745 
11860 
8311 
12205 
4988 
3425 
2555 
8393 
4968 
4358 
692 
1653 
7489 
5659 
9840 
10443 
4985 
8813 
8398 
9264 
7404 
9071 
9648 
7704 
4706 
1309 
10326 
11151 
8980 
11134 
9412 
12501 
4713 
5497 
11371 
7391 
474 
4798 
9078 
3443 
1942 
4628 
1452 
7709 
3312 
7887 
10063 
11808 
4914 
1205 
3276 
2438 
4597 
10685 
269 
4369 
6973 
11948 
8460 
2822 
9201 
6770 
8023 
10130 
11007 
8086 
3685 
5343 
3347 
11976 
4041 
3420 
5636 
12547 
6029 
5887 
5034 
8154 
11099 
9114 
4348 
10497 
10128 
7638 
9142 
11899 
7190 
7869 
10173 
11642 
4520 
10042 
12788 
5788 
6321 
3414 
1924 
10468 
2376 
8662 
6684 
272 
10269 
5799 
11237 
10108 
2527 
1393 
12521 
2533 
12421 
4998 
11787 
5764 
5532 
12024 
9570 
7266 
7933 
12561 
8763 
11328 
12801 
8914 
12942 
6059 
3512 
3714 
1678 
4433 
10771 
4986 
9434 
9453 
10167 
12177 
136 
5873 
11136 
1029 
2257 
11570 
4510 
10040 
9013 
12681 
2053 
7314 
10662 
5756 
11015 
10541 
11684 
4973 
4775 
8693 
12623 
241 
1642 
4587 
1562 
12078 
12097 
1313 
132 
2471 
5101 
473 
8317 
4674 
6527 
9821 
947 
10704 
6334 
4415 
6842 
9804 
44 
7342 
3180 
10940 
11113 
3943 
9832 
2312 
5841 
4038 
11358 
1664 
3517 
5702 
12552 
2084 
10484 
5808 
1350 
4870 
3034 
4606 
10577 
12315 
5955 
9485 
1742 
2701 
1087 
6508 
4756 
4472 
3192 
2411 
6469 
9571 
12440 
4820 
1683 
1892 
926 
7055 
7409 
435 
10932 
1873 
633 
8528 
2574 
6289 
10720 
6874 
12303 
1335 
9565 
5835 
3269 
7347 
7451 
10281 
12317 
5468 
6387 
4997 
10631 
4583 
7657 
6707 
567 
38 
3695 
3081 
9891 
4748 
8203 
11412 
8308 
10242 
10948 
6214 
3535 
5715 
39 
7926 
4845 
7116 
11550 
965 
2260 
2602 
6824 
12271 
10951 
10147 
2244 
8513 
10206 
10997 
5273 
10083 
5640 
2482 
9518 
3871 
9406 
11282 
10670 
8167 
11510 
11651 
5292 
9476 
3765 
1779 
890 
9989 
10886 
1662 
3173 
5985 
3778 
1175 
1721 
6020 
6122 
8385 
5491 
7799 
12965 
4853 
12093 
9033 
9384 
10903 
11318 
6780 
9984 
9798 
5890 
1111 
7003 
7177 
6751 
10362 
10298 
4598 
10015 
4382 
184 
1677 
7817 
11263 
491 
11317 
5670 
10176 
1532 
3416 
10343 
7549 
12231 
4856 
7378 
4446 
1222 
7064 
6453 
3945 
6578 
12464 
8613 
11811 
2347 
1177 
2014 
6577 
7234 
2367 
5576 
4952 
11522 
12329 
2234 
1016 
7466 
525 
4077 
7114 
2973 
128 
6695 
6337 
6661 
11031 
2016 
1358 
4400 
12590 
8539 
2371 
11370 
10097 
12644 
7729 
3978 
8602 
7811 
256 
3764 
834 
1618 
11744 
6359 
5319 
3875 
11074 
12415 
5522 
9382 
7588 
479 
6446 
8368 
11993 
3993 
12279 
6871 
8367 
927 
4066 
9555 
6613 
6386 
8053 
6011 
2308 
8737 
5447 
2247 
1360 
4228 
11650 
12311 
5530 
8006 
10307 
11479 
6795 
8657 
8336 
1518 
11353 
2432 
6949 
2034 
11727 
12950 
4682 
5168 
9530 
11088 
4524 
12402 
12148 
2431 
416 
1651 
7558 
7119 
8459 
2638 
7093 
6667 
1573 
10454 
12654 
11840 
7401 
12040 
4362 
10090 
7217 
9920 
2212 
3787 
11637 
12117 
3376 
9880 
6784 
922 
5685 
192 
2854 
4967 
12743 
2362 
2852 
5719 
4687 
2277 
8905 
2202 
3994 
9091 
220 
8000 
3773 
10235 
5521 
8996 
9250 
8027 
2437 
4694 
12745 
5478 
6188 
8227 
4607 
1966 
5577 
7595 
7563 
10314 
905 
11020 
6785 
9189 
9443 
12655 
8478 
3360 
10473 
12710 
12049 
3479 
7705 
1211 
12915 
6683 
6132 
7823 
5630 
1218 
10946 
11939 
540 
9241 
2426 
3544 
10094 
8338 
9622 
5817 
8353 
8146 
10290 
11291 
4389 
4129 
11813 
11296 
5937 
642 
7855 
3622 
3836 
379 
9639 
9501 
8313 
3549 
6307 
10442 
7915 
9176 
4600 
4483 
9892 
12063 
940 
7743 
6146 
9823 
6291 
12427 
2534 
7973 
7248 
4854 
11141 
2519 
4925 
1716 
5870 
1305 
7181 
4893 
12109 
737 
7920 
2553 
4470 
6096 
998 
341 
8682 
3424 
2469 
115 
12212 
5820 
4426 
5971 
2585 
5030 
6627 
646 
8835 
5560 
8241 
9899 
10708 
3571 
12325 
1053 
7016 
9171 
2131 
9811 
1994 
11222 
10539 
5571 
3799 
8800 
1977 
11234 
4589 
2672 
12605 
11197 
3770 
2182 
2799 
6579 
5695 
10637 
9662 
2612 
589 
8421 
11751 
6915 
4685 
2106 
4276 
5394 
9543 
2173 
10339 
9872 
3771 
9022 
8806 
11569 
11644 
3643 
10464 
6003 
12430 
8745 
3141 
6370 
11718 
29 
2895 
9454 
9796 
2514 
1130 
4841 
6419 
9089 
2552 
12189 
4392 
6590 
2782 
6073 
6030 
12422 
6840 
6517 
4349 
9325 
4719 
7298 
7397 
1788 
2897 
3645 
5409 
2686 
7618 
477 
9321 
7292 
10961 
12323 
11743 
1926 
12755 
4180 
5931 
12394 
5392 
9148 
894 
4771 
7041 
7146 
1427 
7790 
1378 
12553 
12934 
11945 
12587 
11347 
1773 
5239 
10032 
7131 
6443 
4443 
2530 
4042 
5735 
12219 
12657 
10127 
3345 
2641 
2209 
9682 
9125 
3881 
12734 
3605 
12567 
12667 
11089 
1280 
3225 
10797 
10992 
3614 
5093 
4528 
596 
2361 
8589 
12102 
9810 
3503 
9598 
9993 
11803 
4309 
7897 
1049 
1256 
367 
12391 
12859 
1734 
78 
4742 
7411 
8315 
10341 
7138 
11297 
12313 
10052 
10825 
12352 
8380 
6677 
9342 
8790 
3729 
12529 
7136 
4428 
5960 
4195 
1424 
6583 
7537 
1828 
3691 
2310 
3541 
3879 
4496 
10065 
5523 
6997 
11026 
11929 
3421 
3907 
11692 
2677 
9808 
4670 
11892 
7795 
101 
12083 
9483 
867 
64 
8043 
8510 
9608 
7344 
1442 
10875 
5734 
7943 
1279 
6235 
6150 
3585 
726 
1173 
5354 
11922 
9120 
12522 
1837 
2573 
7852 
6820 
7504 
11728 
3611 
12990 
2857 
8732 
1809 
725 
10121 
2118 
9378 
1349 
4499 
2095 
2989 
1538 
7236 
12601 
4647 
2668 
7444 
11619 
533 
12173 
8521 
11056 
7991 
7791 
11276 
9478 
2671 
2646 
7350 
7770 
2900 
6513 
806 
3461 
11112 
6502 
11752 
6598 
8490 
4452 
11737 
11411 
7569 
8849 
6654 
12358 
8145 
6631 
7746 
9963 
9127 
7317 
7335 
1315 
12584 
5794 
8888 
681 
9463 
4084 
5700 
6720 
7387 
439 
12398 
3245 
11190 
5351 
11996 
12905 
5346 
12369 
11475 
8410 
7254 
12039 
6169 
11590 
3405 
7237 
3797 
5918 
12481 
5266 
6477 
7794 
8713 
12123 
12484 
11717 
11665 
3505 
84 
7680 
5301 
1326 
5299 
9284 
11738 
12908 
10155 
10790 
5144 
3540 
9401 
1638 
9422 
12229 
10659 
6490 
8039 
8903 
11885 
1392 
12989 
3552 
11079 
4161 
3810 
10132 
1443 
4783 
907 
2875 
5306 
2112 
12820 
1162 
1115 
12222 
12314 
11682 
10557 
5353 
780 
1495 
1370 
11557 
2873 
11381 
3127 
3854 
9494 
11878 
8400 
7612 
11251 
3821 
12374 
8 
165 
12164 
1675 
6403 
8561 
5789 
11294 
12803 
12610 
6093 
10408 
2614 
8775 
6401 
112 
7761 
4643 
1496 
10487 
12125 
7509 
227 
2141 
11785 
3164 
12335 
3051 
2183 
7080 
12140 
5993 
11850 
7808 
3761 
12812 
4655 
6697 
7982 
9669 
5013 
5358 
9690 
12691 
1065 
557 
6067 
461 
4671 
11528 
3094 
12581 
469 
8600 
5205 
4827 
10048 
9568 
657 
7747 
9909 
110 
2051 
4289 
5888 
1421 
6342 
1644 
8606 
4063 
3887 
4833 
9121 
3788 
6448 
661 
4965 
1861 
6115 
5693 
5080 
11530 
5327 
999 
10305 
9557 
5076 
10624 
2059 
6569 
3509 
5376 
8802 
10280 
9302 
5709 
1464 
12066 
1074 
717 
1027 
365 
5619 
12698 
4945 
6114 
11757 
8069 
8072 
9548 
3891 
292 
1197 
3967 
299 
8489 
1147 
8952 
10773 
11378 
6572 
3857 
9060 
10971 
9303 
983 
8108 
9361 
8568 
11701 
7328 
11969 
5070 
2287 
10120 
187 
3579 
6209 
6154 
11330 
10491 
8113 
710 
9288 
3756 
3712 
10276 
2151 
12491 
1213 
7296 
10930 
8515 
4541 
12143 
8126 
4574 
7306 
7924 
10504 
5570 
4476 
4855 
10912 
1216 
8177 
7285 
4245 
12598 
3077 
5548 
3490 
12897 
8577 
5883 
5903 
2747 
5711 
10330 
4543 
3963 
2863 
8440 
8562 
1457 
1294 
3278 
12865 
3709 
11300 
350 
10882 
3683 
7175 
11179 
160 
6879 
4304 
3092 
6404 
4611 
704 
513 
2694 
10974 
10686 
6054 
8248 
1996 
5259 
1410 
12306 
12721 
2523 
7610 
1238 
4540 
3823 
6955 
309 
8189 
12875 
11100 
4806 
10023 
11763 
12190 
10757 
4911 
6238 
1210 
9994 
11537 
4710 
11374 
11372 
12255 
7702 
5856 
1485 
5827 
11645 
6884 
6202 
4711 
7548 
10486 
12135 
662 
8206 
10669 
8201 
1768 
5175 
11474 
11666 
6470 
6241 
2250 
7275 
5009 
10477 
10776 
9161 
3208 
5044 
8598 
6197 
5113 
2439 
8152 
10180 
3548 
2714 
11156 
4083 
12438 
746 
5481 
2577 
608 
8793 
7331 
10914 
6164 
3917 
10680 
3565 
3767 
2755 
2769 
3999 
9134 
11341 
2261 
5862 
8986 
6841 
11287 
9656 
7102 
9705 
7363 
811 
9788 
8500 
9540 
11551 
3293 
11012 
711 
5431 
8863 
12296 
5768 
4200 
2505 
7967 
3502 
7460 
8551 
8267 
10245 
6012 
12437 
8292 
8654 
1383 
7809 
3715 
2232 
3115 
9795 
12677 
7591 
3359 
6939 
8237 
674 
12548 
4801 
12386 
12172 
3491 
3169 
398 
9322 
1684 
12684 
10440 
3600 
4636 
1161 
4133 
576 
12218 
8960 
11957 
5256 
1263 
9047 
6621 
7937 
342 
5703 
2670 
12234 
4549 
1190 
8581 
352 
9996 
2664 
10832 
9001 
7031 
1911 
9658 
7749 
8477 
10718 
12646 
12406 
10405 
8769 
5568 
6657 
5534 
7159 
10675 
730 
4439 
2180 
4677 
10081 
6629 
8536 
6063 
394 
1789 
8446 
8466 
5083 
1704 
5090 
275 
9205 
2039 
12833 
12782 
259 
5843 
12694 
2335 
9216 
9376 
4223 
4888 
7992 
8120 
12967 
10544 
2226 
3145 
4268 
5439 
3719 
5752 
2656 
3556 
8597 
12634 
188 
357 
3988 
1858 
6294 
1846 
4516 
11780 
6460 
12840 
4152 
7828 
11794 
9500 
10957 
837 
12195 
10249 
1896 
5170 
12266 
6224 
12918 
1841 
7294 
9626 
1970 
8505 
1273 
27 
6287 
3950 
9830 
7148 
6676 
6345 
12487 
10195 
1787 
4869 
1872 
11588 
3874 
3794 
9873 
11705 
8859 
6649 
2381 
5475 
9455 
10996 
5884 
12435 
12284 
2501 
12456 
11936 
3130 
3952 
8770 
12818 
4068 
11547 
6518 
1965 
11454 
33 
787 
2539 
4954 
11315 
6783 
2972 
4612 
605 
7720 
3270 
8714 
11611 
9633 
2401 
12842 
6160 
1352 
3317 
3399 
9440 
3632 
11463 
652 
2047 
9679 
10379 
6866 
9051 
9985 
6822 
2299 
8839 
869 
6560 
1384 
8836 
10846 
8869 
1225 
6952 
1546 
754 
3133 
2153 
12404 
7026 
8147 
4590 
5289 
2358 
2800 
5402 
10359 
11138 
3574 
1229 
9770 
2532 
7439 
10231 
8636 
9758 
3104 
11628 
1560 
89 
2599 
31 
326 
9058 
2562 
3075 
7717 
7289 
12563 
9081 
1998 
3647 
7950 
11329 
2355 
3692 
9128 
10931 
6618 
620 
8921 
4222 
10392 
4755 
914 
504 
7640 
290 
10633 
11503 
12609 
5886 
3254 
2392 
6941 
197 
1862 
1285 
603 
1864 
2022 
10558 
5899 
11989 
764 
4951 
12913 
12071 
1030 
1420 
466 
3627 
10078 
5142 
7274 
10100 
9588 
1002 
10117 
8910 
2711 
6671 
11942 
1206 
6171 
5834 
6489 
9833 
10114 
9244 
6752 
8638 
2807 
12307 
8985 
5003 
5041 
5545 
12365 
6013 
72 
5541 
3174 
4422 
1390 
210 
12479 
10161 
3001 
2375 
3336 
5962 
65 
8388 
1149 
3817 
604 
1419 
1698 
7367 
9620 
10045 
7598 
11518 
9271 
10542 
9042 
1781 
5020 
680 
8340 
3283 
234 
7416 
3673 
6262 
8363 
5677 
1778 
9315 
6472 
11465 
5706 
8099 
1207 
5943 
3354 
8518 
11091 
819 
4681 
2188 
5572 
9367 
12221 
8211 
11634 
8574 
5500 
1711 
2139 
6931 
10332 
7454 
8861 
6771 
2017 
11759 
6389 
8876 
106 
4076 
178 
3042 
5396 
11975 
4197 
1668 
10809 
4277 
4435 
5245 
3263 
8290 
7756 
1526 
892 
2909 
9697 
6259 
7033 
5492 
10296 
2794 
2921 
8728 
4502 
11531 
3710 
11198 
10029 
9225 
741 
2707 
8399 
5949 
1693 
450 
7313 
4105 
2094 
12405 
5854 
11656 
8661 
10445 
8181 
8219 
2168 
12971 
8458 
11908 
10693 
7816 
3070 
1952 
8842 
12237 
12203 
6898 
4074 
2980 
12337 
7753 
6988 
7655 
268 
12810 
1879 
4018 
7323 
6212 
3083 
1338 
2849 
4317 
10166 
3140 
2690 
9439 
5654 
3852 
316 
8274 
276 
2762 
9881 
7485 
10815 
3045 
5773 
5257 
2477 
11186 
8791 
5103 
11430 
2709 
5643 
2722 
11464 
10192 
5990 
12687 
10217 
2502 
1261 
1450 
2724 
1037 
3340 
6599 
2245 
7757 
7958 
6940 
5145 
5787 
6760 
11274 
7042 
9431 
1314 
3464 
4231 
10984 
6156 
10959 
6925 
7983 
865 
11709 
2865 
2563 
10861 
6645 
9480 
10019 
12194 
8438 
1877 
912 
10123 
10591 
12157 
10730 
4082 
2516 
12488 
5797 
12385 
10308 
6480 
1737 
6966 
7892 
3114 
4102 
10863 
4441 
8172 
3617 
7665 
3362 
2265 
1598 
9771 
12105 
6316 
9230 
2945 
2127 
2931 
9265 
6960 
5851 
996 
1403 
10496 
8780 
5143 
5399 
2020 
2230 
4262 
12196 
6125 
9276 
5982 
9386 
7421 
2940 
7129 
8215 
4146 
6138 
9181 
8090 
6388 
10403 
5989 
6429 
4153 
1388 
2200 
1629 
10734 
2113 
5320 
2025 
9126 
9959 
3796 
2490 
12211 
841 
8008 
8864 
360 
5994 
11350 
5094 
11542 
1935 
9402 
6921 
8639 
997 
2418 
2348 
584 
3758 
7592 
1738 
12856 
8474 
2079 
8207 
6693 
11403 
7405 
5072 
11049 
425 
1617 
8558 
2000 
6406 
10185 
11848 
8494 
10430 
12145 
4892 
1969 
11349 
3137 
6983 
8724 
5626 
7074 
3898 
8070 
8509 
5121 
4924 
6537 
12249 
650 
302 
8578 
6688 
7337 
1731 
6227 
743 
5460 
1253 
3545 
8485 
1373 
4278 
7575 
9484 
11152 
8423 
2944 
388 
10781 
5267 
5490 
3804 
1123 
12121 
530 
6476 
12493 
3743 
10322 
11881 
8481 
8475 
7221 
3494 
2503 
8205 
9495 
5822 
7814 
7788 
849 
4581 
12341 
8703 
9917 
387 
4785 
5329 
6088 
2687 
2802 
8779 
2140 
4555 
12054 
3597 
2028 
4629 
11652 
3533 
3407 
7959 
10218 
5057 
12442 
8430 
6946 
847 
6110 
568 
1203 
2884 
10896 
4772 
771 
4512 
12834 
1702 
12872 
6961 
538 
9974 
7182 
8618 
9941 
9479 
1323 
3985 
11617 
714 
10197 
10250 
11066 
5154 
11807 
9353 
2483 
5593 
428 
10419 
7270 
6623 
2699 
6167 
9606 
5958 
475 
11608 
6894 
4284 
7985 
3927 
9270 
10900 
6843 
7609 
8016 
12616 
1541 
8323 
4935 
10158 
8647 
11756 
6811 
8451 
748 
3074 
6471 
8235 
12844 
11639 
9214 
11676 
9056 
6681 
4064 
7503 
5359 
2010 
2001 
3430 
7781 
11135 
1567 
4254 
69 
9010 
9102 
6711 
5473 
3478 
7748 
6916 
11478 
7857 
9940 
8348 
11183 
4960 
6802 
8397 
3525 
5691 
9046 
8310 
6855 
1451 
7567 
7648 
3838 
18 
11380 
9934 
2325 
4557 
1195 
4310 
336 
4050 
2253 
4804 
3925 
11685 
3584 
3323 
9063 
7519 
3310 
7848 
6929 
4860 
923 
7095 
6455 
4588 
6528 
9405 
11384 
791 
6371 
7922 
8450 
2745 
11712 
6974 
8413 
5269 
7359 
2810 
1559 
3383 
324 
1221 
6331 
9700 
6233 
7015 
3868 
3785 
161 
8119 
7774 
1325 
11182 
2535 
7084 
11624 
9698 
12357 
7484 
8913 
3143 
1343 
6192 
11543 
11716 
12128 
11083 
2194 
524 
8524 
12520 
12067 
10201 
3602 
2337 
9600 
3327 
8420 
11023 
879 
1666 
10385 
694 
6982 
4927 
6738 
3304 
4113 
11963 
11767 
12077 
1246 
11005 
2840 
1681 
10439 
7348 
75 
12115 
12179 
3355 
9240 
12506 
3166 
11187 
7837 
4144 
8643 
12874 
11238 
4916 
9641 
4839 
693 
3613 
11119 
12283 
5673 
3815 
4788 
7415 
2965 
1185 
7272 
2430 
4418 
9789 
3378 
11470 
8784 
9295 
1909 
12894 
4061 
8587 
6553 
174 
2066 
6703 
4242 
12660 
10495 
767 
9809 
12884 
11623 
1145 
1783 
5618 
4006 
4868 
12611 
8498 
6909 
1564 
9364 
526 
11002 
11792 
8269 
8409 
12182 
157 
4491 
2554 
1233 
9999 
8738 
582 
9806 
7881 
10447 
10238 
5171 
11373 
786 
7815 
10088 
4538 
10325 
3451 
9064 
951 
8060 
9357 
12301 
549 
1152 
5786 
170 
3377 
12650 
7550 
6178 
4915 
3498 
12704 
10435 
11215 
9663 
12103 
12953 
11574 
182 
7614 
6200 
7758 
11901 
9499 
7402 
5038 
10860 
1268 
12252 
886 
487 
4321 
3390 
11992 
4790 
689 
11660 
3546 
5980 
2890 
2885 
7333 
921 
2738 
599 
9526 
11852 
10301 
12278 
5781 
5966 
8407 
2657 
1718 
8164 
1894 
10666 
12008 
10934 
9924 
12736 
1657 
8908 
9558 
11589 
12206 
10054 
7034 
11798 
5287 
12519 
9753 
10870 
12711 
11584 
565 
2829 
1262 
10634 
11981 
7766 
1432 
5421 
11126 
12640 
12534 
9144 
10212 
4183 
3444 
3019 
10427 
8109 
12512 
5428 
12749 
231 
6382 
4292 
370 
108 
10683 
5133 
12600 
9362 
2975 
8603 
5717 
3053 
2262 
4414 
9868 
583 
1201 
7205 
4653 
8942 
5365 
12790 
4237 
2781 
6717 
4654 
10627 
7180 
12372 
90 
11995 
6789 
981 
12675 
7877 
6198 
9533 
12995 
9167 
9647 
273 
6118 
9777 
3475 
1089 
6281 
3398 
7613 
8707 
9388 
5809 
8700 
5537 
1682 
2045 
5800 
11171 
10660 
1044 
12241 
7372 
2450 
4826 
10409 
2288 
1928 
11418 
3667 
7732 
5270 
8720 
2027 
10205 
9836 
7009 
6607 
7126 
5221 
1363 
2811 
1536 
12242 
3513 
5302 
1000 
1897 
11594 
1472 
6351 
1811 
8953 
1968 
9105 
11990 
11643 
3752 
5155 
5597 
4936 
2445 
4178 
2939 
9890 
5014 
8896 
1625 
5078 
11865 
12509 
6652 
11895 
7935 
6311 
4032 
8954 
5876 
3105 
636 
11423 
11169 
8416 
8056 
12722 
6449 
5469 
6459 
12739 
817 
7841 
734 
1422 
5054 
7531 
5067 
8642 
10721 
1750 
5957 
8972 
6633 
1401 
4508 
7030 
6128 
194 
11160 
4112 
5498 
12555 
602 
7947 
6814 
5544 
1933 
2424 
2492 
1548 
8935 
11708 
1254 
11997 
5397 
12951 
4591 
12633 
6326 
8823 
7895 
8144 
961 
4883 
10340 
12020 
10795 
1214 
3448 
10382 
12560 
5635 
204 
10219 
1917 
1367 
8501 
9869 
9370 
6333 
12959 
7144 
9764 
7712 
5582 
8916 
8102 
4616 
4030 
6890 
3766 
5001 
9882 
1096 
4148 
11242 
12832 
1215 
10196 
4974 
2904 
5624 
4848 
2115 
2608 
4058 
9113 
6217 
5580 
2682 
8411 
11168 
4999 
12774 
8534 
2042 
10377 
10074 
8361 
2294 
3964 
3097 
1064 
1509 
8169 
8824 
7803 
7476 
6919 
12909 
10858 
7962 
3018 
9573 
10187 
8441 
10600 
5983 
6041 
9498 
9261 
6962 
2255 
414 
9900 
5672 
5340 
531 
6412 
7865 
12887 
3577 
3329 
984 
9329 
4812 
10360 
7963 
5981 
7830 
7978 
4970 
10838 
942 
10699 
4385 
1557 
5814 
9528 
12500 
2058 
1319 
11700 
3272 
11834 
494 
5160 
2221 
1832 
11882 
9737 
4662 
327 
10933 
10113 
7071 
4350 
2685 
4190 
6907 
10145 
8504 
9879 
4691 
1230 
6134 
12924 
5744 
4037 
4341 
189 
3630 
7293 
3912 
10831 
6739 
8358 
5316 
11789 
284 
8640 
9862 
2453 
12269 
4874 
2165 
5293 
7482 
4956 
1395 
7223 
6791 
8033 
3711 
6083 
1554 
5514 
9268 
5025 
2201 
745 
4797 
2444 
11891 
12180 
10866 
2739 
1306 
5255 
2963 
3374 
8906 
11695 
12877 
8455 
6180 
8377 
12777 
4087 
9886 
5172 
4216 
3521 
12599 
7597 
7450 
12 
12004 
2729 
7166 
2030 
4941 
10389 
12664 
12596 
6273 
1610 
11413 
7883 
6046 
686 
7521 
12371 
9740 
5829 
1141 
3862 
5472 
2683 
3064 
1009 
7506 
4225 
1191 
12682 
7058 
472 
11776 
12019 
9221 
5878 
5330 
7797 
7530 
5174 
4822 
195 
11232 
10884 
5138 
6216 
12715 
5395 
8659 
10712 
3515 
2624 
902 
4196 
1570 
12082 
1874 
6149 
3738 
5028 
6358 
8197 
6269 
7874 
9908 
9960 
12035 
2636 
4688 
7139 
11493 
12799 
6100 
1312 
8751 
283 
12383 
11063 
3805 
12239 
10240 
3514 
11212 
7863 
12523 
4505 
2476 
1265 
7008 
10068 
1701 
6004 
3581 
6423 
10560 
12379 
1673 
10990 
11409 
3826 
893 
7204 
1986 
5236 
6267 
4168 
6722 
10981 
12524 
8607 
12011 
8418 
12144 
5151 
6123 
10257 
12970 
1484 
11209 
8946 
1430 
9005 
5064 
5748 
8334 
10142 
7435 
9859 
8064 
8901 
10780 
8434 
6024 
11244 
5066 
10644 
9947 
2703 
11226 
1943 
2504 
2248 
3427 
4147 
11741 
2760 
11973 
1661 
5880 
9919 
11680 
6740 
10224 
8321 
351 
10554 
518 
1983 
6767 
2941 
3436 
1005 
390 
4203 
4592 
1633 
12370 
10973 
3481 
7371 
10413 
667 
6196 
6547 
4707 
864 
3781 
10352 
911 
5639 
9193 
5938 
4413 
3648 
9275 
1867 
770 
1712 
5178 
7004 
4159 
10816 
1473 
6664 
8279 
10648 
7464 
5104 
5973 
7804 
120 
270 
7035 
12366 
12674 
5227 
6243 
4308 
6837 
9871 
5885 
7215 
4293 
6709 
2715 
12595 
3259 
5502 
10457 
4665 
11873 
7425 
3837 
11124 
2264 
8760 
2474 
12631 
8433 
7446 
8225 
8124 
4060 
789 
9073 
3740 
4236 
5219 
12280 
2618 
244 
9814 
7957 
683 
2389 
172 
7303 
3038 
6984 
6297 
54 
7672 
8288 
2589 
2820 
4615 
4795 
11055 
7458 
6339 
6131 
12778 
10658 
4251 
7103 
1131 
2220 
4448 
7075 
10014 
12637 
223 
402 
555 
9905 
5461 
12760 
11181 
4894 
4536 
10300 
7810 
2404 
1739 
9539 
3411 
1339 
1755 
11616 
1732 
698 
11177 
5623 
8117 
2828 
10610 
607 
11576 
8395 
12625 
9006 
6112 
12295 
2387 
1316 
4506 
4179 
3998 
11013 
9902 
2605 
4140 
11667 
7327 
4253 
1525 
10765 
1189 
8543 
5053 
10842 
8840 
11451 
9827 
12979 
10676 
1255 
4154 
7685 
4531 
5848 
1278 
8803 
6917 
8291 
8570 
2958 
11379 
578 
12670 
1056 
11264 
1577 
4882 
11405 
3298 
3583 
5761 
2067 
5035 
1624 
884 
5513 
10376 
2144 
1679 
5280 
740 
12578 
1223 
3109 
7518 
7667 
4368 
3527 
4307 
9785 
10689 
534 
5855 
2907 
246 
8234 
5382 
10072 
4765 
11833 
62 
5606 
5418 
3900 
2199 
3178 
4081 
7186 
6834 
6581 
5420 
779 
12928 
5553 
3050 
2776 
2953 
10499 
9683 
6236 
9122 
713 
5741 
12012 
7417 
718 
11788 
4605 
3748 
6095 
7671 
2870 
9727 
6571 
11935 
11081 
6727 
3487 
5073 
4604 
3397 
3586 
11864 
10264 
8938 
274 
3365 
5776 
5367 
9085 
6989 
12220 
12714 
432 
5414 
9923 
8061 
12549 
1857 
4380 
1153 
6172 
4649 
1535 
2258 
8480 
10692 
9497 
12026 
9177 
10186 
11822 
3375 
4023 
12289 
8705 
3338 
4678 
9743 
8833 
10598 
6782 
7557 
9299 
6544 
9711 
1743 
6089 
4420 
874 
2338 
7188 
11879 
11189 
5538 
5372 
5321 
3148 
7046 
57 
9222 
10456 
6562 
12338 
6343 
8379 
5283 
12136 
4409 
1200 
9604 
7213 
5543 
9103 
1674 
1133 
5476 
1759 
9459 
664 
186 
3435 
5295 
777 
11505 
11580 
3730 
456 
9930 
8093 
1039 
7256 
3153 
7496 
2866 
10501 
2591 
4609 
1391 
3747 
11625 
11270 
7733 
10395 
10929 
9350 
7052 
6643 
3179 
6830 
3610 
3095 
413 
6996 
3217 
4046 
9465 
11172 
11636 
9545 
9043 
10613 
1946 
12720 
8415 
1355 
10191 
1477 
11396 
10949 
8375 
6288 
10763 
6113 
2493 
9724 
8733 
12010 
7547 
11272 
10688 
586 
162 
3911 
9904 
6883 
5238 
1838 
8930 
12017 
1006 
716 
7677 
7660 
10739 
6199 
11061 
4890 
5926 
2349 
7607 
4255 
5503 
5967 
8932 
8818 
9084 
2114 
10843 
1709 
7227 
8134 
12381 
10348 
8328 
11962 
5163 
10555 
7150 
9556 
8239 
2526 
4372 
11375 
11200 
3455 
4155 
5226 
9878 
1337 
5136 
8396 
9757 
6515 
11983 
1903 
1106 
5728 
3288 
11549 
7428 
4364 
1235 
10762 
1108 
8799 
4171 
1804 
3386 
9441 
6847 
3325 
1425 
4406 
5264 
9301 
3334 
7954 
8337 
5276 
5986 
11301 
2966 
5563 
2547 
1566 
7964 
10530 
4213 
5739 
616 
3843 
2924 
9163 
10437 
1893 
8482 
917 
2689 
9966 
3307 
10897 
3085 
1099 
6077 
319 
16 
1934 
3865 
4407 
1671 
8073 
3649 
6911 
12094 
2720 
7928 
10906 
2491 
2296 
7940 
12940 
8569 
7876 
10915 
3441 
3718 
11082 
9965 
4019 
1527 
11927 
3363 
10452 
9970 
12015 
7578 
1764 
939 
5237 
7972 
2666 
2619 
5774 
2328 
2123 
11587 
11402 
12496 
11110 
11958 
422 
2922 
7036 
12850 
9129 
4352 
11761 
11295 
12124 
3176 
2026 
3894 
12912 
12727 
6137 
5738 
12227 
2368 
11084 
5607 
4462 
9258 
9784 
6155 
4623 
4571 
2976 
10969 
2274 
3486 
3058 
2372 
595 
5590 
9389 
1936 
2449 
10453 
7089 
12883 
703 
12741 
11419 
11824 
11610 
7325 
8982 
11157 
6503 
3889 
12688 
1600 
6574 
11654 
3775 
3331 
11998 
623 
10517 
11581 
4227 
4010 
3616 
1904 
2952 
12879 
10400 
9400 
4240 
6344 
3412 
7824 
2790 
10516 
3496 
10614 
7508 
1025 
7842 
2043 
10255 
6753 
4858 
7414 
3039 
6552 
7639 
8092 
9123 
12656 
5334 
934 
510 
6728 
10020 
9849 
12579 
5638 
9212 
6248 
4300 
6091 
1960 
8847 
8364 
6161 
4692 
558 
3650 
9447 
3564 
11495 
2901 
8442 
11393 
6479 
8743 
1670 
6526 
4069 
11753 
4274 
9576 
11747 
8736 
11604 
9691 
2352 
9450 
10159 
6712 
10939 
4149 
10416 
10535 
9198 
10954 
1471 
266 
9735 
2746 
8767 
7582 
11024 
5195 
4339 
8383 
2216 
9369 
7546 
3351 
4164 
3870 
395 
5029 
3200 
2805 
2425 
6776 
12926 
9286 
12345 
61 
7564 
7319 
2238 
7133 
2185 
1088 
5061 
3428 
4836 
12823 
8045 
1813 
4007 
826 
12322 
9936 
10365 
1411 
7013 
4736 
3063 
11368 
3701 
1402 
7478 
8282 
2793 
1988 
11196 
2566 
1226 
25 
11345 
2032 
6106 
11018 
7070 
1660 
5058 
11167 
7513 
5328 
1825 
11556 
5944 
2996 
6555 
6415 
1170 
4431 
10758 
1154 
5828 
6121 
4513 
10295 
11497 
4451 
3573 
552 
6733 
6104 
6928 
11259 
6600 
2627 
9829 
9143 
97 
11428 
9137 
12326 
3135 
279 
9086 
9041 
8183 
3348 
6427 
707 
2259 
8159 
6043 
4599 
1135 
9852 
11486 
9385 
11032 
2695 
5589 
1132 
9932 
1026 
3434 
11086 
6799 
9173 
2198 
10935 
9398 
3856 
3580 
6482 
12572 
9290 
542 
12099 
2777 
1690 
6891 
12122 
3473 
6870 
11900 
2435 
9747 
11855 
12256 
337 
1407 
9087 
899 
1922 
7018 
7098 
12378 
7207 
4919 
4971 
4905 
7481 
9436 
8199 
3139 
903 
4322 
5914 
1240 
424 
2488 
2122 
4440 
7025 
12410 
655 
3415 
7170 
11918 
1437 
5108 
8158 
7021 
4312 
11960 
12783 
1593 
7082 
10668 
5194 
3704 
3928 
10553 
6826 
180 
9585 
6366 
12514 
701 
6140 
5393 
5251 
1103 
1356 
5727 
10800 
4235 
3572 
11233 
1510 
11671 
11938 
1169 
7456 
12380 
7282 
1697 
5347 
7970 
328 
11008 
12475 
77 
8565 
2986 
6624 
8058 
442 
7023 
485 
12324 
5765 
7229 
7755 
10751 
5616 
1298 
8556 
7725 
1604 
2103 
2018 
11578 
3010 
5312 
9553 
9132 
2356 
2821 
9792 
12025 
12504 
8621 
11033 
6368 
1066 
9692 
2417 
4072 
12871 
4727 
9915 
3476 
8817 
7241 
5285 
6062 
7429 
8545 
1553 
11861 
11760 
977 
8094 
11887 
943 
6126 
1958 
12738 
11457 
554 
1594 
7224 
1491 
11064 
5767 
3558 
6556 
5281 
7716 
2765 
8025 
3341 
8170 
3480 
4632 
8272 
4194 
9602 
9763 
8584 
7437 
45 
12246 
8019 
10028 
8213 
3946 
10375 
7472 
5689 
9164 
2999 
9710 
4673 
7178 
1275 
4661 
9489 
3861 
5678 
3506 
5905 
6066 
3246 
11407 
1148 
12845 
5844 
4326 
4430 
3483 
2628 
4075 
12746 
9028 
6625 
5314 
1166 
42 
440 
10309 
9035 
5161 
11344 
11184 
6922 
9206 
3539 
255 
6899 
12452 
3033 
12408 
11987 
3832 
12938 
8331 
5048 
3576 
6023 
2126 
1992 
6165 
7779 
12207 
4248 
8843 
7538 
5897 
10153 
3745 
8656 
2065 
3287 
1126 
10573 
11120 
11888 
1757 
8541 
4088 
7929 
12260 
3371 
11599 
1033 
419 
11145 
3698 
1583 
320 
10732 
6721 
843 
2273 
4770 
1987 
5271 
5713 
12988 
9272 
9458 
799 
10293 
11485 
11795 
8461 
10979 
8696 
10073 
749 
8439 
4847 
5125 
2379 
9650 
7772 
8365 
2680 
4834 
7650 
1953 
12268 
4846 
6330 
11562 
10278 
3098 
11830 
10393 
4394 
10794 
3657 
9845 
1174 
10774 
3909 
3562 
11698 
10373 
8491 
12907 
6685 
8390 
12919 
12133 
12826 
2229 
5894 
1487 
7925 
5805 
12891 
9039 
465 
176 
12120 
7646 
9756 
2300 
546 
8726 
4610 
11062 
5159 
9723 
3523 
5042 
7443 
2629 
1310 
5488 
3634 
3664 
1951 
3777 
4768 
8936 
8131 
9094 
1636 
9749 
5225 
6458 
6045 
6457 
4760 
11972 
9141 
5196 
10576 
5529 
12762 
1017 
7392 
6185 
6848 
6710 
5555 
6511 
7385 
34 
11122 
11534 
1590 
8727 
5203 
5445 
3665 
4108 
405 
5006 
2452 
2105 
7889 
4444 
11854 
6234 
9236 
11 
12866 
7900 
7625 
6090 
5496 
7112 
10941 
448 
11223 
4981 
1243 
6800 
8467 
2515 
371 
8882 
1227 
5565 
11361 
6796 
975 
5539 
6026 
5533 
2315 
9607 
7849 
1008 
4867 
11529 
10225 
9694 
12336 
8104 
3697 
7827 
5970 
7507 
12958 
9266 
7202 
10878 
3157 
4174 
9722 
6507 
10275 
5868 
2083 
12757 
11612 
9017 
10923 
12608 
10885 
9159 
1022 
1907 
9776 
7898 
5860 
142 
9800 
10390 
5442 
12992 
7271 
6758 
11731 
12673 
1534 
3028 
8725 
3666 
5564 
11903 
8856 
1183 
8669 
4696 
8319 
9590 
11408 
5920 
9815 
9933 
3138 
323 
8764 
3 
7535 
11437 
7066 
2887 
7493 
4663 
2669 
8082 
7844 
2632 
5746 
3260 
1821 
1151 
7238 
3644 
8165 
7083 
7714 
11678 
8432 
8894 
1761 
11836 
8168 
11801 
7723 
10605 
9069 
505 
3489 
3882 
9855 
1746 
4301 
9065 
8828 
8633 
10327 
11278 
9460 
4789 
5401 
901 
12403 
6101 
3318 
4258 
3211 
6408 
8765 
6016 
8275 
12628 
10027 
4523 
9581 
1069 
11910 
6519 
1366 
9410 
9278 
10717 
4708 
6009 
11034 
1342 
10149 
1508 
9605 
11132 
1120 
6055 
6801 
9986 
2291 
296 
5666 
2092 
9488 
154 
5644 
7792 
8268 
5180 
9599 
6763 
6058 
1234 
8841 
2330 
4107 
7854 
8190 
10037 
854 
798 
11988 
7880 
12261 
1608 
7893 
5694 
8804 
5881 
2104 
8191 
298 
7813 
2880 
2920 
1688 
7587 
7763 
11746 
478 
4357 
3742 
11195 
8507 
9505 
2984 
1550 
6910 
8427 
12233 
11890 
4347 
11225 
2932 
5911 
11980 
8533 
9340 
9979 
6992 
2565 
7334 
12525 
8933 
12830 
12181 
12902 
5432 
6541 
1105 
12642 
7258 
4862 
8550 
2841 
8231 
1925 
12489 
5527 
1118 
10667 
1964 
3158 
7149 
7490 
2463 
111 
8983 
10388 
12042 
8943 
5879 
10707 
1071 
8897 
2954 
1504 
2859 
9715 
196 
4104 
1020 
9801 
10274 
6777 
6632 
7060 
7284 
11896 
1094 
12037 
6638 
7846 
3369 
9208 
10350 
7573 
2500 
3961 
3253 
4111 
7786 
2402 
1143 
7872 
4173 
12064 
10552 
3120 
10786 
3177 
8680 
8222 
11104 
3218 
5040 
10791 
12911 
1209 
2767 
4096 
913 
9417 
12045 
7468 
9408 
2464 
70 
100 
5284 
5581 
4705 
10983 
8601 
4857 
2484 
2541 
10441 
978 
11926 
3915 
4463 
7094 
10236 
2222 
6540 
9203 
4332 
8448 
10697 
12471 
9445 
3457 
12665 
1974 
4375 
8251 
8318 
1179 
8030 
6734 
2395 
3669 
12742 
12297 
9130 
4272 
7169 
3356 
8342 
11188 
9631 
889 
2125 
12817 
7488 
1155 
10483 
2480 
9687 
7109 
1277 
5664 
823 
12617 
11526 
2698 
130 
11730 
9092 
6218 
2919 
7211 
7868 
8424 
4188 
10960 
2117 
11575 
12923 
12450 
12068 
10617 
7711 
11392 
5528 
1385 
7658 
8673 
3357 
4740 
10844 
9893 
2956 
5910 
10876 
11630 
9433 
3716 
7986 
11564 
4291 
4995 
11920 
5344 
4930 
1381 
2696 
9718 
5464 
8522 
7448 
2567 
9944 
6823 
10899 
10182 
11640 
6456 
11218 
7343 
1659 
4624 
585 
4458 
12580 
10294 
10671 
8918 
63 
9188 
6889 
9298 
4460 
3322 
5729 
147 
4535 
12910 
3922 
957 
2403 
10 
10873 
9772 
7832 
1855 
7997 
2413 
4135 
3107 
5026 
10513 
12129 
827 
10193 
10154 
6494 
5601 
4680 
123 
968 
6591 
10411 
6037 
11348 
6092 
1793 
2635 
2320 
7767 
175 
3125 
4233 
8668 
10829 
3409 
10164 
5338 
3696 
11309 
2544 
7297 
10183 
12185 
11670 
7252 
1579 
6120 
5850 
9314 
3384 
5166 
12055 
6977 
482 
12854 
9101 
10691 
4778 
11504 
8950 
12662 
3061 
5189 
2006 
8155 
1299 
11123 
9943 
11427 
10514 
5865 
12413 
9196 
5782 
1921 
2301 
1981 
9762 
3035 
4898 
7222 
8811 
4534 
8731 
6953 
5846 
9612 
10590 
12460 
11053 
3570 
3349 
91 
179 
8369 
795 
2111 
10417 
5222 
852 
12318 
10989 
6979 
12543 
1587 
5294 
810 
2650 
6324 
1436 
8042 
3813 
11406 
4560 
6418 
7069 
1122 
8079 
7171 
10531 
9285 
10716 
6181 
7441 
1441 
11327 
8774 
11613 
311 
11149 
4424 
12795 
6798 
12411 
7044 
5595 
4906 
8649 
8617 
11224 
4024 
1041 
9677 
6619 
9962 
9336 
4131 
5181 
8188 
3935 
5806 
12276 
6754 
5305 
9283 
6660 
8853 
3403 
11766 
8709 
349 
3966 
5819 
3396 
6576 
37 
8436 
5896 
8531 
818 
12154 
3914 
11699 
9971 
2949 
6797 
12604 
7762 
1808 
9987 
11185 
955 
9139 
1976 
941 
12775 
9160 
2082 
8957 
9870 
9704 
4567 
7879 
2808 
7523 
10725 
4762 
4316 
8542 
3113 
10782 
9773 
2224 
12862 
2833 
9306 
10003 
114 
7690 
2241 
8425 
3639 
468 
839 
6098 
802 
9977 
619 
12571 
12576 
4625 
7896 
2370 
12494 
10354 
12781 
11819 
6602 
11010 
12558 
774 
5517 
2440 
6000 
573 
6283 
12974 
11426 
10472 
5411 
10146 
3187 
11162 
4815 
4558 
8664 
4156 
8844 
9446 
8080 
6981 
3165 
7065 
2528 
8951 
6369 
11791 
1733 
4725 
5140 
8592 
9638 
3901 
6812 
522 
9998 
2889 
7123 
853 
5339 
7939 
9467 
7269 
4383 
12043 
9184 
1999 
4621 
4009 
6153 
9170 
8049 
9110 
3726 
6750 
2237 
8796 
1347 
12566 
6900 
6938 
1489 
8523 
1181 
11462 
8831 
1458 
2015 
9942 
2130 
1454 
6535 
8472 
1439 
4948 
2511 
11286 
6498 
11913 
4080 
11508 
11679 
271 
8689 
9935 
5 
7440 
2478 
4359 
9847 
1182 
7942 
7196 
7847 
4737 
12359 
5124 
226 
9249 
8708 
2086 
12843 
895 
1555 
10921 
11359 
12087 
11207 
9356 
3929 
11521 
4498 
1549 
10333 
155 
8874 
3820 
12328 
4093 
4891 
4575 
5569 
12104 
1571 
7586 
7998 
8537 
7838 
11949 
7017 
1007 
3381 
6107 
5265 
6694 
5275 
6271 
7528 
1013 
12635 
7316 
3463 
2479 
7480 
6804 
678 
4207 
4 
696 
430 
5877 
441 
12058 
8968 
7232 
9748 
3628 
6270 
12053 
5645 
9099 
7894 
4126 
1588 
1040 
9053 
6254 
483 
10313 
8229 
821 
7620 
4627 
12431 
1915 
10026 
2380 
2213 
10635 
3265 
7001 
8776 
7219 
8156 
3926 
12542 
315 
1975 
1601 
7424 
7351 
9774 
3118 
66 
6668 
7097 
3295 
5117 
1160 
1765 
10363 
976 
5210 
993 
9945 
5762 
5310 
1204 
6362 
6170 
5213 
1869 
7696 
6858 
11583 
1117 
7580 
11127 
1680 
11914 
6678 
744 
5726 
3216 
8464 
281 
4749 
2412 
3294 
4872 
5417 
8814 
1292 
1835 
2674 
7616 
5649 
1758 
3651 
489 
1959 
6665 
7048 
3702 
3123 
3591 
8329 
12272 
7602 
10529 
10004 
2324 
9835 
4338 
230 
9617 
3379 
12141 
7517 
7067 
8129 
3800 
11871 
4602 
12202 
5202 
11898 
9579 
8875 
10803 
8186 
732 
8076 
10898 
4158 
6881 
12477 
2775 
99 
12362 
4550 
9964 
12998 
753 
10641 
9437 
12507 
11307 
2023 
183 
3320 
7062 
11304 
12070 
11000 
9151 
3244 
1376 
1431 
12151 
12186 
12243 
10211 
697 
6399 
3190 
5813 
7121 
3779 
10665 
5705 
2162 
4639 
2786 
10855 
12837 
885 
8276 
3687 
11633 
5412 
9636 
11953 
7118 
2192 
138 
937 
5858 
9510 
591 
8637 
3642 
10937 
11930 
3850 
5925 
4532 
876 
4921 
11771 
12497 
4265 
970 
12197 
1637 
3931 
11314 
10371 
11755 
4100 
2542 
497 
9750 
4618 
11028 
9721 
1019 
7988 
10616 
4218 
6920 
11853 
11140 
720 
4767 
2679 
12208 
2256 
6586 
2545 
1531 
8075 
6971 
9907 
768 
11732 
8891 
7995 
985 
10181 
1785 
2318 
406 
3454 
2121 
9652 
9885 
2266 
12964 
8809 
3185 
813 
4047 
4864 
2531 
3096 
548 
7113 
1918 
4122 
1331 
12113 
10421 
9346 
5997 
1818 
12511 
9343 
6398 
5008 
8627 
12248 
2593 
9296 
8945 
11440 
11325 
2012 
2096 
2864 
11410 
3198 
2522 
3134 
11277 
5839 
7356 
4849 
788 
7599 
4686 
11713 
6568 
967 
2816 
1100 
3560 
6548 
5977 
10429 
2145 
1806 
6656 
12377 
11213 
4054 
10285 
1138 
1542 
8114 
6193 
4337 
6001 
4718 
3161 
3267 
6888 
4793 
6145 
7694 
3460 
11118 
9572 
8101 
2891 
2359 
11001 
2819 
8925 
5720 
6893 
12735 
2149 
1801 
7560 
12081 
765 
4675 
6658 
809 
8300 
10625 
5953 
10433 
4427 
9778 
1836 
2172 
9080 
169 
2240 
2070 
11342 
10025 
2789 
10684 
12018 
7291 
8580 
1826 
569 
3936 
11180 
12353 
5547 
6700 
9609 
11432 
6431 
6549 
10772 
8576 
2329 
2029 
8557 
7956 
7777 
6755 
9939 
12626 
3531 
2525 
9310 
9115 
9269 
9601 
2351 
12771 
11445 
10463 
5074 
10785 
8741 
10630 
10681 
12540 
2736 
5525 
11907 
10905 
9689 
4123 
4345 
9424 
4533 
228 
8209 
1295 
644 
3060 
7739 
6532 
1713 
12847 
10207 
9072 
10582 
11912 
6356 
10062 
12282 
6250 
5017 
5037 
10060 
11480 
5098 
7626 
9015 
10259 
2321 
7502 
12116 
4861 
9716 
12107 
8567 
4503 
10835 
495 
1470 
2935 
11391 
7365 
12354 
10674 
7520 
5241 
12808 
2072 
10526 
12086 
6504 
10638 
11424 
5489 
11711 
5218 
1628 
9318 
11108 
4239 
2623 
10398 
1481 
8062 
5602 
12291 
5416 
285 
12200 
7218 
11362 
8085 
6182 
7210 
7349 
5999 
2621 
8437 
7322 
5456 
1078 
2309 
5961 
433 
493 
304 
11858 
7475 
11040 
7449 
8244 
4150 
10565 
8003 
8083 
6630 
3582 
10039 
8123 
289 
4365 
8995 
8198 
4972 
4844 
11109 
6413 
7734 
9926 
7944 
699 
4115 
2583 
3423 
1784 
3538 
2772 
11243 
598 
5837 
6374 
163 
7800 
9954 
11416 
10877 
1060 
9003 
1900 
6554 
7198 
4992 
2360 
4329 
11764 
4456 
4825 
1993 
1884 
2441 
3655 
2648 
12881 
5680 
9390 
9032 
5790 
2871 
10767 
6426 
4813 
2879 
1324 
11261 
9200 
12671 
10654 
10304 
6836 
11696 
9623 
3452 
5795 
4449 
5718 
6416 
4219 
3559 
7233 
936 
8886 
11077 
12192 
11154 
1438 
11435 
5504 
1949 
3144 
6844 
2108 
9702 
9377 
4518 
6292 
5207 
863 
11438 
10836 
12886 
11395 
2197 
1543 
10302 
8902 
649 
5951 
10632 
11566 
7870 
5480 
12281 
6327 
8066 
3596 
1805 
7063 
7590 
775 
7559 
2899 
1080 
9591 
8137 
7812 
5341 
4485 
6430 
2771 
3734 
4319 
1723 
12363 
8549 
5810 
9594 
8675 
1068 
12772 
3228 
10864 
12225 
10619 
5368 
5191 
5847 
11784 
3184 
8171 
9004 
11781 
6831 
11323 
3022 
2075 
10857 
3206 
4199 
6425 
4835 
11387 
7096 
6440 
113 
6943 
6341 
588 
10273 
10909 
1802 
4982 
2138 
6039 
2957 
6998 
7499 
4328 
6103 
2557 
10030 
10749 
10518 
948 
6995 
7249 
1710 
5369 
1386 
5272 
4411 
3146 
521 
831 
6546 
5007 
4166 
7107 
9248 
10958 
3212 
7916 
5162 
8722 
12131 
10580 
173 
566 
212 
4818 
6465 
7968 
2099 
3102 
282 
3296 
11492 
2283 
9922 
10406 
5592 
8762 
21 
5551 
919 
5234 
2930 
3744 
7769 
6887 
9707 
4249 
6338 
12984 
7764 
22 
3518 
7206 
10046 
1812 
8141 
12451 
1503 
5531 
6821 
3175 
6148 
10752 
637 
634 
9951 
11979 
10594 
11057 
12935 
6956 
6628 
7768 
6207 
294 
252 
5995 
3012 
2346 
5546 
12744 
5082 
3044 
1780 
10587 
2128 
3959 
7850 
2606 
679 
9280 
878 
2529 
572 
2912 
4376 
11107 
900 
1461 
4545 
3203 
1341 
10005 
5941 
1686 
3346 
12047 
347 
8001 
10115 
5716 
10488 
9204 
3670 
5190 
7375 
5130 
9146 
11115 
12001 
10936 
6967 
6277 
9257 
8454 
1467 
4946 
5423 
10952 
7029 
1052 
12690 
2272 
4747 
2830 
12462 
11459 
4842 
5381 
2428 
4900 
12699 
12821 
1045 
12706 
10522 
5215 
4162 
1245 
10647 
5091 
6584 
8088 
3116 
5984 
877 
8017 
6859 
8022 
1042 
9327 
8236 
12095 
11131 
6392 
9906 
1075 
7621 
543 
908 
8653 
1070 
6914 
1236 
11130 
6276 
6129 
4011 
6655 
11385 
12139 
454 
4658 
1158 
10059 
1878 
8344 
5550 
3811 
126 
4469 
4165 
2582 
8608 
4384 
516 
8517 
6452 
9019 
5459 
3951 
3222 
8904 
12152 
10731 
6018 
7919 
9247 
10549 
4175 
669 
8625 
11880 
10586 
6746 
9825 
2227 
3930 
11255 
6203 
1459 
4731 
10807 
10710 
12873 
1654 
3171 
3432 
4699 
6525 
5621 
10603 
7125 
2726 
7545 
7579 
7167 
11951 
6206 
9554 
1720 
9901 
11655 
7971 
3784 
9387 
7651 
4561 
564 
3380 
12454 
4374 
4552 
9629 
10543 
1377 
1142 
2598 
2353 
508 
10402 
5556 
7423 
9519 
10426 
2723 
10871 
10756 
7742 
6141 
4784 
1908 
6315 
12945 
11806 
6585 
11111 
7990 
11538 
5323 
32 
8077 
1264 
7875 
9637 
2603 
3662 
3410 
3472 
5875 
1816 
8250 
5650 
7544 
9659 
9312 
8685 
12267 
7524 
3197 
12857 
10841 
8488 
1656 
8590 
8591 
6226 
9414 
6978 
3111 
11558 
12591 
5648 
4187 
6376 
5895 
8538 
672 
10910 
838 
364 
10312 
1887 
9229 
8961 
4947 
8585 
11964 
10719 
12079 
9875 
3621 
5524 
3160 
7820 
11862 
5714 
8095 
12199 
7396 
12730 
8052 
238 
9614 
2132 
11025 
10926 
12789 
1906 
3131 
8690 
1428 
6747 
11874 
1902 
6298 
12814 
1018 
12111 
3277 
2394 
9319 
880 
10462 
12312 
9595 
4566 
3725 
11544 
6732 
3237 
6806 
380 
3633 
6336 
7989 
2564 
2607 
8483 
4486 
2818 
12065 
1081 
9726 
11742 
8473 
4881 
12014 
5754 
7390 
4546 
10562 
6309 
1961 
10583 
7173 
11984 
12400 
4638 
7110 
1870 
501 
5049 
5627 
6219 
8059 
2033 
6210 
2751 
653 
3705 
11735 
10134 
5156 
4280 
5653 
10916 
12137 
8624 
447 
11051 
10079 
10869 
9766 
3286 
1596 
3659 
972 
4482 
7611 
1414 
688 
541 
11596 
2744 
9618 
7090 
1176 
2549 
1012 
9640 
11889 
6493 
2499 
10737 
3846 
10987 
6901 
12846 
3151 
9474 
5324 
10122 
1003 
11383 
8604 
12802 
10450 
4305 
4987 
8339 
4573 
11352 
4794 
9218 
4754 
9802 
9671 
2205 
12975 
9695 
1267 
11955 
929 
1127 
10991 
4717 
11011 
2468 
3199 
12797 
2447 
1561 
2319 
9050 
7431 
6565 
10126 
1727 
12468 
11472 
2877 
2947 
8002 
8004 
2147 
11567 
7366 
11809 
8179 
8419 
5011 
2179 
5620 
10847 
6731 
6036 
12090 
2334 
7487 
9863 
12178 
6488 
9826 
5384 
11842 
11014 
10919 
6761 
8963 
4474 
7952 
2600 
7864 
10272 
10975 
1692 
443 
9067 
3866 
8757 
12994 
9761 
4741 
8345 
733 
3654 
3068 
7212 
8281 
4886 
10244 
11715 
9537 
1252 
6225 
2035 
12793 
6087 
11116 
1592 
12074 
12184 
12863 
739 
10507 
3007 
8975 
10263 
6306 
7532 
5526 
5115 
4453 
3684 
5427 
1609 
4683 
850 
8278 
656 
7912 
751 
5964 
213 
11837 
6779 
6025 
12813 
10604 
4565 
8756 
417 
6130 
6705 
10334 
8026 
5039 
9916 
9665 
5778 
9138 
8773 
888 
6409 
12943 
5050 
10566 
1171 
12828 
4417 
2787 
7643 
11859 
11096 
5921 
2785 
1833 
1061 
8805 
7581 
10528 
11845 
1860 
9861 
4884 
1578 
6422 
4266 
7826 
4259 
4758 
5242 
11906 
12188 
6829 
12948 
8011 
6885 
10056 
1615 
11605 
11298 
261 
12680 
12251 
5707 
7719 
960 
6350 
11597 
2178 
4702 
4001 
6417 
7981 
4398 
9653 
1795 
164 
12766 
4500 
6168 
625 
131 
2858 
2298 
381 
11203 
9719 
4980 
11398 
9781 
8744 
1623 
10372 
8271 
11635 
449 
8928 
10328 
4302 
1365 
12927 
12638 
5652 
1092 
3282 
4078 
3013 
5978 
11726 
7987 
8285 
2630 
6355 
7715 
10525 
11241 
5277 
11176 
5915 
11022 
2730 
1539 
12851 
1476 
11252 
9365 
6862 
5438 
2809 
12401 
9404 
2768 
3864 
225 
10585 
4792 
14 
2002 
7793 
11173 
15 
10701 
2693 
2610 
11627 
12987 
4594 
4494 
7165 
11333 
10058 
103 
11043 
4391 
10828 
9720 
4608 
1847 
9958 
1289 
944 
8868 
11552 
3977 
7867 
9070 
12515 
12996 
10578 
1652 
7299 
8115 
8230 
3300 
5404 
10467 
11694 
4712 
1302 
4052 
12235 
3975 
8967 
5448 
2643 
2862 
6305 
1396 
437 
11201 
5102 
8845 
3032 
12021 
4887 
4724 
1035 
870 
1090 
8827 
7199 
4738 
9396 
12620 
2653 
4324 
6329 
8261 
7969 
9174 
539 
12612 
3547 
10092 
2193 
5900 
2143 
1498 
10502 
9374 
12732 
6741 
10567 
1582 
6964 
5785 
11443 
12495 
3532 
2537 
7024 
9311 
9165 
6463 
5857 
8382 
10460 
9988 
3940 
781 
11175 
9368 
3142 
1852 
20 
10564 
3839 
12663 
7710 
8614 
7187 
6300 
9645 
9077 
5177 
7663 
8302 
11933 
10141 
12855 
3859 
2350 
4299 
8987 
963 
9066 
8560 
9194 
4577 
9895 
11311 
10125 
570 
2190 
727 
1371 
5612 
8284 
5869 
6186 
2393 
7737 
4029 
3636 
6851 
4303 
514 
9867 
11354 
7713 
10584 
7353 
2485 
3482 
4773 
12263 
12993 
626 
5056 
5462 
12892 
6349 
11125 
1507 
4386 
6064 
5908 
11142 
6908 
982 
1014 
7163 
6028 
5391 
9313 
11468 
11400 
8349 
8873 
9818 
10061 
11351 
4056 
10006 
4614 
7346 
1950 
9373 
3367 
2916 
4875 
8909 
11540 
4438 
9967 
1889 
7086 
10252 
2825 
9421 
6718 
4634 
4514 
752 
11335 
9676 
476 
709 
915 
7243 
4447 
412 
10047 
8571 
7244 
9876 
9931 
11959 
6367 
7899 
11308 
11039 
2062 
6827 
7670 
242 
4143 
6390 
3519 
4067 
5783 
5244 
906 
6050 
8974 
8180 
12516 
2615 
5733 
1647 
8706 
12997 
4715 
5724 
8373 
5784 
8629 
8991 
1434 
7445 
12648 
293 
3108 
4086 
4334 
12725 
8746 
10672 
12368 
12815 
7358 
5557 
4012 
2856 
12215 
109 
3769 
5483 
3956 
9254 
9975 
7623 
4473 
532 
12300 
10511 
10412 
8263 
12864 
12165 
11469 
3233 
11937 
8984 
3640 
4701 
11290 
11950 
149 
6211 
10172 
335 
10759 
856 
2467 
828 
6381 
366 
6304 
8998 
1565 
2285 
8781 
1490 
1829 
8854 
3210 
2217 
8822 
9782 
12666 
2951 
2536 
1511 
6325 
8096 
1563 
3477 
5019 
1669 
1004 
7726 
2397 
8529 
4568 
4828 
11143 
8391 
10394 
5867 
5598 
6384 
2995 
5912 
9486 
9307 
7201 
6640 
5766 
8270 
4759 
7644 
12756 
11940 
10287 
3731 
5485 
9183 
8496 
12559 
6933 
12142 
3706 
12759 
10124 
4721 
3305 
12761 
10538 
574 
11030 
9233 
2613 
12350 
198 
1747 
5520 
10221 
12130 
11137 
7682 
7600 
1798 
3557 
8956 
12096 
10881 
4145 
6229 
6391 
1208 
5874 
12536 
1486 
7160 
7147 
10729 
593 
9765 
3047 
6144 
9619 
12050 
397 
2073 
2074 
1494 
330 
2191 
6794 
11905 
2007 
12472 
4330 
11647 
5209 
2031 
6293 
7681 
9898 
9897 
9393 
5071 
12034 
5574 
5429 
2357 
6550 
5889 
1650 
6835 
3735 
2737 
10369 
8005 
8087 
9079 
249 
12853 
12348 
1228 
9535 
12038 
3059 
2100 
5261 
5410 
9981 
9503 
2364 
6035 
5129 
800 
628 
1 
8748 
12957 
8704 
8350 
12703 
3968 
1058 
687 
10080 
12347 
6410 
5075 
11271 
11516 
5357 
12072 
1776 
5122 
8962 
1047 
8516 
3100 
10310 
11499 
6875 
6860 
12914 
11817 
6886 
8881 
6611 
4450 
7787 
2962 
11561 
9293 
5686 
2013 
3913 
9394 
11573 
12138 
3082 
2472 
8111 
5022 
5798 
4405 
8626 
8605 
12258 
2159 
5861 
12476 
738 
2843 
7543 
5419 
11831 
833 
1241 
5906 
6057 
2322 
9651 
6813 
9308 
2497 
10448 
722 
12275 
10547 
3488 
9345 
11632 
9812 
3537 
2206 
12707 
1558 
2060 
8548 
10851 
3429 
3795 
1101 
6191 
9153 
5836 
1699 
7619 
8314 
12209 
12425 
9928 
4889 
7637 
1448 
12397 
12731 
9246 
7744 
6411 
6213 
12006 
48 
5661 
6495 
11722 
3918 
9147 
3528 
10687 
35 
12806 
6263 
4045 
8993 
11283 
990 
5936 
10163 
7462 
3504 
10342 
12455 
5223 
7185 
2766 
6139 
11897 
5092 
2878 
2228 
4120 
8414 
5610 
9534 
10902 
4781 
7974 
10449 
6505 
587 
724 
10742 
7583 
6588 
3401 
4117 
4034 
958 
2868 
6647 
7701 
1886 
353 
11661 
2853 
9037 
2586 
621 
5332 
10740 
11313 
7345 
6792 
8973 
10556 
3339 
3845 
6786 
8435 
5356 
9407 
7529 
6396 
7932 
11285 
4776 
5453 
614 
11568 
12763 
5286 
4176 
12917 
933 
5932 
3027 
12685 
5777 
4800 
916 
10479 
4035 
10911 
6637 
3011 
9973 
9116 
2813 
9291 
2196 
8948 
43 
9429 
5186 
5482 
7216 
6878 
2509 
7304 
731 
12768 
11565 
374 
4495 
6284 
4539 
6142 
1361 
7878 
60 
11165 
158 
216 
4402 
4751 
4975 
12264 
1807 
11579 
12110 
2249 
1803 
6394 
368 
8644 
4757 
3110 
12592 
7585 
3593 
12949 
480 
11399 
11535 
12032 
199 
4698 
12527 
11085 
11146 
12046 
122 
8939 
10420 
3578 
4551 
7373 
9580 
12893 
9093 
9107 
7399 
3459 
295 
1641 
1479 
3567 
12453 
1304 
6551 
9685 
5315 
1850 
835 
11288 
9195 
3117 
747 
10418 
6032 
2136 
7556 
7261 
9331 
9894 
6614 
3860 
1648 
8979 
322 
11653 
6861 
7235 
909 
6969 
4243 
11523 
2076 
9279 
7483 
257 
4909 
9874 
1691 
3159 
4942 
11206 
107 
1157 
5355 
1483 
4644 
6162 
2081 
4878 
2779 
928 
7512 
10241 
11710 
8176 
11974 
6849 
4335 
4296 
7195 
640 
12310 
5704 
11302 
9000 
1722 
7354 
2556 
7861 
7209 
5904 
7251 
7002 
7 
4404 
12947 
11994 
5373 
6116 
6596 
3604 
1621 
10168 
7152 
7903 
4367 
7796 
1125 
10320 
333 
10741 
8583 
7100 
1258 
10233 
9335 
6857 
12661 
286 
5775 
11332 
9655 
5387 
9654 
4745 
11434 
6730 
2434 
9903 
2093 
9521 
2420 
8444 
314 
8456 
8372 
612 
10387 
3093 
9149 
7257 
2637 
3939 
3888 
5024 
8997 
6135 
7245 
12835 
3989 
4314 
910 
6769 
8758 
5898 
8777 
1249 
6594 
8599 
4071 
600 
2538 
3328 
7194 
4620 
12737 
6274 
11267 
9473 
7394 
10656 
6033 
5450 
7780 
4817 
858 
10824 
11009 
421 
2655 
4128 
12088 
8808 
10103 
5579 
7228 
10805 
1687 
8582 
1868 
12944 
7661 
5484 
4412 
10401 
10770 
5258 
7996 
7051 
5004 
3790 
3934 
10190 
11417 
11448 
209 
1023 
8785 
11121 
11490 
682 
12564 
11254 
9731 
1735 
6809 
8837 
10733 
408 
10588 
1462 
6163 
3759 
4016 
8527 
606 
8325 
6924 
12545 
7059 
9162 
12952 
3330 
8394 
1242 
253 
9851 
6377 
12424 
7745 
305 
1288 
10156 
8852 
9551 
8497 
12098 
4193 
12791 
9021 
11804 
4151 
2331 
264 
622 
2119 
9628 
3163 
9828 
7798 
9347 
3957 
1297 
6176 
4584 
8944 
3251 
2733 
6313 
1714 
1612 
860 
10378 
4743 
4913 
6053 
8220 
1762 
3624 
8520 
10993 
1905 
935 
7553 
9131 
5027 
6987 
3637 
3831 
3149 
1632 
7308 
1865 
1282 
857 
6912 
3818 
2373 
3638 
3311 
10261 
3493 
3226 
94 
9156 
12399 
2157 
3231 
3708 
8352 
11155 
3290 
6439 
10563 
1791 
9783 
7994 
5201 
9191 
444 
1248 
1705 
5642 
2487 
137 
4017 
8376 
1603 
8792 
2662 
4633 
920 
2569 
6124 
6723 
1985 
11513 
2910 
8832 
7474 
2713 
4025 
10318 
11843 
10814 
7722 
1445 
5893 
3510 
1397 
3450 
12867 
9957 
3069 
9169 
4487 
9843 
9755 
1321 
7056 
4786 
6383 
1676 
11821 
10271 
8040 
9729 
511 
9468 
12253 
10839 
12217 
8663 
4593 
3106 
3350 
988 
3686 
9245 
6002 
59 
8245 
8048 
10817 
1685 
6863 
10331 
2278 
4119 
6736 
12574 
378 
2988 
8683 
3462 
181 
7279 
10677 
8937 
11720 
9024 
7589 
5466 
8031 
6529 
9294 
5692 
1404 
11877 
3067 
79 
2061 
12531 
2208 
6926 
2665 
7128 
12155 
11825 
4805 
5015 
3825 
8116 
7738 
10779 
4823 
1418 
938 
7469 
4217 
2826 
5230 
12740 
7361 
7555 
3433 
12016 
3867 
1540 
11365 
6436 
11777 
7566 
10924 
10612 
3906 
7911 
229 
8964 
8641 
4208 
12532 
12009 
6136 
36 
9108 
6635 
7115 
9736 
5187 
5363 
3257 
1586 
3364 
10082 
1703 
3256 
12132 
10317 
5615 
807 
9262 
3437 
5214 
10976 
12784 
332 
8838 
3154 
127 
4703 
5158 
8044 
1635 
2263 
11917 
8940 
8563 
8687 
6190 
4403 
9014 
6393 
9844 
146 
3467 
1863 
12444 
7040 
8202 
7463 
1955 
8010 
7845 
12146 
2783 
3728 
4501 
4630 
2057 
5303 
4311 
10254 
3923 
4989 
10109 
8926 
1989 
10811 
11923 
2559 
12963 
11956 
5566 
2893 
2911 
3520 
1916 
7965 
11532 
11615 
11595 
9016 
6042 
8218 
10512 
1059 
9592 
7005 
6729 
846 
1167 
5710 
11669 
2740 
8532 
11967 
9282 
11202 
3275 
6102 
7153 
11144 
7104 
10859 
104 
12305 
5665 
11060 
6195 
12436 
10178 
9586 
331 
12108 
9359 
10099 
3031 
4547 
8297 
3873 
2558 
10778 
561 
1767 
8406 
7320 
11674 
10766 
11262 
11441 
3749 
1405 
4442 
11065 
1460 
2512 
3055 
7773 
11019 
458 
6492 
9956 
4049 
4283 
2333 
7596 
8860 
4445 
11147 
11240 
24 
2088 
11095 
6669 
5128 
842 
1717 
1109 
7027 
12658 
2601 
2861 
1136 
2902 
10966 
11646 
4399 
882 
11250 
8920 
11484 
10248 
7641 
10347 
10451 
2647 
5296 
8428 
4181 
10537 
1015 
3612 
1646 
2436 
153 
4270 
19 
12044 
3827 
9124 
11027 
9865 
11849 
211 
7515 
6094 
7930 
6985 
10336 
10823 
2851 
2967 
10561 
2396 
1962 
10358 
2639 
12805 
2475 
11153 
6109 
10380 
8447 
10887 
10067 
9952 
4993 
5077 
3040 
11779 
3181 
3020 
3170 
6690 
3840 
5457 
9611 
11355 
8018 
12287 
4191 
3937 
7751 
8153 
9109 
5246 
10297 
6034 
144 
11719 
10098 
3751 
6778 
11796 
10775 
6340 
7771 
10151 
12000 
3124 
4103 
2280 
685 
7860 
5224 
7891 
11866 
8862 
7775 
2948 
5206 
9699 
7240 
9224 
5561 
3054 
11971 
10284 
6762 
7283 
3592 
12858 
9502 
10076 
8187 
11117 
1351 
3656 
7833 
6558 
6948 
9504 
10849 
11369 
8333 
4949 
2850 
4548 
12639 
7759 
1199 
12051 
9119 
1196 
12528 
6990 
1107 
7934 
3969 
3264 
1134 
6616 
8554 
11541 
3442 
4073 
4271 
10265 
778 
2937 
9660 
8449 
2204 
11838 
11829 
6696 
8616 
3536 
6247 
8417 
1619 
6510 
2667 
10148 
7369 
5603 
932 
8716 
805 
1077 
9104 
10888 
9583 
6319 
4958 
12126 
2609 
11704 
12166 
11571 
9333 
11003 
1505 
987 
3732 
10102 
3511 
2708 
12167 
3023 
12254 
13000 
1740 
12621 
9819 
4214 
2510 
5380 
239 
5567 
1112 
1083 
7540 
1707 
11205 
12999 
1895 
5407 
11299 
5682 
12407 
5891 
8266 
7721 
2571 
8387 
6044 
3439 
6877 
10498 
4055 
10131 
4142 
7168 
5622 
881 
2596 
9531 
7158 
1725 
2732 
12594 
1639 
8717 
9040 
5318 
6539 
11178 
12346 
28 
7510 
8959 
2137 
7752 
1031 
1876 
9587 
5583 
7045 
10138 
9597 
535 
9487 
3722 
5913 
627 
9136 
10374 
12228 
1283 
8260 
10338 
2406 
519 
11826 
4684 
9779 
1050 
6561 
10649 
3086 
2311 
143 
7784 
1574 
5588 
2003 
9883 
7137 
4714 
9950 
6323 
11560 
8024 
8322 
4596 
1885 
597 
7570 
9913 
9563 
10653 
7124 
6687 
7068 
12922 
12765 
8989 
11688 
4185 
10519 
3172 
2640 
9481 
2550 
4585 
8815 
12530 
50 
258 
11449 
488 
4937 
3344 
7522 
2692 
2021 
6395 
11932 
12991 
12651 
6060 
12890 
6407 
2 
11607 
5656 
4576 
3207 
8922 
30 
10500 
1308 
1010 
1284 
10784 
4526 
11978 
8223 
12320 
9090 
8283 
855 
8789 
4934 
5440 
3289 
5433 
6438 
4637 
3938 
10596 
5252 
1024 
452 
4544 
8312 
10095 
6775 
1482 
8667 
9150 
5127 
9574 
8698 
8879 
12593 
6942 
6451 
638 
7629 
12986 
6070 
6818 
10995 
11725 
12294 
5743 
11235 
3803 
4256 
5043 
5088 
1250 
8615 
10853 
8047 
2366 
9657 
2992 
8037 
1519 
2307 
7551 
3568 
12829 
11762 
10695 
11458 
1947 
11527 
4097 
4964 
1272 
6486 
11038 
6764 
3658 
343 
5866 
3495 
7642 
11968 
3720 
10215 
11886 
7470 
10226 
1522 
3234 
766 
10761 
7172 
4395 
2148 
4769 
9884 
10349 
11839 
12693 
12461 
202 
1605 
5952 
684 
11425 
4429 
2876 
9477 
7049 
11073 
11466 
8620 
2917 
6882 
773 
8324 
2080 
2305 
1822 
9097 
3418 
2943 
5669 
994 
11772 
2170 
9713 
956 
10208 
11770 
755 
4051 
10928 
3830 
10545 
4537 
8298 
9038 
10356 
2243 
9646 
7498 
4497 
12486 
434 
11343 
8526 
10476 
1192 
10945 
9684 
2803 
9712 
12367 
2203 
11706 
7079 
8106 
4437 
4465 
12420 
1524 
1620 
2422 
3855 
7336 
761 
3903 
11986 
9644 
10527 
3693 
9300 
6724 
8289 
6253 
12827 
10337 
1046 
1276 
9512 
5220 
240 
4716 
2004 
5584 
2898 
6445 
871 
9470 
12933 
2923 
10802 
7622 
594 
11397 
6950 
2382 
11017 
6299 
4530 
8927 
7418 
5712 
1607 
6076 
2970 
11429 
6808 
3676 
2391 
3736 
6708 
5540 
8655 
5470 
1810 
2316 
12586 
11087 
10344 
5658 
2085 
11883 
11360 
9304 
7436 
9044 
1769 
12603 
3919 
8958 
666 
411 
12985 
995 
85 
3236 
7884 
12439 
4425 
251 
5200 
1745 
7627 
7000 
4003 
12723 
9187 
8694 
3406 
5487 
3431 
11816 
2753 
8850 
318 
12389 
1910 
338 
11045 
11944 
150 
2663 
5594 
11740 
9524 
2327 
715 
6765 
2024 
2886 
9442 
3183 
5892 
6158 
11129 
3189 
571 
9550 
527 
8097 
12257 
1202 
2457 
6194 
7941 
2374 
2254 
12158 
4865 
2166 
7028 
9549 
6542 
7960 
7831 
4186 
7398 
840 
630 
6038 
3780 
1741 
6636 
4396 
1073 
8820 
2345 
10105 
6662 
177 
980 
8249 
7247 
2097 
11319 
6428 
11210 
11687 
868 
5465 
10985 
6869 
11139 
2455 
10129 
1782 
7635 
11509 
6772 
2295 
6675 
4697 
10232 
317 
3944 
11058 
8955 
2498 
7203 
5772 
4918 
5005 
11553 
12292 
11758 
9813 
12169 
5361 
7278 
5987 
400 
4885 
8883 
11059 
313 
7805 
9794 
6282 
2994 
4808 
3990 
5452 
10116 
9030 
4595 
10315 
5946 
1028 
1866 
8676 
11703 
385 
10755 
2597 
8468 
6205 
5362 
5578 
3268 
2341 
6261 
10848 
2101 
4700 
7422 
7601 
6085 
7457 
9238 
794 
4704 
8646 
5832 
9209 
7634 
3814 
8635 
4840 
1333 
6793 
3392 
9992 
10489 
5596 
8330 
590 
11356 
8846 
12541 
8015 
6520 
7393 
898 
1901 
8999 
11620 
10953 
6582 
6566 
12758 
2363 
9223 
5585 
3680 
10894 
4939 
1530 
3372 
8256 
8816 
3281 
7979 
6499 
5455 
3465 
2465 
9274 
3128 
2942 
2282 
3469 
1796 
3186 
9511 
12230 
9538 
4353 
12978 
10383 
2508 
9490 
979 
9938 
4244 
4871 
6354 
10743 
2314 
2134 
278 
1830 
159 
6852 
4137 
10431 
2731 
11931 
989 
7465 
8226 
9613 
2914 
2625 
1939 
10920 
6680 
7568 
2215 
4377 
2427 
7649 
1193 
1520 
10678 
10711 
2390 
8404 
5229 
12361 
3366 
8238 
9841 
6564 
10256 
3851 
8971 
3306 
10621 
12895 
10640 
11097 
1139 
4170 
10889 
1591 
2797 
12274 
8089 
2087 
9854 
1453 
10086 
1239 
5919 
5326 
11517 
2040 
11800 
11481 
6719 
3073 
9449 
763 
8674 
10806 
9838 
4132 
4250 
6346 
959 
8572 
1359 
9797 
9375 
11447 
9678 
3921 
1696 
3449 
1488 
2443 
3878 
7477 
3672 
11502 
6015 
7785 
4261 
2110 
2416 
5586 
3080 
6744 
6509 
3501 
2225 
7410 
5263 
8648 
5558 
3601 
4110 
23 
4811 
8148 
11648 
5164 
7917 
9182 
11473 
5549 
10521 
9688 
1128 
515 
5247 
7467 
10222 
2543 
2712 
8133 
10998 
9624 
6357 
3326 
8028 
2778 
12327 
6945 
7315 
11739 
2594 
2773 
2055 
7946 
10043 
8723 
8103 
8502 
830 
8761 
5852 
11192 
11591 
8858 
4728 
1849 
7765 
11021 
11420 
7200 
4044 
2460 
1231 
11306 
4666 
6481 
11266 
10033 
4901 
7806 
2812 
11093 
4432 
11068 
11893 
8262 
10425 
8254 
3015 
11103 
8071 
700 
12533 
9791 
4824 
3090 
10041 
2342 
10228 
9496 
11217 
1322 
862 
9837 
7834 
10494 
4803 
12127 
9980 
9615 
5150 
11487 
4457 
5536 
10432 
7295 
4212 
3910 
457 
9239 
5631 
6559 
10162 
5599 
12349 
7307 
2801 
1963 
7145 
205 
5573 
3071 
6080 
10230 
10010 
11598 
9316 
11749 
8630 
824 
10466 
9334 
5831 
8893 
6378 
2673 
9584 
9395 
1198 
4124 
4320 
7718 
8495 
8877 
4366 
9482 
8887 
12896 
11500 
4209 
10050 
6177 
735 
7176 
7724 
9023 
12728 
6838 
1247 
4247 
5235 
4601 
3786 
8619 
641 
12659 
2214 
3445 
10715 
1790 
7953 
762 
6605 
12647 
6993 
9027 
10169 
2171 
12448 
10266 
12831 
4695 
1478 
9256 
10415 
6557 
4978 
306 
7220 
1097 
7310 
1512 
5095 
8286 
4318 
12969 
2150 
9948 
6314 
9154 
5454 
4777 
8403 
3227 
13 
11006 
7497 
4578 
4471 
9686 
2184 
9675 
3182 
11548 
9635 
11869 
10101 
287 
6768 
141 
5758 
8057 
986 
11236 
4667 
1224 
1770 
4022 
499 
4141 
1817 
8204 
12092 
3896 
7134 
2717 
9330 
2459 
3229 
10469 
334 
887 
6201 
10292 
5051 
2400 
1303 
7355 
3842 
11915 
3030 
6373 
9969 
3400 
9007 
8631 
3285 
1055 
721 
8797 
5922 
7698 
5192 
5979 
3902 
4553 
7022 
8810 
8994 
11723 
10918 
6005 
12033 
8100 
11460 
8692 
7447 
1569 
2419 
2446 
7032 
10455 
8750 
6264 
3653 
1449 
9673 
12204 
3892 
10917 
10895 
2052 
5099 
2579 
2926 
7703 
6958 
12972 
10214 
247 
7818 
68 
1440 
11507 
3724 
11657 
9213 
1972 
10982 
7208 
964 
9536 
2959 
4838 
6222 
3079 
9337 
11546 
7192 
1159 
5336 
3802 
3598 
3335 
11376 
3196 
10988 
11324 
7659 
2617 
1521 
665 
8173 
10589 
10679 
168 
4031 
9681 
1568 
12428 
11488 
12838 
651 
547 
5096 
12708 
12645 
7885 
5282 
8128 
11609 
2270 
507 
8981 
10810 
758 
6184 
4984 
9725 
7253 
6069 
2823 
9991 
11439 
8782 
10016 
11602 
7539 
4902 
5494 
148 
71 
5046 
329 
3984 
11702 
2642 
5278 
4390 
11161 
9780 
2133 
4873 
3566 
7420 
382 
3297 
4722 
4791 
12373 
4089 
5233 
10458 
5033 
5193 
796 
7605 
11450 
5322 
3292 
4830 
339 
10465 
10834 
5708 
12672 
7092 
2548 
4091 
4279 
10533 
2934 
6575 
2588 
1374 
2903 
1932 
11851 
6052 
4763 
4572 
8712 
1079 
5751 
3337 
5683 
6692 
12201 
859 
4876 
5422 
804 
12668 
6592 
10840 
7088 
7377 
1357 
2268 
6347 
12709 
2757 
5139 
579 
8259 
11641 
10174 
8307 
10574 
500 
207 
6441 
12309 
2938 
2365 
2728 
5217 
11621 
12769 
2979 
1545 
12885 
1576 
8871 
1840 
5974 
12882 
9036 
708 
7584 
6189 
1875 
5388 
7562 
624 
6484 
11519 
776 
10357 
12508 
8778 
4837 
11029 
6892 
4033 
125 
4479 
6902 
12224 
11482 
6051 
10746 
6533 
10471 
6497 
6620 
4912 
10505 
3255 
3682 
6027 
5157 
3904 
10001 
11774 
861 
11827 
171 
5679 
4008 
9100 
10243 
12505 
3089 
3789 
10515 
4957 
11442 
8511 
7656 
11810 
705 
156 
3689 
10867 
8316 
11477 
3274 
8977 
8812 
12546 
9098 
790 
6944 
759 
6603 
10738 
5446 
459 
3438 
403 
8402 
4484 
2918 
5804 
9983 
9523 
1506 
12880 
9911 
10868 
7433 
4490 
3417 
2473 
2734 
354 
10013 
6686 
11158 
1544 
2874 
3916 
7628 
310 
3314 
1180 
2846 
8552 
9009 
9341 
11514 
4230 
1606 
8294 
9185 
8246 
1940 
3671 
4507 
10071 
991 
3500 
5123 
10808 
10819 
12080 
11659 
2827 
11452 
8710 
7691 
10160 
7162 
1332 
9243 
5698 
9031 
7835 
3261 
9703 
10606 
2293 
8287 
4130 
10119 
9349 
7339 
4169 
4928 
2936 
10260 
1729 
12615 
12562 
4944 
3991 
6296 
2568 
6363 
2267 
10944 
248 
9547 
12343 
9562 
7821 
7858 
5378 
3048 
1447 
2832 
6332 
4246 
9866 
5625 
2181 
9976 
2219 
12244 
4651 
5153 
3358 
193 
7479 
5975 
2155 
8486 
647 
6084 
3404 
2289 
12480 
11965 
6040 
4569 
359 
8947 
5169 
7370 
2645 
12929 
8051 
8185 
10438 
8941 
1920 
4517 
2513 
8384 
369 
8575 
2279 
6450 
1469 
8252 
5916 
6312 
11292 
12321 
825 
4735 
5425 
11219 
12319 
10229 
451 
4880 
10963 
4933 
12232 
1516 
9896 
12606 
10642 
401 
2102 
11606 
8214 
12889 
5081 
1466 
5134 
11388 
3741 
200 
9034 
8917 
3561 
1694 
3688 
10277 
1412 
5611 
5552 
6608 
611 
5374 
10615 
12247 
1318 
5587 
4360 
2448 
6663 
8671 
9846 
7576 
9391 
11846 
11631 
8296 
6265 
10967 
1114 
6232 
1930 
9360 
551 
9381 
10793 
10571 
6986 
1728 
9824 
4421 
12375 
5629 
4809 
12503 
7326 
6615 
3150 
5085 
10714 
3419 
12748 
7822 
8476 
3893 
10111 
12809 
7678 
10270 
3249 
643 
4720 
1086 
3949 
1072 
2633 
12392 
4455 
3193 
12916 
12557 
105 
5176 
2091 
5065 
4923 
9603 
358 
12150 
10727 
7471 
6021 
4215 
5613 
9767 
8715 
4313 
8880 
10282 
5197 
6268 
5216 
12114 
1307 
8054 
11649 
5228 
5463 
9448 
124 
3663 
6788 
7309 
11506 
8512 
12005 
3603 
6702 
4094 
9768 
7357 
2540 
96 
11904 
8277 
9117 
5118 
3078 
4959 
4363 
5403 
321 
2869 
4563 
2211 
11336 
2824 
10258 
11239 
3004 
502 
1416 
9 
9351 
4579 
897 
7255 
3941 
7533 
11071 
6930 
1348 
4521 
55 
5688 
6501 
1426 
4961 
10351 
1269 
6223 
12168 
12794 
930 
5495 
5240 
10893 
3024 
5815 
5872 
10321 
7395 
10821 
6260 
5660 
10246 
1622 
4211 
11401 
6173 
5917 
12052 
12344 
12678 
8686 
6756 
7091 
8217 
12308 
5907 
6699 
6531 
5600 
7949 
11090 
12238 
11035 
5864 
9529 
5505 
712 
3025 
11101 
10532 
645 
11433 
3661 
7843 
4015 
4121 
12384 
3997 
4926 
3707 
9787 
8135 
12825 
5068 
8084 
3162 
5939 
7106 
7302 
12729 
8766 
1021 
12589 
3112 
801 
496 
2987 
10049 
7230 
7951 
12273 
5253 
11999 
1556 
8242 
12724 
11693 
11310 
10329 
10650 
12170 
5614 
1997 
5002 
4899 
5732 
1140 
1724 
12588 
4679 
9157 
5501 
11683 
3996 
12069 
6646 
3066 
2844 
10568 
8405 
11076 
1104 
9968 
4241 
816 
10845 
5375 
6049 
610 
5825 
418 
3224 
8150 
1119 
8966 
3801 
8772 
1613 
1937 
4323 
6421 
9506 
4184 
3223 
1931 
4220 
4938 
808 
11367 
9045 
2154 
8900 
7674 
363 
5345 
3947 
4109 
10091 
4351 
206 
8759 
11230 
5542 
11786 
2326 
12022 
4904 
9320 
10792 
4556 
2997 
7783 
4327 
9822 
11734 
6854 
5111 
11227 
3816 
609 
470 
12785 
1178 
7290 
631 
8544 
10475 
4990 
3373 
5753 
1129 
10306 
7654 
3822 
8691 
191 
10682 
3660 
10540 
1984 
5863 
1800 
4040 
3908 
10748 
6433 
12277 
1415 
12236 
303 
11868 
2929 
10833 
4603 
8194 
325 
8923 
10353 
1345 
4492 
12356 
529 
1982 
7910 
6237 
6473 
3413 
6467 
6522 
11164 
10570 
4631 
2913 
3608 
3248 
8855 
12946 
5016 
8566 
8632 
12467 
10690 
492 
6454 
6715 
11592 
12636 
1082 
10880 
4408 
615 
8233 
7143 
2005 
6231 
7902 
1655 
8320 
8356 
635 
3385 
9379 
5605 
11902 
10799 
4114 
12061 
8374 
92 
4753 
11970 
3806 
8892 
1898 
2518 
12683 
5750 
6766 
12340 
10520 
4139 
10203 
4373 
3466 
5348 
5690 
2752 
1941 
10663 
5998 
8825 
866 
4664 
3625 
8559 
8273 
384 
4287 
6745 
4660 
4910 
8768 
5830 
8718 
10000 
8798 
121 
12607 
1923 
6622 
1113 
9178 
12409 
2284 
9666 
5360 
7664 
8381 
7379 
6068 
7514 
8166 
7735 
4020 
1853 
139 
3361 
4125 
1614 
7324 
7054 
2344 
7382 
6464 
2152 
10364 
1645 
233 
12537 
10253 
490 
8347 
2011 
2838 
750 
6865 
2146 
5699 
10012 
952 
6010 
12395 
4085 
1572 
9469 
2796 
11911 
4668 
10962 
8139 
4761 
11601 
9542 
7617 
3009 
5342 
3763 
5211 
4101 
11629 
11555 
6487 
6516 
7442 
3987 
8068 
3043 
6424 
12059 
11052 
3352 
904 
