14000
10088 
3666 
1802 
2855 
3506 
9194 
12749 
13402 
3621 
12983 
12158 
2108 
1171 
611 
7275 
1660 
2440 
9882 
6785 
8821 
13610 
3441 
5201 
9992 
12412 
8971 
4714 
709 
11291 
7409 
10082 
9897 
12253 
2475 
4691 
1481 
4369 
6342 
13043 
12843 
2637 
12719 
8737 
3850 
6209 
6841 
10018 
10519 
10284 
12429 
10672 
8170 
2031 
1224 
4180 
5016 
11503 
11309 
6012 
3028 
1870 
2419 
13359 
8553 
3624 
5553 
12478 
9337 
1948 
4927 
10056 
4499 
2487 
5130 
4639 
8513 
950 
9525 
853 
2370 
2335 
465 
11655 
4630 
7241 
7594 
11372 
13342 
10654 
3768 
311 
13871 
5596 
5167 
13648 
10202 
8178 
7820 
12379 
11233 
5499 
1900 
3443 
2446 
7109 
5665 
6380 
7171 
9943 
4065 
11841 
7166 
1060 
10633 
5920 
3508 
6124 
2780 
6530 
146 
5469 
7079 
10166 
13769 
13187 
2785 
12806 
3623 
10305 
5476 
4166 
10769 
8211 
3332 
8819 
13197 
2044 
1873 
7418 
5521 
12594 
3256 
10705 
7688 
1931 
1686 
6847 
3359 
2859 
11467 
9542 
3521 
6041 
9036 
11599 
4450 
12824 
7871 
6561 
11364 
10568 
8463 
6629 
6207 
8444 
7555 
10307 
2558 
3392 
4757 
8142 
11094 
1004 
13862 
5844 
10061 
12911 
5922 
8214 
13505 
7956 
9373 
11324 
8935 
11816 
12320 
13456 
9989 
11518 
13491 
7551 
13333 
10533 
13907 
11936 
5168 
1949 
12147 
9699 
6550 
8734 
12541 
8033 
7433 
13284 
1635 
131 
11953 
13636 
7876 
13503 
4201 
10150 
1658 
13608 
3913 
13488 
11810 
2768 
3887 
8581 
5696 
11138 
3845 
11308 
2137 
8604 
10783 
2741 
11494 
13319 
13623 
13294 
10690 
8700 
9085 
180 
8307 
10491 
7844 
5911 
2656 
8488 
7898 
1823 
13521 
9234 
2538 
8937 
7897 
8517 
13026 
6269 
9683 
7702 
5452 
12164 
12784 
7135 
11474 
6247 
11043 
6079 
4968 
9101 
8627 
4748 
12850 
510 
8280 
2334 
13400 
3766 
13649 
4320 
11724 
3871 
10807 
7766 
12235 
5048 
10674 
11197 
7582 
3808 
13476 
6684 
11074 
5764 
6662 
5780 
11279 
4275 
3898 
7070 
10882 
1962 
2323 
1719 
11553 
8438 
4847 
13054 
13711 
12502 
13337 
2223 
9148 
2058 
2377 
1771 
7277 
3487 
1230 
7481 
5688 
7934 
9447 
3999 
8041 
12496 
901 
6856 
8725 
8242 
5396 
10249 
4720 
9730 
12980 
12018 
2171 
5468 
8265 
6902 
578 
8295 
9215 
13271 
4979 
2286 
11892 
7700 
8222 
2142 
12380 
766 
4171 
12766 
12607 
8126 
12208 
4574 
3275 
13601 
8281 
11908 
10297 
1623 
12230 
2907 
2202 
10383 
1489 
13771 
9776 
4605 
10756 
4423 
11765 
5601 
3554 
5791 
13275 
13941 
9196 
8340 
1030 
7567 
9799 
9560 
1927 
6567 
13826 
3333 
11195 
12318 
9839 
6789 
1314 
5191 
10436 
13723 
8144 
4551 
392 
7489 
6334 
5036 
3130 
11139 
10631 
2813 
10078 
10629 
6891 
8372 
11848 
7626 
8788 
13787 
10795 
8782 
32 
10108 
5731 
12449 
11946 
11288 
6642 
4179 
8387 
5446 
3903 
12040 
2493 
13933 
3030 
13377 
8712 
7572 
11307 
3292 
13446 
8292 
1700 
7990 
12223 
942 
6668 
11243 
8113 
5576 
10290 
11754 
13312 
6755 
9281 
3371 
7603 
12045 
28 
7162 
5803 
5271 
569 
12007 
13519 
9222 
7662 
368 
1676 
11684 
12145 
13549 
5056 
4518 
7965 
1874 
11893 
11294 
12029 
8732 
9311 
2702 
7936 
4012 
110 
3877 
2988 
6676 
8451 
7083 
6749 
536 
10047 
4460 
11777 
8864 
7021 
7997 
1018 
3034 
2421 
7708 
12050 
903 
8358 
707 
10343 
251 
13496 
7801 
2112 
4420 
3393 
9995 
11699 
8679 
964 
1099 
1495 
13637 
1014 
12474 
9124 
11864 
11637 
12930 
10560 
11105 
2624 
4596 
7233 
2460 
4139 
4388 
6594 
12735 
370 
8290 
12203 
4607 
8965 
9821 
13937 
1064 
10098 
7646 
6459 
5123 
2059 
3317 
6008 
9553 
613 
12620 
5024 
11476 
9255 
13547 
2774 
11557 
5321 
6196 
7256 
596 
1514 
2480 
7525 
973 
10206 
9514 
10763 
6357 
4247 
7972 
4164 
7107 
12643 
10817 
13317 
10106 
4855 
7581 
12795 
10899 
13304 
7678 
3166 
2136 
3493 
13000 
11290 
2563 
5779 
7925 
13354 
3594 
11152 
7798 
2476 
7077 
3701 
6673 
19 
1094 
13506 
11535 
11419 
7598 
9361 
2184 
13315 
9614 
183 
1214 
2217 
2726 
2887 
10020 
10600 
9750 
8998 
5206 
2517 
5954 
3093 
13618 
13970 
1919 
9973 
681 
12694 
1402 
521 
1199 
12987 
10544 
734 
445 
13213 
9351 
11885 
5769 
2671 
819 
30 
5906 
6643 
1143 
7371 
7058 
11540 
5427 
10369 
11269 
1178 
5153 
13326 
11142 
6293 
5237 
12125 
12142 
993 
12234 
9117 
13799 
8908 
1744 
9426 
10016 
3226 
13069 
10303 
10784 
2719 
1378 
1869 
7564 
4040 
13576 
4645 
1620 
1335 
6230 
6049 
7158 
6845 
7217 
11039 
2444 
9412 
6975 
1324 
11155 
2674 
7004 
11429 
1866 
2716 
12741 
3969 
1164 
10183 
8415 
10657 
2923 
9503 
13895 
690 
4466 
8043 
6409 
11634 
2159 
5919 
1917 
4984 
8296 
3246 
3966 
6466 
13444 
10352 
8272 
13438 
3031 
6158 
8015 
11048 
375 
43 
1569 
12566 
420 
8758 
5775 
410 
2966 
1237 
2349 
13881 
738 
1740 
1819 
3230 
10858 
4724 
4467 
925 
560 
984 
5908 
4787 
12399 
13423 
13805 
3377 
128 
9287 
13003 
13743 
8614 
10195 
10419 
12143 
1655 
13036 
7462 
3290 
11055 
11054 
7382 
10094 
9464 
2299 
11416 
5567 
9262 
516 
12778 
4123 
10353 
8022 
5 
926 
1219 
12500 
8029 
1357 
2111 
7051 
5677 
1988 
9724 
7604 
13033 
8579 
8449 
10220 
7746 
9860 
9798 
9603 
1974 
1690 
12445 
11346 
7206 
8115 
831 
11466 
9465 
10514 
13546 
5546 
307 
12629 
3192 
4509 
2003 
3534 
1005 
9963 
4964 
3702 
8175 
8528 
3064 
1545 
9005 
4629 
2894 
10059 
10456 
5220 
10277 
12144 
2371 
1882 
4983 
897 
12788 
2846 
11175 
4446 
7452 
8548 
5680 
7508 
705 
2681 
12953 
2519 
8952 
6139 
4501 
13458 
4898 
805 
12977 
10652 
9240 
11703 
7912 
1031 
7935 
514 
12013 
12588 
7535 
12446 
10100 
13987 
10310 
8730 
10676 
5517 
10904 
542 
11708 
13829 
10364 
9342 
6090 
6901 
6265 
11023 
2814 
7870 
2362 
2366 
9480 
7370 
11414 
7041 
8659 
13082 
883 
8842 
10747 
12108 
7516 
4364 
10798 
7503 
12830 
9057 
2760 
8002 
4641 
3759 
6238 
6840 
9054 
12882 
7550 
12324 
9687 
9885 
3250 
1537 
9123 
6734 
4949 
8421 
1728 
8997 
9325 
11086 
1194 
306 
723 
3364 
14000 
11470 
5583 
12382 
2437 
1707 
7639 
3819 
1580 
13399 
11351 
8565 
1203 
1241 
357 
3215 
13002 
8201 
3855 
5331 
1799 
2705 
2503 
10111 
13171 
1739 
1270 
1957 
1505 
9994 
10780 
1861 
2028 
426 
1439 
8073 
5306 
10454 
7246 
11421 
5927 
13374 
11519 
7633 
4692 
10924 
4721 
3096 
13293 
270 
6128 
5449 
5379 
5291 
1376 
12477 
11221 
12197 
10680 
9763 
11958 
4502 
753 
2659 
1834 
13766 
3824 
12077 
10734 
676 
1709 
8589 
12397 
210 
6689 
7111 
10725 
5674 
1814 
5829 
11361 
10339 
2183 
5825 
7694 
4862 
1355 
11304 
1275 
6743 
13969 
2178 
480 
6175 
7376 
3260 
12175 
5594 
2770 
4152 
8640 
12924 
13971 
388 
10239 
7332 
8328 
47 
6439 
703 
4827 
4404 
1273 
4916 
8943 
9588 
8192 
12747 
10228 
135 
10743 
1530 
12993 
2150 
13410 
5898 
8729 
2819 
1587 
787 
13070 
7335 
5800 
2080 
4806 
6573 
12233 
3083 
6126 
1236 
1992 
4924 
5145 
8253 
2067 
10870 
4132 
7476 
5525 
5208 
1692 
8432 
13555 
8413 
1607 
3052 
2862 
5437 
7817 
10081 
2798 
13653 
5483 
10008 
3492 
6587 
99 
11789 
5505 
2338 
1624 
11219 
4095 
617 
5733 
5879 
4271 
3740 
13914 
10 
5324 
472 
8162 
8149 
4620 
5930 
6311 
295 
6952 
11151 
9446 
2168 
2305 
9681 
11149 
2224 
10157 
8134 
10513 
13324 
8775 
10122 
471 
1125 
4615 
12459 
13094 
11089 
7075 
2466 
7022 
3820 
11790 
5371 
11753 
3318 
7670 
12710 
4354 
5749 
988 
4894 
7406 
7281 
1437 
2796 
6612 
2118 
9404 
12470 
2525 
1463 
3550 
4549 
10497 
9097 
6950 
9153 
6852 
2545 
161 
4085 
2937 
6229 
1634 
1509 
6644 
7561 
891 
1293 
12012 
1107 
8672 
233 
1201 
11483 
10619 
3308 
3440 
13904 
8731 
1303 
7893 
336 
7589 
4972 
6130 
76 
9952 
9011 
5177 
8867 
1090 
11457 
5398 
10391 
11174 
13092 
109 
9478 
11636 
3547 
13242 
3073 
1136 
10566 
7412 
6127 
5319 
13112 
3579 
1533 
1078 
7913 
13806 
4325 
7878 
3514 
10162 
10397 
1885 
1133 
12245 
10038 
7164 
3578 
6432 
5498 
4045 
9156 
6474 
8399 
1506 
10959 
1778 
6374 
2291 
4103 
10129 
2020 
6850 
3902 
11248 
3713 
8457 
13345 
10199 
9633 
10642 
7888 
8851 
5073 
1467 
4842 
9217 
12870 
2898 
6678 
10841 
11400 
9359 
11040 
3981 
5302 
3568 
13651 
4498 
1947 
3638 
8866 
10243 
913 
4821 
10903 
7047 
6408 
6226 
6968 
8804 
6680 
4571 
8649 
5084 
192 
8450 
7865 
13428 
11320 
13614 
2566 
648 
3438 
8276 
11759 
13897 
5030 
6827 
3352 
12031 
9595 
2219 
3470 
2030 
4306 
13291 
11041 
3812 
7851 
11449 
13161 
5527 
11739 
13049 
8837 
8305 
12184 
12122 
1556 
1246 
12301 
7465 
8799 
6671 
9538 
8695 
5241 
3541 
6581 
9448 
5636 
5138 
9039 
11897 
2438 
2468 
13336 
9728 
8765 
4146 
12571 
5944 
2013 
7512 
2852 
5204 
2317 
5444 
13790 
4776 
5960 
10866 
5097 
11268 
259 
9933 
9183 
9926 
3647 
11956 
13118 
11843 
8039 
8443 
13920 
2301 
5794 
3152 
3769 
2303 
1239 
6180 
6563 
2652 
3747 
4915 
1432 
13875 
5228 
2345 
3842 
13781 
12600 
7667 
13055 
6951 
2582 
13349 
4151 
1391 
4548 
7640 
6366 
12982 
1960 
12188 
9298 
2506 
4021 
11865 
1129 
10274 
12903 
5149 
7436 
10953 
1492 
4479 
10499 
2795 
3126 
1137 
12420 
4127 
1955 
2746 
7359 
712 
1192 
10291 
11332 
2600 
13409 
7778 
2146 
12725 
7781 
4150 
836 
9847 
11053 
8131 
7415 
3671 
8954 
8670 
7223 
4719 
10423 
1521 
4931 
12902 
12163 
9642 
1901 
6574 
4198 
10670 
10096 
716 
2048 
5658 
10332 
3140 
13661 
9202 
3038 
9883 
1836 
10251 
11256 
2039 
12904 
3381 
1292 
145 
3214 
1169 
692 
6273 
11450 
5715 
13106 
1713 
6394 
7904 
10624 
585 
10317 
4427 
4759 
1972 
6170 
5108 
5139 
5928 
7141 
4038 
1859 
13154 
2486 
10022 
3006 
6419 
10029 
3074 
12065 
8261 
10376 
4471 
11359 
6060 
4906 
11651 
13824 
9862 
9866 
3669 
11827 
8456 
5881 
4497 
8238 
8743 
5710 
13902 
580 
11073 
5418 
96 
9965 
6341 
9576 
12219 
5194 
914 
7739 
1423 
11386 
2891 
8811 
4161 
11154 
12652 
515 
3125 
10979 
417 
11333 
7045 
1585 
10750 
4496 
1878 
1041 
4602 
12131 
6713 
12856 
2292 
13273 
13462 
8384 
6927 
8047 
133 
2749 
9917 
10027 
12262 
7116 
6763 
3873 
13559 
8544 
8683 
1019 
7868 
11373 
6878 
10293 
376 
6144 
968 
1653 
6389 
8961 
2708 
2358 
5221 
209 
6168 
9273 
6746 
9392 
9176 
3728 
13323 
1763 
239 
8762 
2266 
12220 
4130 
6461 
505 
8439 
5058 
13901 
5818 
1231 
10888 
5858 
5716 
981 
102 
1862 
12044 
3177 
451 
9438 
2573 
1222 
7654 
1315 
11813 
7025 
9948 
12400 
8483 
136 
3075 
5456 
12509 
7024 
13736 
2238 
5121 
1155 
11723 
5388 
6164 
16 
106 
2957 
7501 
9310 
2649 
13405 
10727 
12844 
6992 
9308 
9089 
6534 
4782 
11497 
4396 
9507 
4293 
8847 
10711 
8848 
12505 
2564 
3298 
1517 
1905 
2678 
5801 
6384 
6853 
7473 
10721 
1258 
13843 
6253 
4100 
1943 
1405 
8442 
8754 
6067 
10766 
13389 
9759 
5873 
9388 
5778 
5099 
218 
6947 
9700 
7413 
13973 
279 
13135 
130 
12575 
7170 
10295 
12396 
3502 
953 
8680 
9829 
2764 
7880 
2928 
8000 
4194 
3886 
13024 
4860 
2514 
7420 
15 
10318 
8259 
2056 
8969 
334 
4750 
6645 
12431 
12650 
2010 
11087 
2976 
5244 
11475 
9498 
1798 
1872 
570 
8909 
8248 
4047 
11988 
695 
5031 
5011 
12991 
4511 
3473 
10004 
3259 
5356 
4926 
13116 
8404 
3739 
10534 
7969 
7282 
11235 
3606 
12833 
6412 
1390 
479 
9495 
6522 
12462 
4796 
4193 
10859 
4342 
12237 
6924 
1539 
8046 
1664 
13634 
5864 
2821 
5802 
6996 
4313 
12780 
10184 
3476 
884 
9922 
11556 
12712 
9830 
12673 
13717 
9140 
12819 
349 
2300 
5574 
5176 
10483 
4753 
13761 
6254 
5721 
10462 
8832 
5965 
6770 
1554 
8676 
5681 
10549 
4329 
792 
13344 
2736 
3406 
8523 
801 
1300 
3567 
13528 
5287 
1334 
9938 
11223 
1089 
8748 
13710 
9545 
4210 
10319 
2327 
6099 
4687 
12340 
7114 
7364 
7101 
4387 
2827 
11576 
2019 
7513 
3485 
13208 
6052 
971 
7113 
6388 
5393 
7311 
4982 
10537 
665 
3264 
5670 
4374 
3110 
11984 
12064 
2867 
4385 
4815 
6830 
11085 
9583 
10819 
1365 
2541 
7023 
4181 
260 
8892 
3778 
2518 
4447 
1103 
10344 
5455 
6691 
4891 
3128 
1022 
2695 
9962 
1630 
2212 
6308 
1092 
522 
573 
5760 
6112 
8145 
584 
11678 
7266 
8101 
4042 
4058 
12161 
4226 
13979 
8824 
3136 
9299 
3781 
1757 
12563 
1386 
7900 
9360 
69 
10648 
3765 
2352 
11354 
9698 
2033 
1516 
8148 
7663 
7783 
640 
5133 
5083 
11095 
8803 
4400 
5035 
5240 
11001 
4334 
5962 
7842 
7527 
11468 
2902 
7862 
2697 
4124 
5606 
1524 
6195 
6024 
5323 
9284 
8106 
10409 
3376 
5170 
1456 
3800 
13129 
13442 
3048 
7391 
12628 
5717 
13217 
7607 
8299 
6541 
12032 
12818 
7245 
401 
11370 
4230 
8812 
13123 
3552 
2809 
11959 
12854 
5871 
189 
3385 
11451 
5766 
2284 
8017 
12558 
5033 
5175 
3837 
4608 
12092 
7380 
10205 
4443 
5884 
5542 
2050 
3874 
13930 
3518 
4390 
9888 
5464 
588 
9878 
8759 
1596 
1612 
3585 
9344 
4239 
8359 
9657 
65 
9195 
7351 
6929 
1696 
12485 
11750 
11066 
8424 
4955 
101 
10616 
4019 
108 
10697 
13147 
12639 
7442 
3149 
10322 
12513 
9800 
10853 
12881 
4332 
2200 
12009 
6539 
3432 
6535 
2425 
3309 
11781 
10632 
10538 
338 
10280 
6108 
5763 
11993 
9313 
12402 
8607 
4867 
2091 
3715 
1651 
4056 
6736 
13760 
7136 
7093 
9336 
2482 
1815 
11303 
11323 
12811 
627 
4274 
10812 
13267 
7651 
5013 
7885 
6568 
4613 
13704 
3295 
9960 
7920 
9258 
12517 
403 
1544 
2944 
4207 
9716 
13193 
6244 
4693 
13734 
11738 
114 
5618 
1758 
2189 
13776 
4022 
61 
12136 
13791 
697 
10579 
1130 
2038 
5562 
3996 
9692 
244 
5936 
7013 
1550 
7803 
5273 
5617 
6457 
10943 
346 
6100 
11578 
8200 
7259 
3628 
7605 
11010 
1499 
11552 
11869 
9327 
1290 
9678 
5293 
1722 
10479 
3397 
4575 
5414 
12549 
7955 
2497 
12171 
12273 
6046 
9218 
1096 
4377 
12447 
13004 
2269 
885 
3288 
10663 
10627 
9391 
13352 
7036 
9812 
446 
13728 
4758 
8204 
1780 
7295 
3950 
4524 
8871 
2676 
5841 
694 
13237 
2672 
11593 
1645 
7772 
8637 
5500 
7531 
12411 
13051 
2830 
10165 
3324 
8470 
1959 
12430 
2511 
4327 
1406 
4792 
10804 
4366 
6960 
8473 
4703 
8551 
5180 
4625 
10211 
5810 
8774 
7388 
6775 
11524 
11454 
12713 
4033 
3744 
4092 
11509 
1498 
1548 
1343 
12441 
12274 
9741 
3384 
1610 
8210 
7422 
849 
6780 
7887 
7715 
752 
3897 
12458 
9289 
10816 
7643 
7466 
13020 
6241 
770 
2087 
5840 
10411 
11420 
7460 
10286 
9519 
9971 
1493 
2320 
4120 
5878 
36 
8813 
290 
12017 
9253 
10782 
10026 
7261 
11208 
5074 
11570 
11318 
12742 
11341 
11778 
4901 
11084 
319 
13622 
10212 
7099 
2789 
6796 
6246 
11850 
11276 
6883 
9147 
13796 
7373 
1826 
797 
9384 
7253 
1215 
2940 
13567 
12937 
7197 
8114 
7323 
8160 
943 
1119 
2369 
159 
5385 
3141 
811 
11650 
6438 
1483 
4568 
1337 
9634 
11203 
7635 
7399 
13327 
643 
7313 
2543 
9488 
8146 
3575 
1998 
10934 
7057 
8972 
8905 
12074 
3932 
1812 
1976 
8308 
12201 
894 
6805 
2536 
6087 
7094 
253 
3342 
12672 
10189 
13597 
5713 
3234 
927 
5952 
9935 
751 
7455 
4878 
9665 
7919 
13917 
12151 
6545 
3258 
13009 
1471 
13811 
10862 
5625 
13243 
2721 
11316 
5943 
4393 
8282 
6233 
9726 
3787 
2933 
5966 
3960 
7414 
5931 
9904 
2177 
8390 
2491 
3070 
13119 
4017 
9482 
13487 
3540 
3934 
7826 
10961 
4256 
11512 
8480 
8104 
11640 
8865 
13230 
9206 
2105 
13577 
11399 
11968 
5981 
5267 
6846 
7811 
6043 
9755 
2870 
804 
614 
1248 
1349 
3868 
3138 
5725 
5467 
6908 
12616 
72 
8082 
10101 
11184 
4173 
6911 
10930 
5091 
4437 
5882 
4893 
7053 
4696 
7081 
1267 
9231 
8327 
9765 
6069 
3471 
1772 
12797 
11680 
3238 
10089 
9923 
4830 
13277 
4767 
3818 
10283 
783 
11247 
6695 
755 
2315 
10262 
9326 
13792 
2892 
6491 
7986 
13839 
13416 
13936 
13520 
4730 
7522 
748 
9648 
6019 
667 
475 
8771 
5006 
754 
8038 
3668 
11426 
3368 
13431 
4370 
6926 
11013 
2383 
2248 
11401 
3421 
4415 
2009 
9739 
3582 
9291 
8270 
9931 
10085 
6054 
7819 
2869 
485 
13948 
5937 
663 
1683 
1191 
13218 
6972 
13018 
194 
7666 
746 
11485 
8030 
1643 
1999 
8601 
9522 
2926 
8436 
13598 
1453 
154 
13918 
3151 
10371 
2400 
1665 
3499 
11422 
12690 
8963 
4219 
6350 
151 
13160 
1148 
3010 
13818 
8574 
6627 
1077 
4636 
5700 
7608 
7005 
5528 
12769 
11808 
12786 
12154 
5726 
5020 
10009 
1752 
7791 
4989 
4412 
89 
11664 
1353 
6658 
1876 
7273 
3581 
5296 
1787 
6896 
5050 
9225 
2728 
3986 
5607 
5626 
4744 
906 
13239 
10209 
13407 
606 
11577 
13785 
2426 
188 
7003 
7384 
4515 
9859 
13558 
2347 
13227 
6598 
5086 
10049 
12659 
4008 
7770 
2470 
10328 
13280 
286 
11347 
8976 
10681 
5579 
4176 
3729 
1257 
2489 
5678 
9007 
12498 
8087 
9112 
13882 
12375 
13022 
8991 
3783 
4464 
11484 
597 
7168 
9504 
4014 
9623 
12401 
4686 
8923 
12394 
435 
4921 
9596 
9050 
13819 
8336 
238 
6397 
8800 
4196 
12309 
13977 
1847 
7220 
3505 
11508 
594 
1101 
8163 
3833 
689 
10445 
11974 
6589 
13429 
1818 
1725 
7165 
9903 
4192 
4657 
799 
2567 
10145 
8135 
5816 
8540 
7230 
7645 
3748 
8906 
2231 
13001 
12898 
208 
11182 
11516 
858 
12071 
5507 
2097 
2998 
11928 
13149 
10770 
8363 
5603 
5061 
9605 
1249 
8625 
9735 
7470 
10528 
8133 
13057 
487 
4773 
9088 
9758 
382 
8927 
7975 
11145 
5502 
7722 
4484 
10571 
12415 
1518 
5362 
7286 
6905 
9684 
8602 
10603 
11478 
13820 
1459 
1359 
10542 
8594 
549 
8361 
3616 
7689 
6145 
6994 
8247 
3856 
2826 
553 
6190 
691 
4172 
7080 
7178 
11588 
13537 
3595 
1081 
3060 
8932 
10580 
9651 
3991 
9786 
7387 
9 
12172 
4943 
2904 
11445 
10042 
8777 
9143 
11989 
6477 
344 
13804 
9415 
11097 
13926 
7609 
7252 
1890 
1856 
12515 
8016 
2941 
4035 
3865 
10666 
13459 
4643 
68 
2845 
9712 
12625 
12880 
2553 
4073 
11034 
11408 
13788 
10739 
2613 
4402 
3127 
2908 
12817 
11569 
1003 
2109 
13697 
13365 
6213 
13600 
152 
12595 
4995 
11394 
8079 
10453 
7676 
7379 
6074 
2527 
1025 
6096 
10232 
3123 
5315 
6608 
12281 
10182 
12542 
6697 
11715 
3404 
1715 
893 
7097 
296 
7756 
10658 
3315 
1233 
13612 
12140 
2879 
2767 
2996 
5172 
13989 
5997 
6086 
5639 
13582 
2229 
13341 
5942 
10053 
9371 
4749 
13391 
289 
506 
12861 
9580 
937 
10850 
7216 
1243 
5973 
10878 
12428 
6885 
10077 
2134 
1586 
10894 
1671 
8258 
7369 
10857 
11207 
12732 
13246 
9145 
8958 
10521 
10569 
3239 
11945 
13258 
5135 
12760 
3106 
3859 
13153 
10331 
1867 
5967 
8703 
8516 
1496 
12984 
11735 
12239 
8403 
9397 
1454 
4228 
4397 
3672 
6920 
12300 
4936 
2565 
6714 
6982 
8530 
10147 
9321 
11424 
13749 
3985 
10355 
6812 
191 
9559 
5638 
11828 
2385 
9306 
7185 
10370 
285 
2123 
1360 
12316 
7491 
2261 
8118 
1605 
12717 
5146 
2621 
7928 
7419 
7908 
13201 
912 
4970 
2332 
10820 
618 
6222 
1551 
2081 
2363 
5042 
6848 
4407 
7779 
12554 
9422 
13809 
10348 
10838 
9118 
11137 
1329 
1142 
3071 
3810 
9518 
9892 
12740 
1892 
8630 
10358 
5062 
6618 
7843 
10900 
8095 
5185 
6020 
8161 
439 
4472 
9921 
12528 
1074 
5447 
4569 
4036 
3412 
10643 
9555 
629 
4570 
9796 
10884 
6672 
9930 
1488 
6458 
768 
3525 
9004 
5173 
9789 
5082 
2004 
12202 
9833 
7793 
5751 
11284 
100 
9950 
3736 
12130 
7389 
1964 
12095 
12729 
7901 
6507 
2569 
399 
12969 
7095 
13571 
5067 
1091 
12697 
6533 
7962 
11948 
5183 
13254 
123 
8025 
821 
1444 
13733 
2699 
12052 
6907 
7895 
4007 
1909 
4160 
604 
3892 
9793 
9797 
2295 
2980 
6614 
8606 
8054 
7696 
12001 
11003 
6364 
10584 
5263 
10751 
11150 
10785 
13091 
9979 
13050 
10592 
13204 
6061 
9907 
949 
3509 
2316 
6155 
4057 
806 
3098 
561 
8129 
12608 
10636 
8423 
5179 
5166 
164 
1600 
9282 
4852 
12731 
11119 
4799 
7595 
12264 
4381 
4817 
7423 
11719 
8097 
3386 
243 
10458 
11430 
2500 
9679 
3300 
4616 
7600 
4809 
8139 
3591 
8885 
8901 
7614 
8063 
9084 
8541 
6602 
3953 
11726 
10116 
12083 
12348 
9068 
11934 
11803 
965 
9871 
9908 
12205 
1076 
7480 
4546 
877 
12864 
12263 
10006 
9244 
10771 
7656 
10420 
9216 
3921 
11955 
12160 
10309 
11254 
10541 
796 
11315 
3249 
13380 
10745 
3916 
8904 
2642 
12702 
9754 
1118 
4874 
11873 
7362 
9870 
9142 
5706 
12207 
4016 
3928 
11293 
1741 
3415 
1082 
13196 
5846 
4690 
4663 
11101 
12986 
12748 
11899 
5209 
10292 
2897 
7963 
6773 
756 
9264 
6877 
3970 
12579 
1235 
12655 
13624 
12286 
7196 
6882 
5303 
5114 
11437 
2336 
3994 
3099 
3917 
8709 
7597 
1984 
11943 
1613 
1864 
6101 
7085 
7092 
13935 
6588 
9991 
4336 
10765 
5087 
3801 
838 
2288 
2408 
13658 
7018 
5868 
3907 
2759 
11177 
11143 
13699 
4579 
2083 
9993 
6899 
8787 
2666 
11517 
7236 
7648 
10440 
6808 
1896 
10618 
6316 
5025 
7214 
1581 
9838 
6104 
7802 
9237 
8568 
11012 
4034 
6399 
6094 
8478 
11056 
10675 
10179 
13931 
9985 
5282 
6500 
13347 
4257 
1317 
13385 
1470 
395 
10557 
3836 
7073 
10050 
12024 
178 
212 
4371 
4409 
10011 
5003 
10313 
13552 
10971 
9500 
12222 
3592 
12938 
6747 
10860 
13087 
8661 
10595 
10381 
7634 
10235 
8284 
1858 
668 
10779 
3480 
4489 
1161 
3893 
8260 
2586 
13384 
8446 
6508 
9173 
1009 
5154 
5595 
45 
13844 
9568 
7958 
6699 
10336 
1614 
12827 
9972 
10524 
11418 
13285 
4425 
6204 
1452 
7134 
7352 
11624 
8807 
11118 
5588 
11901 
5156 
12792 
10005 
1289 
6153 
11776 
5182 
9109 
1253 
12167 
11697 
9028 
13303 
5880 
3806 
6040 
8987 
3936 
6717 
1706 
12935 
10425 
6511 
11663 
13611 
1769 
3597 
3000 
3266 
9133 
11825 
9111 
12364 
5586 
3282 
6105 
9964 
2005 
3237 
10242 
11712 
6625 
1399 
405 
5730 
1659 
6898 
7014 
7949 
2107 
143 
10312 
8558 
4911 
9430 
10377 
8619 
1210 
12323 
4863 
12135 
10176 
7365 
1443 
946 
8075 
7042 
6062 
9635 
2714 
11804 
13083 
7916 
6667 
567 
1991 
1202 
9288 
6016 
9505 
12860 
11679 
13813 
10349 
11198 
6941 
11701 
5777 
3182 
1857 
94 
6566 
9046 
778 
1159 
7065 
1811 
7438 
7120 
3580 
7289 
12333 
9105 
1208 
11473 
3843 
3279 
4648 
8522 
9610 
5064 
419 
412 
10547 
8343 
737 
3047 
4752 
3208 
10830 
1923 
4221 
3533 
13972 
1394 
1950 
4015 
11932 
2381 
1204 
2242 
7509 
7472 
3992 
5915 
900 
4848 
1568 
9592 
13773 
2230 
10724 
9418 
10646 
10279 
4195 
5350 
5429 
8628 
11981 
13510 
10451 
12170 
4810 
5798 
2955 
11202 
57 
1472 
9747 
4957 
3187 
3201 
8014 
10545 
6015 
1736 
9184 
3044 
115 
11389 
6322 
5534 
12067 
9424 
8066 
11367 
8569 
7737 
9819 
6874 
4536 
8244 
4647 
11745 
11629 
11681 
13298 
10225 
12410 
1043 
10415 
9413 
1843 
8409 
11918 
12519 
8926 
5727 
12943 
13255 
10699 
9296 
10823 
12455 
8533 
8084 
2089 
13950 
8644 
1358 
277 
8353 
3418 
5199 
2663 
7482 
1527 
6430 
2823 
7448 
2017 
12481 
10033 
1375 
6739 
9210 
10764 
10350 
1144 
8303 
3944 
3291 
11080 
3022 
8951 
3633 
3655 
121 
12215 
9929 
13499 
3186 
6416 
2687 
3918 
4986 
710 
1407 
6221 
13842 
6235 
9808 
11533 
4762 
1477 
8859 
7211 
12810 
11596 
5729 
2612 
6931 
10443 
8141 
3407 
7776 
10151 
11747 
8631 
3173 
10487 
9205 
4990 
9806 
4701 
2550 
13150 
6219 
5519 
13395 
6152 
9937 
5113 
7349 
7695 
7301 
3212 
4365 
230 
10969 
2163 
2816 
4054 
3175 
11601 
6593 
2502 
4205 
7239 
8547 
9864 
9009 
4775 
6526 
5161 
9261 
1837 
7774 
13912 
13368 
10696 
9072 
5564 
10589 
5010 
3327 
5253 
5661 
4881 
10956 
2974 
5531 
7644 
13764 
4011 
7544 
6214 
2963 
6433 
4220 
10659 
11251 
202 
2499 
7815 
11996 
7368 
6800 
6657 
13721 
8853 
13706 
12750 
12781 
5883 
650 
5122 
5861 
3997 
13958 
808 
11044 
9578 
3150 
987 
7660 
246 
2717 
13727 
7055 
10055 
11052 
1599 
8675 
8884 
223 
2978 
8250 
13492 
3604 
13770 
5635 
8689 
13340 
13191 
13393 
13441 
5112 
5835 
12285 
176 
8213 
8974 
8414 
13175 
4333 
12539 
5257 
5752 
6171 
12675 
11498 
8653 
12114 
8711 
1006 
11631 
3620 
13015 
1341 
7017 
12994 
9419 
1015 
12783 
4858 
10945 
8561 
5381 
4925 
12640 
12746 
7519 
9539 
6527 
4113 
12682 
11805 
8874 
5215 
4072 
5390 
12730 
13542 
2516 
7439 
2606 
1789 
13584 
2911 
9335 
6083 
13200 
6515 
8500 
11381 
1850 
3816 
4588 
7580 
3573 
6035 
497 
6120 
13460 
6303 
10799 
8177 
9880 
11528 
12054 
1381 
10461 
4227 
1821 
1167 
2969 
438 
2723 
11238 
3927 
12238 
3832 
4870 
7205 
10308 
13214 
5251 
7393 
7679 
7796 
3572 
3236 
4353 
7830 
240 
8686 
12718 
3003 
13822 
11264 
1457 
6715 
9294 
12582 
6297 
3945 
12648 
8694 
10361 
11104 
12304 
13905 
559 
377 
13006 
9241 
12084 
8701 
9919 
6837 
1560 
785 
4533 
10351 
12941 
456 
1296 
6005 
10191 
12357 
6485 
12521 
11392 
856 
2973 
12699 
10019 
6997 
4508 
12576 
12658 
4246 
7176 
7475 
1951 
9152 
10898 
12433 
930 
3935 
3121 
2771 
4338 
13516 
3643 
7461 
7668 
9689 
8498 
4528 
12955 
3651 
4360 
1061 
1392 
6704 
204 
117 
4978 
620 
8870 
12622 
5543 
6119 
9709 
10327 
10889 
13348 
504 
1571 
9214 
4277 
3160 
13364 
10849 
4896 
10244 
8899 
9248 
10389 
12711 
10722 
9033 
6013 
4122 
11695 
12617 
6468 
5863 
7441 
225 
282 
3864 
3223 
4000 
1770 
9794 
7785 
4910 
9157 
12466 
9953 
6260 
10154 
8507 
11061 
4786 
7089 
7147 
12427 
12037 
10024 
66 
12105 
5632 
11522 
13406 
13369 
8193 
10330 
6933 
1558 
11075 
6347 
8199 
3955 
269 
3245 
8663 
12066 
2792 
10565 
4476 
2355 
9049 
10845 
9252 
11851 
3977 
10149 
6446 
13137 
11732 
4468 
8580 
2885 
6560 
1279 
3716 
1806 
7937 
6910 
5549 
2432 
4697 
11817 
427 
3798 
7361 
11417 
5784 
5568 
4455 
11597 
226 
13155 
4660 
9722 
4985 
10299 
3726 
12422 
7030 
12634 
9946 
1325 
13908 
1127 
13563 
2451 
13272 
11867 
3455 
4600 
347 
11067 
11733 
2331 
3561 
6113 
7724 
13194 
1066 
1559 
4516 
13981 
11453 
3425 
4025 
12307 
2490 
2361 
8524 
10406 
3113 
12914 
11707 
3844 
5358 
2412 
2376 
13693 
1958 
10238 
8273 
8808 
11675 
4449 
10873 
6421 
3413 
4289 
1073 
11764 
7673 
3731 
7151 
4717 
13107 
7330 
13538 
881 
9571 
8072 
13276 
4808 
12887 
11549 
5637 
8929 
9624 
12479 
3692 
12703 
4238 
12451 
4585 
9179 
4778 
4490 
10844 
674 
1785 
846 
9249 
6751 
9122 
9257 
9114 
5436 
5711 
7994 
7160 
10267 
10385 
6296 
8861 
12884 
6783 
4431 
2640 
10233 
374 
11313 
2959 
9398 
6765 
10749 
364 
11647 
749 
983 
3973 
10258 
9748 
11125 
3588 
7763 
8747 
13425 
7727 
5571 
11541 
4674 
10671 
13557 
13180 
10254 
7586 
1162 
12584 
10404 
4705 
622 
9564 
9649 
928 
8566 
10070 
9983 
7161 
1122 
1628 
7428 
2597 
11442 
13309 
6833 
5044 
4319 
5143 
11544 
1346 
1598 
7067 
13789 
13709 
1338 
933 
8346 
13262 
8577 
9625 
12794 
2459 
2829 
581 
12495 
5352 
6504 
298 
5422 
10996 
4321 
2424 
9626 
6418 
1786 
10270 
507 
175 
10256 
4947 
3677 
8434 
6365 
3968 
3029 
820 
8924 
5652 
9999 
7988 
3723 
5933 
13626 
11327 
9543 
6542 
13808 
8638 
13569 
10240 
7777 
1414 
11872 
6962 
9477 
9769 
10975 
13434 
8194 
6959 
8796 
607 
2143 
8789 
13530 
8380 
11393 
13475 
5471 
5806 
8636 
12908 
13599 
3462 
10131 
2129 
7805 
13990 
10563 
8567 
11384 
3998 
13455 
4531 
6729 
13625 
2838 
2130 
3899 
4305 
631 
2138 
1666 
3061 
3437 
2913 
11436 
8042 
10083 
2731 
12989 
12988 
7270 
2875 
4330 
6665 
9066 
2208 
2246 
2079 
11261 
7344 
13072 
9561 
6031 
8181 
11226 
4304 
12371 
5047 
5487 
7970 
7566 
11842 
4441 
10040 
5797 
2735 
10023 
10472 
7034 
3379 
10875 
12779 
13554 
12965 
6985 
1575 
3720 
9939 
10613 
488 
13286 
474 
7749 
1528 
9764 
5441 
8045 
9000 
12475 
4435 
6378 
1832 
7224 
6403 
12363 
12242 
10103 
10637 
3445 
53 
12562 
6441 
6521 
6064 
9059 
3789 
10673 
13269 
2700 
441 
6948 
9127 
11165 
13991 
254 
5338 
10003 
236 
3494 
13962 
4812 
7374 
10907 
6779 
310 
12448 
776 
10931 
8315 
199 
13219 
10333 
1218 
9104 
3827 
4854 
12418 
9363 
1112 
10137 
4154 
4485 
11406 
9672 
2510 
7822 
2801 
6295 
3749 
915 
91 
4798 
1871 
4189 
1631 
150 
7148 
8375 
1166 
3235 
3520 
3268 
4937 
8740 
9925 
887 
1553 
5605 
1526 
13148 
12583 
5705 
13838 
13497 
10474 
718 
13645 
8584 
10187 
2983 
8988 
5718 
8746 
11452 
7799 
2994 
1776 
4328 
7304 
13086 
7264 
11682 
10620 
9932 
10480 
1274 
3771 
8371 
10252 
11961 
10148 
1095 
12812 
12944 
6178 
10554 
1670 
1420 
6050 
11761 
2042 
6548 
6255 
2817 
822 
1056 
13238 
8570 
6203 
10475 
9788 
2632 
3989 
3467 
4543 
13299 
5514 
1985 
4960 
3204 
8366 
4263 
5137 
882 
7445 
4689 
8890 
9045 
1435 
4933 
11493 
7033 
12949 
11714 
13899 
7002 
5370 
2570 
5341 
10464 
11338 
4804 
7354 
5148 
3479 
10951 
4187 
11645 
1367 
2364 
3220 
10944 
12386 
280 
8968 
9265 
2729 
10610 
11767 
5554 
9149 
6372 
9532 
9782 
8990 
2271 
13959 
8241 
595 
3608 
13465 
3168 
7528 
9458 
6597 
8155 
1627 
11396 
7272 
2590 
4278 
9845 
3965 
13594 
2418 
735 
11443 
8841 
8291 
232 
8912 
4897 
1281 
309 
13878 
122 
6513 
8656 
1097 
10196 
784 
5904 
7858 
13251 
8448 
13952 
5140 
2244 
8979 
2117 
3007 
2901 
12469 
9428 
1124 
4244 
8723 
13067 
8805 
2529 
4561 
11530 
9591 
2828 
6385 
9711 
6977 
10839 
545 
9348 
5229 
8835 
8319 
6136 
2174 
4504 
1045 
13668 
7280 
9190 
5243 
12335 
8992 
11031 
3679 
7190 
4270 
6803 
5959 
8745 
10905 
3767 
4223 
413 
7685 
5384 
4157 
2085 
6872 
4820 
322 
13157 
6093 
3942 
10477 
1297 
6095 
11603 
2601 
1637 
1186 
4439 
574 
6159 
9278 
12916 
12906 
423 
9927 
1182 
6267 
1597 
12738 
3077 
1540 
4444 
1717 
10394 
12465 
6781 
8550 
5745 
4851 
10759 
8304 
498 
13932 
5859 
11583 
8236 
2276 
264 
11740 
8658 
6769 
11919 
3091 
5275 
6486 
4093 
2373 
9784 
12698 
7203 
3654 
1121 
75 
13470 
7523 
5490 
5989 
181 
6583 
2598 
3314 
11441 
11011 
11728 
5260 
10507 
8727 
13701 
8726 
7813 
6299 
13848 
40 
3612 
7375 
6340 
3841 
7591 
880 
1577 
3756 
11275 
7015 
6855 
7575 
4740 
9620 
10886 
6149 
1415 
11471 
1146 
2602 
1897 
9266 
2899 
642 
2921 
12287 
10363 
13667 
9323 
9872 
11796 
3019 
7624 
1475 
8330 
9320 
688 
7557 
4046 
5508 
1330 
2733 
7664 
8844 
677 
12929 
4442 
7554 
13432 
13247 
9199 
13156 
11971 
1841 
7759 
7434 
6382 
7276 
538 
13846 
13140 
5707 
7450 
6944 
3951 
2022 
6682 
13466 
7768 
731 
5524 
8962 
6344 
12896 
8069 
11448 
1803 
6829 
13045 
11991 
10359 
9402 
945 
1245 
8070 
7973 
3124 
12060 
3372 
2428 
1646 
8459 
3313 
742 
3830 
2096 
10382 
6401 
8632 
6492 
12671 
10789 
6889 
7979 
3274 
13016 
11342 
3815 
10408 
1395 
384 
11710 
13329 
8243 
8882 
4458 
2605 
875 
1431 
3764 
12361 
871 
5597 
2587 
5417 
2992 
6963 
9401 
11415 
7621 
1674 
8485 
1474 
231 
10500 
3912 
13562 
5322 
177 
13889 
7733 
4302 
6943 
12832 
10127 
10030 
2523 
8056 
12061 
4144 
11920 
10972 
13310 
8652 
9034 
10200 
8349 
9012 
10518 
3530 
9572 
6512 
8111 
1502 
409 
8 
9187 
5345 
3523 
12178 
13909 
7074 
9162 
6160 
416 
12968 
9364 
5147 
1002 
4638 
4857 
653 
7989 
5299 
13961 
3607 
12091 
13724 
5329 
7976 
4907 
1893 
7394 
13102 
12834 
3107 
6638 
1855 
13974 
8360 
3556 
11265 
11833 
7198 
6980 
2025 
1024 
4224 
6606 
12872 
4361 
872 
12649 
12104 
11403 
10967 
6564 
8592 
11772 
6869 
5295 
10468 
3426 
10104 
10622 
7179 
5231 
4225 
10072 
3813 
4291 
6554 
5609 
624 
8543 
12721 
10163 
857 
13647 
7150 
9219 
3793 
1844 
12873 
2555 
9968 
5477 
13260 
6251 
10503 
5186 
4461 
2820 
5402 
9454 
11768 
2880 
6261 
4091 
5563 
10093 
11411 
1688 
6319 
899 
8995 
13226 
4558 
5819 
7879 
8635 
13745 
9339 
1401 
7037 
7578 
6495 
8956 
5357 
874 
4137 
5387 
7287 
10387 
13060 
11709 
2786 
5142 
11609 
6505 
8715 
1840 
1781 
13752 
6694 
701 
1264 
5277 
2604 
2372 
6540 
6057 
556 
4372 
3718 
6759 
12096 
7464 
10074 
2102 
12709 
12193 
7232 
12669 
2667 
7212 
11819 
919 
5683 
3586 
2849 
13795 
13435 
5903 
5737 
5470 
979 
3474 
3472 
13762 
4534 
3549 
4309 
5354 
602 
12645 
12522 
11801 
5781 
13896 
5051 
3209 
8293 
12146 
8385 
11857 
8320 
12801 
11884 
5463 
4136 
11302 
2241 
3870 
9577 
744 
2357 
9169 
12183 
1825 
4386 
2895 
13464 
9303 
7534 
2106 
2793 
1549 
9095 
10847 
13663 
591 
7623 
4958 
2162 
2535 
29 
6843 
11189 
5796 
5347 
8060 
8966 
11521 
7717 
775 
5946 
2029 
274 
12280 
2575 
911 
10481 
12221 
9547 
9496 
6788 
11078 
2593 
1638 
13501 
7732 
7392 
8396 
7329 
842 
12137 
844 
9597 
5687 
920 
5269 
8587 
12152 
9894 
3532 
12492 
11259 
10550 
13484 
12589 
568 
9501 
1093 
8977 
13800 
12409 
9191 
586 
9761 
4956 
11199 
12355 
11823 
6410 
11402 
12845 
9732 
4399 
4394 
11966 
7039 
11546 
7834 
8846 
11213 
740 
4598 
10869 
7560 
9060 
3905 
8138 
12236 
2579 
4010 
1242 
12976 
10478 
11204 
1747 
12931 
4422 
1072 
5078 
2865 
4677 
4066 
8760 
4723 
7334 
4813 
3097 
6776 
12874 
5426 
13447 
11081 
5286 
655 
11058 
12384 
10123 
2999 
12190 
11217 
11909 
10910 
372 
8770 
8797 
8294 
6844 
2738 
10046 
715 
9628 
10954 
4417 
1447 
2469 
2874 
2559 
5949 
11698 
8435 
7620 
190 
13965 
10057 
2406 
1302 
12291 
13046 
3045 
13527 
11886 
13053 
3745 
6520 
6727 
12959 
12059 
4807 
13831 
13168 
921 
2616 
8411 
8374 
3165 
3959 
4529 
809 
3086 
6490 
6320 
5817 
8447 
1048 
4736 
5107 
11539 
2938 
12350 
8437 
4487 
64 
7980 
10916 
7390 
12722 
11625 
3431 
722 
918 
7951 
6199 
6326 
4081 
1816 
3657 
3883 
1838 
1522 
7514 
10548 
11626 
1792 
11455 
4932 
6849 
10388 
3661 
5917 
6708 
3229 
11515 
5340 
6129 
1070 
1990 
2991 
9022 
7331 
9044 
464 
11461 
11858 
13203 
13321 
12057 
2794 
9550 
2495 
1374 
13350 
9001 
11613 
1448 
1578 
7250 
13093 
781 
80 
1042 
11491 
10152 
6677 
2121 
4355 
603 
5367 
10275 
9008 
6578 
3316 
11555 
3157 
12667 
6801 
5963 
9619 
8520 
11757 
8753 
7977 
6329 
7699 
10060 
13205 
5761 
7655 
9235 
10741 
11227 
6039 
5245 
4818 
6604 
5984 
10702 
8179 
12773 
7532 
6753 
10736 
9817 
3373 
4478 
3809 
9490 
503 
10810 
7884 
5105 
9934 
554 
6799 
2623 
12789 
10703 
3946 
10266 
3482 
12952 
7502 
5912 
13396 
11925 
1694 
12426 
11103 
4988 
5565 
2337 
12715 
5885 
5941 
11579 
13533 
7536 
13654 
8764 
2218 
11952 
267 
8642 
11969 
892 
8300 
8246 
719 
6324 
12319 
2283 
4917 
11883 
2235 
11405 
12120 
10360 
9511 
1379 
13613 
7864 
5969 
6188 
12804 
4505 
217 
3299 
7511 
12516 
5236 
7443 
4828 
9884 
3558 
5689 
10809 
1953 
4765 
125 
1280 
6259 
2950 
6298 
34 
10105 
3930 
4770 
9656 
2132 
12560 
12313 
10851 
3176 
4213 
9704 
13583 
835 
4873 
9856 
1546 
3207 
12491 
12580 
8040 
1102 
7495 
6009 
732 
10255 
1059 
12213 
12390 
12614 
9541 
9272 
12945 
8546 
1684 
7119 
9691 
1963 
5217 
9407 
7974 
9245 
940 
7052 
8639 
7556 
10407 
652 
5313 
10625 
11006 
6870 
4788 
90 
4178 
1793 
8239 
8633 
11891 
13997 
10842 
4673 
13105 
714 
10492 
2203 
12758 
11326 
8186 
12480 
12493 
8255 
11734 
10058 
12179 
10983 
10723 
4589 
138 
5720 
2788 
13687 
6915 
3504 
13077 
8521 
13131 
3205 
11644 
6728 
10090 
2294 
11214 
13867 
2842 
11791 
5789 
10985 
5522 
10320 
13858 
8019 
11357 
12310 
5722 
2948 
4606 
2599 
4084 
541 
1412 
431 
9630 
11281 
10638 
1501 
11196 
6954 
10895 
1520 
2147 
12362 
1149 
9239 
9029 
10287 
3826 
4785 
5134 
9772 
4104 
5428 
660 
5344 
10164 
9277 
7641 
5582 
12331 
8493 
8167 
6701 
7191 
11231 
2006 
10128 
11779 
13097 
4710 
5032 
4971 
10941 
255 
9621 
5015 
8445 
3941 
8309 
5753 
6315 
3839 
9832 
13738 
12214 
837 
13120 
6536 
12533 
10955 
7367 
2394 
5359 
12574 
5614 
3023 
4188 
6888 
10515 
9027 
7011 
13635 
11331 
3143 
10555 
590 
9636 
972 
8430 
9395 
4267 
13526 
1055 
9947 
11358 
9807 
2257 
4299 
4429 
10346 
11641 
9370 
5159 
4234 
5039 
10834 
13695 
774 
13793 
11257 
6080 
7397 
10341 
62 
3063 
2893 
687 
9780 
4649 
13684 
6862 
2526 
8094 
5314 
1895 
2686 
11496 
2319 
10215 
1312 
213 
7757 
7049 
5187 
4726 
8641 
1156 
12028 
9358 
5126 
2099 
10124 
3328 
11917 
10913 
6084 
7869 
6359 
12157 
8710 
3882 
8274 
4800 
1743 
2455 
3484 
12359 
9912 
8845 
6702 
9499 
13013 
9063 
12665 
2858 
3987 
9180 
2221 
1879 
77 
8427 
2386 
10960 
13427 
11774 
7682 
9374 
10298 
12940 
4514 
8037 
6292 
5646 
4052 
1010 
4079 
339 
7328 
5539 
2310 
11756 
4076 
8999 
11014 
1764 
3202 
1450 
9366 
8919 
2691 
747 
9970 
2722 
3565 
4868 
10398 
6925 
2922 
7588 
3983 
10748 
362 
4456 
6192 
4155 
8287 
6854 
6425 
11062 
10950 
7985 
9119 
5506 
5090 
9846 
2583 
6234 
9639 
1887 
5375 
12080 
8955 
1611 
1069 
6353 
205 
3466 
249 
1027 
11785 
10742 
1986 
5925 
5923 
7082 
13729 
5964 
13287 
12 
12016 
10097 
10410 
8157 
10169 
305 
4610 
13982 
3908 
13117 
10221 
13840 
7649 
2609 
616 
1830 
2450 
5834 
8398 
12413 
10501 
6224 
729 
5069 
10855 
10208 
10052 
2626 
11220 
11091 
2542 
3088 
10013 
1868 
6674 
9790 
1047 
13031 
86 
13617 
3543 
10879 
5332 
13672 
6988 
2533 
468 
2378 
13976 
8894 
6413 
3779 
1250 
11783 
10626 
1535 
739 
12915 
12618 
4565 
11880 
5832 
7308 
12638 
10141 
37 
13946 
4618 
9002 
9107 
6237 
5918 
11458 
12138 
437 
7338 
4465 
2239 
11156 
11273 
1994 
5008 
8536 
5210 
7137 
9355 
13692 
11536 
6184 
6656 
7628 
5409 
13575 
5093 
157 
6778 
10091 
4486 
11425 
5599 
9474 
8757 
2415 
10768 
3630 
9647 
10644 
3009 
10170 
9637 
7750 
5109 
5193 
4217 
4286 
12901 
5569 
11642 
7773 
11428 
8815 
2492 
5947 
501 
7810 
8152 
8959 
8970 
816 
565 
5974 
11179 
11286 
13646 
1075 
13686 
11008 
4323 
13472 
4998 
1742 
2232 
6590 
6686 
4754 
9701 
7515 
10198 
7324 
13993 
1221 
3964 
2395 
9260 
11289 
6123 
4088 
7845 
3263 
1168 
890 
11356 
9945 
8763 
3491 
939 
7680 
12247 
4811 
7872 
7404 
313 
4556 
4554 
4627 
3056 
11480 
3571 
10071 
10294 
6720 
9771 
4248 
6685 
5346 
13595 
1649 
8967 
4633 
13885 
9460 
12293 
3193 
7762 
679 
10992 
9792 
1877 
12261 
13886 
9749 
7738 
934 
12641 
2158 
13047 
7263 
4814 
5512 
1703 
424 
95 
6431 
962 
10269 
7169 
1012 
5294 
12632 
8572 
4440 
4314 
13967 
1418 
13480 
3289 
9515 
9815 
13756 
13780 
4071 
7291 
2198 
5337 
5213 
786 
1784 
512 
13370 
6634 
3890 
8059 
5458 
8310 
8605 
6993 
8691 
2863 
11923 
5926 
4755 
7981 
7454 
5708 
3880 
11568 
448 
10416 
10973 
9707 
13222 
10803 
8471 
11111 
2603 
1057 
11395 
2648 
10036 
7587 
13755 
7498 
7066 
555 
11339 
5896 
6208 
8065 
11306 
777 
12312 
10114 
278 
11135 
8081 
1933 
9414 
7968 
11502 
9920 
13543 
12657 
74 
9865 
2454 
13078 
11525 
3637 
127 
12567 
3277 
9041 
12707 
7754 
6636 
7187 
2772 
9721 
4116 
8742 
3337 
4734 
5474 
10920 
12388 
13746 
2834 
2712 
9128 
1543 
13440 
11623 
5772 
5041 
3876 
13473 
415 
9959 
7683 
10064 
12133 
9491 
4875 
5054 
2868 
12132 
11472 
10065 
10966 
1768 
13662 
9137 
5724 
8599 
11063 
7863 
4668 
7350 
9043 
11905 
5249 
12204 
4640 
8585 
637 
12835 
6435 
1595 
13731 
4938 
9020 
13570 
2195 
9189 
5663 
2402 
9365 
8395 
13059 
1515 
6953 
6118 
3346 
11907 
9546 
4108 
2920 
12043 
2380 
333 
1835 
11930 
5027 
13998 
8597 
13159 
8317 
12334 
7267 
8130 
5007 
1494 
11352 
1903 
12842 
2707 
10526 
5136 
4143 
6807 
26 
7812 
8506 
6429 
3255 
5203 
8984 
7244 
13479 
13765 
6786 
6631 
8093 
12482 
12927 
9805 
9810 
4738 
13414 
10356 
4739 
11314 
6737 
10213 
8697 
7993 
8537 
5754 
11252 
8206 
10761 
5026 
13361 
7714 
2769 
3370 
10991 
6109 
7087 
8369 
11488 
4747 
2910 
577 
449 
10160 
2744 
3399 
13209 
4243 
6748 
3772 
2389 
2693 
7647 
7730 
2397 
7526 
2877 
7984 
2939 
6242 
11211 
10982 
12768 
3867 
12014 
2148 
7444 
9256 
2986 
1417 
5856 
1282 
1179 
351 
6641 
13525 
5045 
12636 
7510 
4566 
360 
9967 
1898 
2619 
4671 
1361 
84 
8702 
13114 
546 
3424 
4190 
1714 
12660 
5874 
8826 
7152 
1762 
12724 
1497 
2128 
7755 
5790 
969 
4694 
8872 
3391 
11706 
2164 
10840 
5587 
7290 
7500 
12025 
3822 
3786 
1633 
4510 
3134 
8325 
1626 
7616 
12613 
7408 
12684 
1745 
8785 
4410 
5339 
12224 
2532 
7076 
4296 
1851 
3700 
682 
13454 
3909 
1978 
9221 
12942 
8185 
7477 
10188 
425 
10564 
12487 
9434 
5028 
8367 
9042 
1657 
2890 
10386 
6018 
5935 
1617 
12072 
9131 
12568 
2254 
9204 
4626 
8651 
5916 
9584 
1272 
7804 
9852 
5155 
13177 
2001 
8910 
13975 
4406 
11049 
2739 
7521 
6452 
13371 
11440 
11076 
7096 
9056 
41 
1721 
10718 
4966 
5258 
2936 
9271 
8852 
11216 
5550 
12733 
7484 
12134 
11863 
11669 
3542 
7265 
2474 
11529 
711 
11811 
9918 
2685 
1708 
2281 
5239 
6146 
11378 
13713 
10171 
1026 
9667 
4097 
7583 
12354 
9055 
702 
8109 
13198 
1565 
6205 
13489 
1032 
7269 
991 
1132 
7478 
5376 
5590 
5823 
9475 
936 
7902 
1028 
8862 
9132 
4283 
12537 
5335 
13951 
4652 
13715 
10357 
6928 
8116 
10378 
3450 
6860 
10438 
3360 
1609 
312 
7100 
5811 
7547 
5585 
10601 
9521 
13035 
10552 
12948 
6289 
1640 
6472 
9650 
13783 
3503 
9483 
10281 
9781 
609 
13108 
9163 
9951 
7947 
9984 
531 
3703 
2802 
13916 
11964 
12098 
760 
524 
4945 
9317 
6942 
5195 
6134 
4506 
4617 
13753 
11766 
6059 
2997 
5758 
13127 
9103 
1283 
1966 
10574 
834 
5077 
9347 
2252 
3644 
7601 
10314 
13680 
657 
8756 
8297 
2417 
1036 
2594 
12417 
8440 
8671 
823 
21 
1800 
12785 
5786 
11262 
2477 
11000 
2260 
467 
2811 
3185 
9901 
1748 
12229 
6277 
3442 
5877 
13363 
173 
724 
11554 
12624 
7268 
10562 
5748 
6309 
495 
4109 
13947 
9345 
8938 
7153 
4168 
5682 
6270 
6875 
5068 
8913 
2668 
8869 
12088 
5520 
8172 
1368 
8911 
10918 
4654 
3422 
5836 
9911 
11439 
13641 
8465 
10484 
9954 
11005 
11271 
320 
10139 
12107 
8268 
11106 
7747 
5075 
5822 
2647 
9259 
8736 
3656 
361 
7917 
10401 
6555 
2342 
10876 
5493 
2092 
2531 
9604 
728 
6818 
12113 
4975 
10142 
5435 
2568 
733 
2201 
2595 
12700 
4023 
4793 
3244 
12259 
8453 
12593 
5788 
3840 
11635 
4512 
7559 
9457 
7383 
12932 
12626 
13685 
3382 
8930 
350 
9061 
9350 
2592 
1311 
5691 
8687 
11124 
7719 
13038 
11412 
798 
1852 
1038 
13836 
5442 
1440 
12816 
10414 
10531 
1534 
284 
10774 
7611 
11972 
6864 
6622 
2054 
11292 
2775 
4980 
9512 
4944 
12912 
10442 
8125 
1746 
1468 
10509 
4392 
1848 
1305 
8472 
11855 
2047 
6544 
13306 
11628 
615 
5892 
2861 
8557 
1807 
2207 
12267 
9617 
10617 
1680 
3619 
2781 
6703 
3095 
379 
6223 
7553 
9536 
3227 
3878 
9481 
8074 
1460 
483 
8677 
7933 
12966 
3355 
12456 
601 
304 
7325 
2484 
8744 
12615 
6858 
623 
6712 
3478 
2379 
3553 
6831 
6502 
4259 
4284 
10740 
4 
6666 
8820 
88 
6395 
8907 
4772 
396 
13290 
13430 
13206 
7631 
8151 
9381 
11504 
11325 
6456 
9516 
4367 
2515 
5124 
8001 
13639 
11924 
11045 
1247 
3067 
7792 
12434 
9197 
12803 
6487 
9616 
9467 
182 
10719 
7642 
9110 
7543 
1863 
3717 
13215 
13732 
1011 
8829 
10263 
12191 
1323 
8354 
6249 
4294 
5368 
8061 
5876 
7866 
8311 
2403 
4222 
6603 
3603 
4185 
13940 
6600 
3257 
6381 
6498 
9552 
8917 
7254 
11029 
980 
12954 
10974 
9567 
10890 
63 
540 
9076 
10710 
6201 
11249 
4637 
1935 
2961 
8693 
6913 
9737 
2149 
9227 
10439 
4043 
13872 
4523 
10219 
910 
8934 
13650 
2296 
9548 
5318 
10978 
5785 
3261 
3805 
3032 
1419 
13065 
8519 
11639 
5630 
5535 
11319 
8806 
33 
11022 
5280 
3475 
10311 
9779 
13759 
9840 
9472 
2953 
348 
7342 
11301 
12109 
839 
6551 
4519 
11317 
2761 
8946 
9641 
8324 
9607 
5433 
13189 
8021 
10035 
2298 
13316 
5311 
2682 
2141 
12790 
3566 
11878 
10399 
10599 
12027 
12544 
1952 
997 
8028 
12168 
8136 
3695 
9744 
4020 
4948 
13068 
6679 
12621 
4644 
12039 
4780 
2192 
443 
5774 
5256 
2441 
5610 
6330 
6978 
10337 
4430 
12921 
1712 
7703 
10994 
11534 
4856 
5378 
1508 
9814 
7794 
1754 
5536 
6027 
10304 
6210 
12799 
2156 
9887 
803 
13681 
9090 
6653 
13445 
4560 
8034 
9070 
3539 
10043 
8839 
8576 
13810 
6797 
10836 
13798 
1860 
4112 
6404 
13282 
717 
10602 
3546 
13807 
8830 
743 
9706 
10837 
12033 
2262 
9369 
8208 
11608 
1735 
12863 
6202 
11020 
8545 
13573 
10587 
5843 
4126 
461 
3439 
771 
9037 
13037 
11910 
7316 
12159 
6066 
9492 
9909 
1782 
8889 
10729 
13158 
11606 
4481 
1538 
5223 
2791 
10234 
7835 
10605 
10470 
3721 
2209 
6732 
8232 
10946 
8491 
7712 
13111 
4603 
8331 
4708 
7131 
8086 
12686 
1726 
13511 
1259 
11861 
10248 
10732 
12754 
1936 
12489 
2530 
1433 
5089 
7237 
7873 
1532 
1590 
2145 
7943 
4416 
7669 
4963 
6601 
3742 
1322 
1733 
1808 
10567 
6215 
13643 
6879 
5694 
3350 
10455 
10512 
693 
6494 
9855 
8532 
5285 
10437 
1756 
13676 
8749 
10661 
13702 
7194 
6053 
1831 
484 
3741 
7745 
1424 
2416 
7078 
9159 
5570 
7829 
8166 
5415 
4411 
12015 
11035 
9209 
9523 
9334 
9293 
7539 
10113 
2445 
12647 
10126 
11931 
8264 
7840 
5132 
7199 
18 
6609 
10608 
12351 
7006 
12389 
3457 
2213 
3049 
7173 
8608 
12928 
6647 
4343 
8786 
3276 
6538 
4002 
12306 
10000 
12752 
7429 
11799 
5560 
12008 
6989 
5349 
10448 
3197 
1084 
7127 
6063 
7032 
1063 
7923 
9230 
977 
11999 
10575 
599 
256 
7201 
2639 
3979 
11942 
13288 
7625 
3 
4886 
8406 
222 
4106 
10586 
3403 
9246 
224 
11859 
12329 
5279 
2072 
4208 
12053 
7929 
9746 
3233 
9719 
750 
6310 
12106 
8944 
7343 
3957 
6986 
10867 
4670 
4174 
13417 
520 
13772 
7225 
5850 
10891 
13774 
12599 
12631 
12879 
4973 
12212 
5501 
418 
2740 
7063 
4290 
1223 
5448 
4731 
11722 
12573 
2396 
11168 
1681 
7060 
6922 
8888 
9026 
4202 
2151 
4125 
13098 
7599 
8618 
3323 
2931 
4592 
6863 
8881 
11460 
7867 
9024 
12512 
7637 
13099 
7377 
2124 
7855 
1105 
13911 
6337 
1408 
6473 
7112 
165 
10815 
9220 
12975 
9676 
10010 
7686 
7341 
4078 
8277 
3705 
5325 
13631 
2140 
8741 
10185 
3755 
5940 
2216 
12520 
2066 
9820 
7398 
6198 
11688 
1639 
4920 
7716 
11397 
2346 
4335 
6283 
7098 
11888 
1827 
963 
13164 
1774 
12800 
8682 
12705 
11477 
3627 
1853 
10777 
9680 
9064 
9645 
13376 
11377 
13130 
4678 
4525 
6453 
273 
4232 
7493 
5667 
4824 
1209 
1088 
13183 
7293 
8454 
7859 
13531 
7337 
11870 
9996 
5224 
9130 
9113 
5532 
4032 
2375 
2610 
6832 
10852 
404 
6798 
12536 
3167 
2836 
7705 
12199 
9023 
10787 
5366 
8875 
5958 
5144 
4288 
330 
9420 
5019 
10902 
1652 
2461 
6838 
10315 
10877 
2401 
6569 
3018 
5059 
13005 
6493 
8843 
8539 
7698 
3281 
3574 
1940 
6465 
8647 
7735 
4941 
4834 
8334 
10153 
4121 
10591 
2453 
10570 
8176 
1644 
861 
8252 
184 
5394 
7228 
8326 
4849 
10405 
1899 
7186 
9094 
7424 
6132 
12859 
4728 
13656 
3320 
1525 
13190 
12656 
1377 
7833 
59 
13381 
1536 
7541 
11580 
11024 
10218 
211 
2914 
9316 
6660 
1344 
12035 
7769 
9677 
27 
3675 
1141 
10581 
8051 
5475 
10935 
6343 
11083 
9269 
9207 
11234 
7175 
8828 
13192 
8225 
4281 
6156 
3057 
12822 
4774 
13682 
9658 
6354 
13104 
12825 
13274 
5552 
4836 
7403 
1915 
9300 
12839 
5957 
4027 
10998 
11212 
7271 
11845 
6211 
10190 
8468 
2756 
10324 
5403 
6252 
6318 
2068 
10628 
8982 
9944 
11762 
5647 
341 
12488 
11751 
229 
3135 
6290 
10146 
8795 
11173 
4241 
12117 
6138 
10775 
2561 
9047 
7552 
10516 
7426 
3555 
7697 
2090 
5742 
332 
6936 
10977 
9874 
2483 
3685 
2635 
7038 
11649 
4433 
3076 
2384 
10168 
9540 
13605 
13268 
490 
2456 
148 
3159 
4695 
2101 
3605 
2987 
6333 
4761 
2436 
12385 
10825 
11915 
9452 
847 
3092 
4706 
6243 
10498 
8285 
340 
4981 
4383 
1824 
10125 
9025 
523 
206 
10422 
5557 
12765 
6262 
5165 
895 
3659 
13034 
11829 
6147 
9053 
9091 
3002 
5188 
3535 
11832 
12964 
6524 
12406 
8949 
1356 
12739 
1704 
1942 
10181 
10942 
7059 
10144 
11144 
6220 
9986 
9065 
5373 
8699 
12559 
5383 
11505 
8068 
5242 
3758 
6851 
1288 
4135 
8634 
252 
13550 
1693 
6906 
13263 
9427 
5308 
6624 
13742 
10435 
13588 
3753 
992 
2188 
6167 
10911 
2176 
6718 
10824 
7568 
2256 
6003 
5472 
4451 
198 
11654 
11469 
3311 
2844 
1753 
5782 
452 
3974 
3463 
11622 
9990 
8007 
12841 
2720 
2075 
3498 
5196 
8833 
12497 
6218 
11652 
3483 
12440 
8089 
7565 
12557 
8798 
10928 
6768 
13956 
5929 
4351 
7192 
2810 
4987 
6356 
10846 
13178 
12685 
13953 
8262 
11112 
5012 
1213 
13919 
619 
85 
4251 
517 
11510 
3531 
8198 
8514 
11704 
12116 
10034 
6440 
4438 
2187 
8973 
2122 
850 
3112 
10808 
2420 
215 
7613 
1910 
9270 
12612 
5676 
6179 
2581 
5783 
12857 
8662 
12387 
12548 
970 
2391 
5872 
4718 
7713 
4688 
7632 
3676 
3068 
7499 
2074 
3105 
7345 
13814 
8316 
163 
5795 
6721 
8108 
12596 
7891 
5320 
9975 
7629 
5980 
12276 
10753 
13302 
4114 
9602 
12581 
476 
9742 
2093 
12391 
4199 
13223 
1354 
7957 
7208 
7665 
160 
3663 
10576 
6469 
13125 
6070 
1519 
9174 
8350 
11977 
4250 
791 
11835 
8981 
4859 
9913 
6523 
7068 
12662 
187 
5327 
978 
7213 
1177 
25 
11970 
8341 
9638 
9915 
4722 
9302 
3027 
7721 
8013 
9863 
5233 
7533 
10201 
4129 
12644 
1163 
1384 
8461 
10193 
3760 
12218 
6471 
3103 
4482 
11630 
4359 
3598 
5589 
7995 
5956 
1679 
4215 
2837 
1979 
11582 
3460 
6967 
447 
6990 
5022 
10257 
6444 
2157 
11806 
9725 
696 
3519 
13256 
8669 
13126 
4488 
1285 
3366 
1667 
458 
11192 
1044 
13358 
7385 
3089 
13730 
11692 
3169 
4169 
4285 
7437 
13504 
5838 
9489 
12436 
7841 
6033 
10980 
3102 
3599 
12737 
1172 
1939 
9433 
9154 
10143 
8173 
10109 
7027 
9520 
7549 
11169 
2131 
4322 
8810 
10970 
12454 
7753 
4540 
8476 
5996 
13767 
13305 
4784 
12696 
11206 
12471 
3614 
8298 
2876 
3735 
2540 
3458 
11866 
3687 
1251 
3358 
13362 
9314 
6000 
5511 
2277 
8263 
5276 
5117 
13461 
1738 
13751 
5120 
8655 
8779 
13994 
10926 
440 
8410 
9869 
1576 
1500 
8684 
13992 
10948 
13861 
9074 
12759 
8005 
845 
10698 
4041 
5664 
11895 
11937 
12005 
2806 
10450 
44 
12837 
3335 
7303 
335 
1397 
13081 
9898 
1154 
6248 
5985 
13257 
10380 
4119 
11059 
5211 
9537 
11492 
5622 
4871 
7789 
12209 
3866 
5561 
7517 
11814 
6664 
7260 
9077 
9069 
11532 
5968 
6983 
7731 
4063 
4547 
2289 
3709 
5254 
457 
9703 
10432 
8502 
13775 
636 
5305 
6655 
11161 
2280 
7209 
380 
11957 
5698 
3495 
2098 
1139 
11760 
4951 
12269 
1469 
10335 
8433 
3174 
3026 
1570 
6275 
1916 
9442 
2680 
4287 
4709 
9978 
5870 
4236 
1466 
5219 
6011 
2596 
6097 
9618 
1083 
4582 
8164 
1924 
3686 
162 
2465 
10032 
13880 
8153 
7905 
1918 
6760 
3838 
12048 
4658 
1071 
7189 
2683 
5692 
13366 
11224 
7012 
10400 
7416 
10893 
4235 
12877 
5518 
11575 
1462 
4700 
7728 
8868 
2551 
13703 
2065 
10095 
13565 
3516 
4783 
7035 
3929 
8495 
9600 
1487 
868 
6782 
8674 
6774 
4766 
3501 
7906 
5656 
807 
1817 
9086 
2701 
605 
11900 
3990 
3862 
10868 
7145 
11906 
8096 
999 
12603 
5697 
13266 
4840 
153 
9727 
7411 
1724 
4483 
11114 
7492 
1254 
11225 
9267 
10728 
13301 
2779 
11447 
2343 
13560 
4763 
3338 
12374 
2665 
12518 
4622 
12761 
1145 
526 
10546 
8724 
6861 
2443 
2930 
5712 
1566 
9425 
2968 
5897 
7326 
11658 
8329 
12030 
3196 
9982 
4053 
5650 
13211 
11784 
2773 
6481 
2630 
3584 
13633 
12241 
228 
7520 
6923 
7675 
8960 
7317 
10553 
1716 
10246 
1310 
10037 
13074 
7386 
4264 
6462 
4475 
6143 
11434 
8688 
9238 
8428 
6984 
9974 
11438 
3122 
8408 
6661 
2742 
1541 
7571 
7726 
3846 
4619 
5226 
116 
1328 
1364 
5776 
10236 
4593 
2457 
4457 
8692 
2572 
4567 
13142 
3770 
684 
6556 
13673 
13619 
11821 
7570 
331 
1295 
11215 
9682 
13603 
4408 
12121 
5709 
13524 
1473 
1914 
276 
1629 
5604 
4337 
7144 
3001 
3374 
9660 
265 
12503 
12073 
13551 
8916 
4101 
1854 
9527 
394 
13482 
7496 
371 
3427 
4661 
179 
12960 
11082 
5649 
5198 
9708 
5862 
13621 
13027 
6981 
11280 
3922 
4069 
12376 
288 
1363 
13864 
3947 
2807 
12282 
266 
13172 
5453 
12546 
6183 
5584 
4347 
4953 
5454 
4526 
3691 
11305 
9372 
10762 
13757 
8816 
4067 
3632 
9853 
12182 
462 
4134 
4349 
11929 
6979 
9652 
10421 
8484 
8595 
12905 
1455 
6777 
12534 
8490 
13849 
11382 
4183 
8337 
9632 
3722 
9640 
4583 
8964 
60 
10523 
4715 
990 
2340 
1464 
4833 
3040 
4414 
4050 
1685 
3190 
13289 
4578 
10623 
11277 
3017 
2199 
641 
9406 
1584 
8011 
2766 
8400 
8980 
938 
12022 
2608 
4991 
1336 
11676 
12256 
6532 
9565 
8226 
318 
13892 
5648 
12317 
7926 
9729 
10704 
12141 
6893 
7400 
294 
7447 
11479 
1809 
12278 
10486 
3861 
9102 
11065 
5732 
8590 
4699 
1316 
6363 
6391 
3725 
8893 
6592 
7788 
2034 
13063 
434 
13529 
8195 
6719 
9305 
9353 
12774 
974 
13866 
13891 
4048 
8554 
11186 
3564 
12831 
1389 
6157 
6176 
12252 
7050 
4829 
7001 
2984 
2947 
11362 
2777 
5439 
6991 
9825 
12004 
1734 
1037 
6102 
9394 
8784 
958 
10136 
5336 
12094 
2478 
6731 
5624 
10669 
7167 
9589 
4999 
7524 
2556 
7363 
4266 
414 
2620 
3054 
12605 
13606 
12250 
956 
916 
10686 
4727 
4997 
10986 
1902 
118 
6191 
4405 
6756 
2464 
4197 
2847 
8915 
8563 
12540 
6516 
6361 
8283 
5406 
7741 
3367 
6987 
11818 
7899 
4769 
3724 
4107 
2709 
9108 
5374 
3305 
13478 
12036 
9233 
13794 
8312 
6272 
4976 
13436 
12272 
8117 
1181 
6620 
10662 
3680 
6082 
10848 
9906 
2104 
6200 
5301 
3507 
10276 
2924 
6585 
3154 
11098 
12381 
9155 
2617 
9531 
11465 
2784 
4819 
5932 
9451 
3674 
11643 
13076 
4469 
2534 
6181 
8008 
8876 
13923 
3635 
10965 
5178 
13244 
1183 
13627 
5292 
3271 
4031 
13502 
11495 
7530 
9775 
4908 
1170 
9126 
8370 
11506 
13517 
9071 
6281 
4777 
9295 
12284 
1158 
654 
13398 
13292 
4117 
4669 
221 
10302 
1720 
13166 
3145 
2625 
5052 
13403 
13225 
5744 
2204 
13507 
907 
8426 
7435 
1380 
4028 
5431 
10375 
6197 
3589 
4477 
5216 
2653 
1672 
9557 
10426 
4445 
10296 
13591 
7084 
13007 
9212 
11834 
5392 
6010 
7026 
9942 
302 
9449 
4153 
8945 
5401 
8345 
4380 
3933 
5866 
11387 
3828 
6282 
13133 
6450 
7771 
8586 
13915 
3481 
5924 
2250 
6842 
13628 
1723 
2236 
12275 
4051 
13185 
9535 
855 
11586 
7449 
4167 
4098 
9910 
10854 
4268 
9987 
12744 
2943 
741 
9340 
4651 
6514 
5804 
9463 
4262 
13387 
2888 
10216 
4559 
7847 
11500 
13855 
12240 
6023 
13029 
12637 
2548 
219 
9693 
3761 
8940 
1886 
13893 
3512 
6232 
9322 
13079 
685 
5799 
13252 
3213 
4301 
2848 
12514 
9848 
3863 
10925 
8719 
12174 
4260 
9785 
13195 
4500 
7249 
10086 
11162 
3161 
5621 
7056 
12395 
9891 
11310 
9356 
5905 
3094 
6724 
6325 
3610 
5999 
2172 
7028 
5598 
8707 
9312 
12049 
5540 
5250 
11133 
7889 
10403 
1227 
10062 
12079 
11360 
10045 
8121 
6338 
12155 
8187 
9062 
1486 
12764 
1428 
12423 
2790 
5913 
9226 
6081 
5248 
5675 
13939 
8863 
1205 
2808 
7828 
9506 
5034 
8921 
5129 
2220 
4434 
8555 
7718 
4413 
12424 
13670 
6580 
5655 
9702 
11659 
11379 
492 
3688 
2165 
11702 
6182 
10656 
12248 
7710 
8527 
3221 
706 
6733 
9486 
7000 
11660 
6757 
12821 
8615 
220 
3510 
6562 
5848 
12506 
1750 
2967 
11122 
12075 
4200 
7346 
13602 
7903 
1299 
11069 
11902 
10640 
10466 
9307 
6894 
9121 
8766 
5847 
1929 
22 
11562 
6892 
8657 
3615 
5088 
13210 
4094 
1997 
454 
10268 
13740 
8267 
9659 
11705 
10430 
8412 
5950 
5284 
11887 
3600 
3084 
8509 
9762 
1304 
6169 
1731 
11374 
5207 
3486 
6497 
11026 
4520 
3417 
2843 
4448 
10558 
11963 
137 
9276 
13353 
4428 
11662 
5728 
4082 
1180 
7009 
12706 
8332 
13202 
11545 
9777 
13868 
13666 
11598 
7071 
669 
12244 
13674 
3911 
10245 
11770 
10012 
13084 
9598 
10490 
9019 
11994 
11559 
708 
1319 
12292 
8057 
727 
639 
10650 
12985 
10856 
6895 
10909 
9590 
8487 
12283 
9494 
11335 
10826 
11927 
13574 
12565 
5704 
13228 
8416 
12693 
12961 
4300 
9861 
1308 
2348 
6529 
1265 
13265 
5640 
3649 
4426 
6133 
10752 
2024 
5891 
8302 
5813 
4832 
2225 
9135 
11617 
436 
4177 
4794 
9185 
8739 
9524 
6995 
13449 
2082 
1490 
1618 
3670 
9606 
172 
2990 
5330 
2086 
17 
8898 
7425 
5573 
6482 
12996 
2718 
3704 
5246 
9834 
632 
2989 
303 
13443 
7854 
2560 
4751 
3811 
6615 
6825 
3814 
7894 
4877 
2407 
9139 
879 
8660 
5771 
12523 
9431 
12457 
5703 
1967 
12957 
5265 
8356 
2854 
2057 
4532 
8648 
11088 
8228 
11667 
8168 
2698 
3590 
6426 
10881 
11163 
8681 
12058 
960 
975 
10929 
12181 
7939 
12524 
12464 
149 
1968 
7674 
3791 
2265 
13041 
10066 
12950 
11693 
10937 
2711 
651 
10754 
2522 
10264 
11595 
5060 
378 
9977 
12973 
4539 
7105 
13367 
10384 
2205 
7569 
1531 
6371 
9423 
5465 
6570 
9236 
1403 
8538 
7736 
7931 
3051 
8950 
3020 
6396 
3734 
621 
7821 
10505 
4929 
6227 
13313 
11127 
3065 
11992 
9437 
241 
3321 
9574 
9461 
5970 
103 
5408 
11987 
11771 
2181 
8391 
11547 
7622 
1621 
12153 
3273 
12981 
6794 
4297 
12883 
7846 
8234 
9836 
1427 
7471 
1698 
10692 
8831 
12101 
9093 
4993 
1622 
6373 
6999 
924 
13928 
10301 
214 
6 
11141 
1701 
24 
9835 
2912 
762 
1262 
9695 
12770 
10115 
5046 
2103 
4006 
2872 
8071 
13522 
9450 
1054 
3036 
13827 
13264 
2884 
7720 
13163 
9444 
12187 
6306 
12124 
4326 
1109 
1542 
11986 
8603 
12173 
1175 
13708 
7836 
12578 
3344 
870 
2 
4060 
10919 
13943 
195 
5889 
5029 
1372 
1883 
6045 
6640 
9663 
13325 
7396 
10880 
11092 
3101 
2382 
10758 
11431 
5101 
13873 
11051 
832 
197 
12087 
11267 
5653 
4650 
9003 
6815 
2866 
299 
8188 
9875 
12110 
12206 
5380 
9823 
8393 
12249 
7483 
12129 
5386 
13515 
13404 
2628 
12587 
9509 
13942 
9079 
3080 
12545 
4581 
10334 
2804 
13568 
10203 
13712 
8622 
2197 
13199 
11749 
13044 
6161 
11882 
9367 
1641 
10133 
1760 
11390 
12956 
5515 
1888 
2374 
10744 
5990 
3560 
11916 
337 
13665 
12808 
9035 
13874 
10489 
13683 
3251 
2537 
10434 
1266 
13748 
10802 
7288 
5018 
10791 
3414 
2757 
13103 
2427 
11463 
1996 
13495 
7103 
13841 
11230 
8559 
5719 
10367 
1217 
11093 
2883 
10067 
8143 
7856 
3879 
12813 
6706 
261 
3949 
10465 
1351 
3727 
4142 
12601 
12555 
3198 
167 
2279 
4974 
1383 
11694 
5619 
391 
7558 
13518 
13320 
11366 
9106 
13240 
6557 
7251 
4903 
9250 
699 
6078 
12585 
8306 
301 
9705 
10735 
4030 
9723 
5739 
5558 
12997 
13250 
8441 
2588 
7775 
2036 
7999 
6509 
7940 
11166 
2282 
8750 
11134 
8420 
13986 
4362 
4823 
6828 
444 
6740 
12271 
1388 
1152 
6741 
4764 
13017 
12820 
9949 
6193 
4258 
12597 
6681 
5890 
3021 
8834 
5283 
7333 
1718 
10118 
9690 
79 
3527 
547 
11176 
10338 
955 
235 
10132 
6037 
4242 
4061 
12021 
8897 
1120 
4083 
1669 
12368 
6654 
13689 
11501 
12809 
13073 
12753 
2546 
9646 
6964 
6258 
4419 
8344 
2473 
10938 
373 
3430 
11363 
11591 
11567 
13741 
369 
5372 
13283 
8645 
1773 
7366 
6503 
10347 
8626 
1908 
3183 
11409 
6795 
6835 
1788 
13249 
11167 
8314 
11744 
11115 
10431 
9803 
13151 
11181 
10641 
42 
8419 
6166 
8922 
3660 
6857 
6447 
3286 
8714 
1429 
2442 
12670 
10939 
3496 
119 
3013 
7336 
10828 
8077 
1225 
5038 
8289 
1352 
10230 
5833 
10940 
10583 
6998 
3757 
11604 
1441 
9410 
5533 
9661 
5495 
8128 
13463 
1755 
6225 
5530 
5189 
12909 
10080 
4344 
13587 
3195 
765 
10573 
13739 
6813 
4292 
6621 
4816 
3537 
13536 
13132 
10087 
1445 
2285 
10543 
6709 
6076 
7602 
4934 
6424 
6313 
5555 
12314 
12225 
9141 
11941 
7944 
6392 
2679 
11683 
3785 
3545 
10493 
4930 
13903 
1062 
8620 
1608 
6716 
6006 
12090 
13474 
4544 
9733 
98 
2167 
8717 
7921 
4530 
4454 
4624 
8049 
13122 
2782 
12352 
12405 
4623 
13545 
12383 
11060 
7882 
11099 
11615 
7832 
6427 
12290 
8673 
2152 
6475 
11837 
8140 
3548 
539 
1478 
10039 
54 
7661 
9362 
10773 
6379 
12089 
6616 
10522 
2365 
13580 
1200 
9309 
12777 
10463 
6051 
6355 
9955 
3593 
6116 
2014 
4712 
8378 
2797 
10520 
2873 
1382 
10429 
10988 
2981 
11990 
1995 
10271 
2528 
5815 
459 
9582 
10413 
9436 
1562 
1050 
10272 
4026 
1426 
3429 
5232 
2222 
13857 
2344 
2833 
12342 
13165 
10578 
8733 
812 
11334 
9936 
13854 
9279 
5152 
10365 
5259 
1278 
12115 
12823 
245 
7305 
13925 
11561 
3402 
5479 
583 
5945 
7574 
13184 
2975 
633 
2233 
8496 
13718 
3340 
12149 
9549 
8124 
11330 
8452 
1371 
6484 
489 
3447 
5755 
6071 
1875 
4075 
5118 
13124 
4965 
3817 
407 
8571 
12939 
10864 
9961 
1593 
6811 
12623 
12372 
12437 
8085 
2194 
6639 
11914 
5976 
12295 
11794 
6517 
2964 
366 
7010 
815 
8048 
367 
13360 
4352 
5377 
13778 
6633 
1572 
1656 
6690 
9092 
6279 
13913 
4350 
3522 
3242 
3131 
7711 
13477 
8062 
4735 
2287 
11025 
9631 
6406 
3117 
9170 
1106 
5551 
2153 
11913 
1663 
5699 
10677 
3461 
2270 
11371 
78 
3563 
3754 
132 
13816 
3465 
7163 
7507 
6970 
11978 
4609 
13042 
9826 
11903 
12186 
2226 
13261 
7348 
10517 
6463 
12869 
9443 
11258 
5654 
250 
9611 
3285 
6328 
3689 
12876 
5111 
10261 
13232 
11758 
4601 
7827 
4805 
10684 
5821 
2661 
8083 
10540 
12243 
9377 
9469 
1912 
1058 
9914 
12556 
8718 
8499 
12302 
13138 
8678 
13696 
11944 
2803 
2193 
13877 
6140 
2614 
11874 
7292 
4899 
8321 
365 
9643 
8941 
3419 
5593 
8376 
12192 
9229 
7312 
8429 
2247 
2392 
5127 
10447 
4967 
12349 
9662 
6370 
8549 
3639 
9075 
4269 
3976 
7215 
7431 
1135 
2393 
4802 
558 
1971 
7672 
6510 
1737 
6549 
6586 
7146 
13392 
12726 
13705 
12591 
12689 
848 
13066 
7809 
8617 
12946 
5289 
11018 
12867 
9774 
9445 
5978 
11995 
8044 
7627 
670 
562 
5787 
147 
3884 
6360 
6085 
9416 
2306 
9668 
6646 
3444 
1085 
10871 
9941 
3719 
11933 
10112 
12886 
6693 
7490 
3923 
6274 
4339 
13152 
12967 
12254 
6871 
2946 
6088 
10073 
7942 
12590 
8347 
10914 
2462 
3139 
7542 
3551 
10076 
8407 
6881 
7072 
3452 
4895 
7915 
5298 
12646 
12369 
2995 
8215 
11646 
1699 
6451 
2211 
11960 
13314 
9120 
1184 
11057 
12552 
10917 
12598 
3852 
2196 
6652 
2703 
8562 
11849 
2120 
12118 
10932 
9813 
1153 
52 
5326 
4541 
6314 
12289 
5812 
4272 
7133 
11711 
6007 
481 
7193 
4218 
6065 
5001 
4037 
10693 
8462 
6958 
12836 
12345 
11272 
9168 
2504 
5395 
12020 
5270 
1421 
10665 
6821 
11563 
6068 
4584 
2314 
11830 
2754 
5750 
10048 
11633 
11188 
3200 
11632 
12606 
9743 
7132 
8582 
818 
7125 
2411 
11939 
9731 
2021 
11004 
4612 
11236 
6867 
2169 
12463 
2896 
866 
1801 
2857 
8791 
3388 
557 
12971 
12086 
2692 
4918 
1342 
7020 
9734 
13096 
4070 
5575 
10915 
6816 
9144 
5895 
8479 
12051 
13014 
6165 
5852 
10323 
8475 
11826 
308 
6036 
7505 
1829 
6918 
2447 
2960 
905 
31 
13865 
10746 
9753 
11621 
2434 
5837 
12678 
11527 
10778 
4580 
11340 
12360 
3464 
998 
7954 
13744 
10897 
10259 
9760 
3712 
1602 
10683 
6866 
5666 
7596 
2293 
1404 
9804 
5529 
3411 
9100 
864 
7890 
13412 
4315 
494 
12962 
7488 
2650 
1369 
9508 
9890 
2935 
4959 
2909 
6696 
6091 
4704 
12111 
8704 
1682 
67 
9713 
3312 
7200 
6957 
3906 
10551 
851 
5887 
13141 
8873 
10630 
6723 
11954 
6387 
10495 
9382 
7504 
11793 
3802 
5869 
8996 
6976 
566 
13346 
5190 
7652 
10510 
5581 
10933 
8827 
7615 
12561 
11287 
3570 
3684 
10223 
3133 
9534 
5247 
7300 
5828 
2368 
10265 
3269 
13863 
8792 
1240 
9485 
6369 
10818 
13235 
8180 
9988 
4494 
7102 
113 
7402 
242 
3357 
4865 
3390 
2696 
4295 
2932 
2578 
3881 
13801 
11102 
11537 
12970 
10063 
11896 
11620 
4376 
13486 
6216 
1794 
9900 
8823 
5202 
11940 
9685 
1588 
11574 
7636 
1775 
11860 
11239 
2584 
12327 
13812 
7458 
1138 
9715 
8165 
3853 
272 
10178 
13182 
12347 
8027 
7982 
7242 
9669 
13188 
11729 
4535 
4631 
5578 
2611 
12763 
9533 
2972 
12336 
5238 
3119 
237 
8212 
2302 
10678 
13512 
13984 
12907 
3559 
10175 
11904 
8405 
5261 
10482 
12679 
10989 
10874 
5021 
8076 
10120 
3449 
8780 
4115 
10835 
2615 
3658 
8629 
4743 
2322 
1430 
7707 
2088 
3408 
13401 
11792 
11795 
2154 
6348 
7302 
6332 
5616 
8817 
5450 
3171 
7506 
4138 
8525 
12081 
7790 
13671 
8147 
1298 
10392 
8100 
12461 
5982 
4382 
4996 
7451 
3066 
13887 
7405 
258 
6966 
9881 
587 
10494 
13224 
4141 
9125 
5759 
455 
2390 
3347 
6111 
9175 
3782 
8624 
4711 
2704 
5556 
2589 
3423 
5921 
5363 
11879 
7327 
5421 
4310 
12934 
12508 
13338 
1461 
10679 
5615 
1207 
951 
6245 
13888 
7456 
12056 
9517 
8169 
10180 
4229 
11571 
12630 
2925 
5513 
11551 
7619 
13803 
543 
11435 
9818 
4111 
3240 
2190 
7044 
10811 
6141 
13339 
1347 
10958 
10781 
6173 
9896 
8593 
10428 
5634 
13669 
4324 
11824 
7991 
3396 
11548 
10227 
1313 
4105 
4424 
4725 
12139 
5757 
9254 
3014 
4368 
3199 
4742 
13136 
7725 
12802 
477 
12642 
10316 
6212 
854 
292 
13169 
10241 
1710 
3900 
7839 
5953 
10186 
1458 
13523 
10390 
1648 
13145 
450 
13564 
6278 
6711 
6305 
2627 
3937 
5424 
525 
1190 
10158 
7378 
4912 
13085 
2638 
10250 
11180 
5743 
3329 
11788 
8080 
3683 
6351 
8768 
1362 
3362 
8418 
3848 
12782 
5023 
10138 
7744 
10687 
325 
7992 
2353 
9390 
8269 
4564 
139 
11997 
5309 
6004 
2762 
1113 
9778 
5983 
9876 
8023 
13678 
7181 
5174 
8790 
3012 
11255 
904 
8781 
6291 
2356 
196 
6607 
4576 
3283 
5125 
12550 
2752 
7617 
6386 
8860 
7693 
1387 
3005 
2062 
7122 
8158 
4096 
13334 
8256 
1791 
9138 
3087 
4163 
3356 
6752 
10806 
6531 
4432 
10814 
3398 
7593 
10797 
1017 
5466 
3752 
4348 
9051 
7765 
11696 
6131 
9290 
10700 
7638 
2341 
1016 
9570 
9844 
860 
8355 
3854 
13343 
5600 
6488 
626 
4158 
8948 
1702 
13586 
686 
12070 
10167 
6376 
10007 
833 
3302 
3310 
5645 
5693 
11962 
11938 
11889 
13089 
3015 
8105 
11246 
767 
10368 
12484 
8032 
7046 
1345 
9200 
7537 
2304 
5686 
10452 
3334 
2166 
7540 
11718 
9368 
2751 
5746 
8497 
2023 
3664 
6613 
248 
12063 
11021 
8431 
155 
1340 
2399 
6187 
11187 
6949 
2273 
6335 
13421 
5486 
13229 
6767 
12162 
10177 
11132 
1291 
8515 
7110 
4044 
10572 
7824 
11581 
12547 
13632 
11033 
97 
7485 
10947 
13356 
12899 
1504 
12999 
8482 
141 
6029 
9563 
2954 
13539 
9268 
8368 
528 
7914 
5690 
661 
4831 
8794 
13644 
11868 
4822 
5365 
7960 
534 
11691 
3144 
6047 
659 
10441 
13245 
9181 
2133 
10068 
917 
13921 
7140 
6405 
12343 
7687 
12000 
5538 
2871 
8573 
5420 
5854 
3872 
2706 
1400 
2825 
5855 
10161 
1087 
13394 
4850 
13690 
11700 
9343 
3158 
11117 
4055 
2562 
11998 
10110 
10289 
5845 
3243 
8825 
2041 
11975 
4563 
10119 
7274 
9134 
1993 
4683 
4962 
13630 
4018 
8182 
8556 
9354 
2472 
9877 
5662 
10449 
3774 
11689 
2182 
13592 
6150 
7117 
2251 
13170 
13860 
8591 
4175 
2290 
12895 
11589 
5814 
10596 
7142 
3137 
13048 
10476 
794 
8511 
13372 
7742 
9484 
4684 
11482 
6276 
12666 
9969 
5076 
8460 
3834 
12992 
10999 
8024 
3804 
4513 
8467 
3497 
1619 
9493 
6547 
11312 
4318 
12453 
6683 
10639 
13884 
9177 
757 
5055 
5537 
3896 
7983 
12414 
5580 
9822 
11976 
6605 
11584 
2272 
8219 
9304 
7911 
12772 
8190 
7729 
12586 
5805 
3611 
9714 
9408 
13216 
6402 
12432 
5741 
1040 
843 
9242 
12936 
11032 
11717 
9280 
134 
13750 
8379 
5792 
1662 
3120 
3710 
4550 
13652 
4099 
11388 
2513 
10031 
9328 
7221 
3536 
10614 
2061 
10660 
12511 
10990 
13509 
929 
2467 
13330 
3043 
11847 
13999 
1436 
7430 
383 
6460 
1195 
7356 
5995 
10593 
3653 
957 
5642 
985 
11016 
10615 
1232 
7243 
5548 
6026 
10373 
9098 
12047 
2818 
12572 
3301 
782 
6339 
6448 
2725 
7784 
527 
7838 
8957 
9380 
2227 
13922 
8338 
2881 
1779 
4001 
4642 
11499 
13927 
11926 
758 
7234 
763 
6969 
6125 
13758 
8474 
9083 
6148 
9032 
8933 
8696 
11349 
4341 
1907 
7247 
6228 
5197 
7129 
2856 
1001 
4795 
8278 
9740 
9867 
6762 
8053 
3050 
5317 
8880 
1981 
12127 
5445 
7054 
2308 
3353 
2822 
8392 
3835 
8466 
989 
13259 
1320 
12231 
4888 
12866 
6263 
185 
11590 
169 
9151 
156 
12507 
5951 
9886 
2431 
12211 
2351 
5222 
1174 
2414 
12532 
1309 
9579 
649 
1485 
5992 
7545 
3790 
7577 
13890 
1098 
13134 
9441 
4542 
13176 
7806 
11404 
5613 
8012 
628 
1842 
9198 
13331 
12793 
38 
12034 
1761 
6537 
3109 
593 
10653 
9566 
3699 
12701 
6619 
8855 
3155 
9899 
12633 
9232 
10612 
1563 
227 
1989 
3254 
7257 
598 
6707 
2690 
11550 
11670 
9738 
5977 
12251 
1705 
13983 
9146 
4667 
12373 
2015 
13821 
11459 
10467 
3529 
12232 
6745 
5602 
10362 
9843 
1695 
12577 
11673 
140 
11677 
11674 
5523 
11260 
7126 
994 
7283 
6115 
1904 
13737 
186 
13660 
11611 
1326 
11812 
1339 
7941 
6256 
5867 
3369 
10014 
11190 
5851 
1398 
1086 
12525 
1193 
9387 
13815 
10604 
8883 
11638 
5740 
3296 
9688 
8849 
1068 
5200 
2367 
10532 
3163 
4555 
1065 
7306 
12255 
6921 
13544 
9770 
2622 
12798 
8983 
2799 
2571 
5827 
2657 
11427 
2326 
1589 
3526 
11158 
8713 
2745 
563 
12651 
575 
704 
6073 
3920 
2889 
5497 
6449 
3667 
1675 
5577 
9400 
7043 
9655 
11047 
7961 
4170 
5842 
6092 
13566 
3954 
6817 
1263 
12435 
10204 
4128 
1216 
6437 
11298 
10395 
3784 
6582 
13700 
1822 
4789 
3682 
3750 
6264 
11657 
10822 
6565 
8504 
7918 
9956 
10511 
10682 
13883 
13494 
6939 
11446 
6675 
9333 
4905 
9349 
8665 
2633 
6294 
6017 
6075 
8505 
5063 
4214 
9471 
12315 
6162 
6122 
12925 
5473 
281 
203 
5545 
11266 
6787 
5037 
5227 
124 
13640 
10237 
8006 
7231 
11120 
13954 
9456 
10174 
6121 
170 
5009 
5809 
8184 
2084 
4209 
6917 
5328 
9067 
10716 
2063 
5701 
13144 
11607 
11721 
530 
7924 
12888 
7996 
12894 
11980 
13541 
4900 
2012 
9096 
7315 
12006 
9411 
4844 
725 
13181 
12217 
9768 
13357 
9958 
9275 
6793 
6349 
5991 
2724 
7318 
12609 
12958 
9615 
8386 
12692 
4375 
2520 
321 
8501 
5684 
5141 
2049 
3958 
2831 
4133 
13642 
11566 
1449 
4253 
551 
11368 
6025 
2662 
12826 
5482 
658 
6596 
8159 
6754 
1555 
3011 
3148 
12635 
4252 
3069 
39 
8769 
13553 
4149 
9341 
5300 
3304 
2618 
1053 
2452 
9966 
11375 
10345 
11489 
5612 
6637 
7279 
1941 
2552 
120 
1564 
12216 
11782 
5262 
11618 
5695 
7427 
13415 
5094 
2918 
11322 
4872 
9816 
6400 
8301 
12829 
3875 
1482 
9292 
4841 
11763 
10173 
10282 
10607 
788 
8560 
13540 
10689 
13483 
4681 
1446 
4923 
4732 
3962 
8552 
5643 
1294 
2267 
11383 
13825 
1833 
6434 
4421 
107 
4952 
7877 
8879 
9403 
4746 
13735 
4756 
8720 
6307 
3142 
12757 
13383 
10017 
10606 
700 
12838 
8886 
1140 
12328 
11854 
721 
13297 
9048 
10469 
7950 
3433 
11123 
1252 
5509 
6154 
3795 
1039 
13688 
4846 
3891 
8664 
3587 
12674 
11109 
11030 
5948 
4029 
2312 
8477 
2234 
12099 
9801 
552 
9376 
8275 
2073 
13609 
3224 
8357 
518 
7852 
3041 
9558 
8654 
4662 
5002 
7467 
5423 
8323 
3984 
7226 
6398 
11844 
7248 
8778 
6014 
329 
11244 
9544 
11560 
5961 
4892 
12868 
11807 
13832 
8240 
10936 
11862 
9622 
4713 
886 
4659 
5457 
10506 
3053 
3118 
6726 
1425 
5316 
3341 
6973 
5416 
314 
12900 
544 
11743 
9385 
10457 
8623 
6784 
5119 
13616 
12226 
11036 
8947 
1212 
7487 
1507 
5425 
4182 
3706 
9573 
10260 
6300 
3469 
9116 
571 
1123 
6352 
12119 
2727 
12972 
5629 
13691 
1244 
4346 
5934 
8772 
4159 
11720 
7381 
8534 
13768 
10374 
5104 
10598 
12068 
7938 
7322 
12169 
12664 
6089 
3024 
3278 
3363 
3895 
9980 
3336 
9192 
3938 
6912 
4436 
8931 
3851 
675 
7930 
1547 
3248 
3172 
6595 
8646 
2007 
2841 
8776 
1606 
12003 
7319 
8850 
13388 
8235 
6819 
1480 
7262 
4068 
12019 
600 
6032 
6331 
411 
7207 
2053 
11836 
592 
790 
12176 
4357 
8231 
7062 
7474 
9562 
4145 
2307 
11619 
7156 
11116 
3796 
13535 
3146 
11274 
9330 
9766 
4861 
11542 
9998 
4491 
9756 
656 
4611 
11853 
12708 
6771 
10473 
3943 
10922 
7764 
2409 
1196 
268 
11170 
13485 
11172 
7653 
46 
5893 
8854 
9720 
11746 
10843 
11300 
5875 
3557 
5987 
13988 
9613 
5736 
2509 
10720 
1411 
1930 
3037 
5807 
11665 
2268 
5348 
8920 
4797 
5400 
888 
8896 
12494 
3280 
9014 
6240 
8233 
11140 
6738 
11462 
12330 
2076 
10530 
13419 
5072 
7180 
4231 
5668 
460 
10635 
6617 
12416 
7106 
3272 
3184 
3515 
6001 
12716 
2179 
7139 
9694 
2185 
11365 
12878 
13030 
11846 
3016 
1813 
1552 
9324 
6518 
1228 
10366 
8373 
5644 
3287 
13934 
6236 
2253 
10952 
1729 
9016 
10984 
5333 
356 
2410 
8508 
2743 
12042 
11685 
8127 
5735 
11038 
7064 
9757 
3631 
10121 
4378 
1198 
4628 
1442 
9115 
2485 
3569 
4946 
2313 
8721 
2458 
4621 
2228 
3797 
6635 
5157 
11727 
4760 
385 
3265 
10502 
11486 
3225 
5274 
3925 
3904 
400 
8925 
5886 
8382 
10354 
11128 
7691 
2113 
9332 
2670 
12260 
10885 
8102 
10883 
8026 
1977 
5364 
9586 
12723 
13629 
1969 
1301 
13146 
3395 
9670 
6903 
7998 
9857 
11731 
1932 
3211 
4902 
466 
1529 
13845 
922 
10737 
9585 
5623 
795 
9664 
13963 
1945 
1465 
7040 
532 
3919 
12403 
13296 
11983 
12775 
207 
5900 
3869 
7659 
11110 
8492 
3459 
4080 
4577 
3652 
3889 
93 
2405 
3330 
10340 
13453 
9161 
1965 
8402 
2463 
12370 
7584 
8322 
9824 
3693 
11671 
2993 
3634 
10733 
13664 
11612 
11815 
12473 
12277 
12663 
112 
9211 
2748 
634 
5184 
7814 
5860 
8091 
11881 
6873 
3794 
1176 
7143 
8928 
793 
13278 
6377 
6470 
10714 
1373 
6932 
4666 
3857 
2927 
343 
2339 
12366 
8975 
8705 
13777 
7948 
4729 
6423 
4665 
4745 
13894 
878 
10025 
315 
13830 
1104 
7857 
6442 
4379 
3435 
2758 
7548 
3231 
13220 
11131 
6428 
6880 
11285 
2110 
13720 
1413 
12734 
11687 
7861 
4522 
12676 
9399 
4384 
4591 
5212 
9421 
10987 
5831 
10726 
2094 
2952 
11237 
6961 
5723 
6367 
11875 
5310 
12177 
2311 
8189 
5714 
13469 
9837 
11686 
11077 
7086 
6822 
6809 
3696 
1286 
2508 
7808 
1438 
5115 
2684 
2850 
6546 
10224 
6814 
6189 
6528 
10197 
10231 
13025 
92 
6034 
9171 
2070 
11898 
13028 
12296 
7298 
4311 
6940 
9247 
4389 
6884 
10829 
12897 
12294 
201 
4308 
1920 
8035 
2360 
12527 
4312 
10923 
773 
8578 
10863 
6575 
10159 
1889 
13468 
10015 
3910 
7896 
1255 
317 
10041 
9581 
2243 
9666 
6599 
12892 
8003 
2643 
9040 
5770 
8667 
4882 
4922 
9429 
1157 
4590 
9228 
10099 
9997 
9150 
2255 
1946 
11028 
1150 
482 
2715 
7987 
4675 
6368 
5660 
7309 
5110 
11071 
8078 
5679 
2942 
11967 
10901 
8481 
1512 
10192 
2839 
9811 
1804 
6823 
4102 
1187 
2574 
10694 
6489 
4331 
12853 
9905 
2776 
3004 
1476 
12055 
11982 
1007 
13850 
6730 
6663 
13080 
1523 
2297 
4024 
11200 
359 
10418 
10393 
8698 
10908 
1422 
6772 
1557 
10872 
3831 
12450 
2127 
12695 
4452 
7592 
13900 
12979 
1479 
3042 
8422 
11068 
10525 
12305 
9081 
2051 
13679 
1970 
8196 
3562 
12078 
4779 
11353 
4866 
1226 
9593 
2916 
3210 
6417 
7355 
825 
2328 
2734 
2052 
6415 
8542 
11391 
12933 
9186 
1134 
8257 
13716 
1350 
10582 
2677 
6480 
5160 
2095 
8381 
3596 
876 
12619 
12246 
6301 
6285 
2753 
8985 
7184 
1321 
2800 
11456 
9417 
8388 
1983 
3262 
5440 
4825 
2900 
10949 
6692 
2507 
5669 
11007 
297 
4279 
7278 
7767 
13722 
4672 
7469 
1828 
8666 
8596 
13109 
10229 
8840 
13589 
12093 
8464 
1911 
2018 
3860 
10306 
11159 
3164 
7296 
3206 
5389 
6834 
13869 
5169 
6935 
7285 
9981 
7518 
11019 
3219 
11113 
12995 
5489 
11009 
3129 
4507 
11951 
4216 
5857 
4148 
1668 
3108 
12535 
10379 
7463 
13726 
8986 
7967 
10664 
2471 
4741 
6722 
470 
12367 
6103 
4632 
10342 
328 
3821 
12922 
3648 
7118 
10021 
869 
4473 
5631 
12299 
11737 
11668 
2853 
4716 
1269 
3114 
13375 
1260 
6519 
5955 
6710 
3711 
9375 
9629 
2934 
9530 
493 
9556 
13281 
11136 
9208 
11296 
4203 
4493 
2737 
1574 
1697 
2046 
6362 
11444 
4604 
8266 
1689 
8838 
12677 
2512 
13828 
7909 
2263 
12010 
5756 
1921 
2824 
5411 
9889 
12468 
11985 
5163 
1954 
8107 
3111 
1131 
6820 
5773 
10590 
7440 
7284 
1318 
11514 
4401 
6974 
6336 
9099 
3319 
2206 
6044 
13763 
10585 
13945 
6887 
4826 
671 
8773 
10247 
6284 
2309 
5492 
3915 
1845 
293 
499 
8123 
4889 
11627 
3453 
610 
5451 
2278 
12023 
1677 
10927 
4883 
2359 
5481 
9773 
5057 
11222 
4876 
4885 
13851 
13500 
8793 
4009 
5909 
6669 
7740 
12499 
9201 
1046 
3409 
2435 
1795 
13270 
1126 
8401 
10092 
3952 
5369 
5608 
478 
13167 
2832 
13101 
10285 
7743 
7758 
1661 
11050 
6107 
5641 
6002 
7723 
10695 
2027 
3181 
9767 
7907 
8455 
5975 
889 
7959 
6806 
2210 
9274 
7468 
3303 
3297 
8755 
7952 
8271 
6792 
9513 
10508 
8616 
4480 
6670 
6135 
7357 
11653 
7787 
4935 
7546 
8394 
5351 
1673 
12847 
1766 
1067 
7372 
12805 
13833 
11064 
8058 
12358 
2077 
11831 
10402 
9849 
6257 
10325 
529 
7704 
5526 
862 
8254 
7562 
8224 
7751 
11572 
6321 
3888 
3780 
4233 
104 
4771 
10326 
509 
12438 
5230 
2750 
12923 
11337 
11108 
550 
5391 
11531 
2274 
4527 
3577 
3079 
6965 
12807 
13596 
1805 
4904 
3602 
2673 
7195 
2413 
10997 
7875 
3218 
12189 
496 
5461 
11228 
9188 
5005 
12341 
11730 
10688 
8223 
11800 
14 
829 
713 
12727 
12150 
421 
1052 
2116 
12893 
1625 
3993 
9021 
7108 
7407 
11130 
10796 
4131 
10668 
11614 
5043 
800 
11610 
1583 
3697 
3511 
2259 
3885 
5407 
2970 
9017 
2186 
9136 
10861 
11096 
10701 
3988 
4928 
2240 
828 
7837 
5767 
12298 
2971 
2765 
3436 
12771 
1810 
12321 
7314 
5151 
12082 
4147 
5768 
2641 
1591 
9587 
5659 
12680 
2330 
7395 
8716 
3940 
8668 
8486 
12041 
4884 
625 
463 
3829 
4698 
6478 
8621 
2329 
9479 
1732 
5910 
4503 
9386 
171 
935 
8383 
12604 
10069 
9263 
9389 
4184 
11912 
9976 
342 
9783 
2636 
10588 
5488 
6286 
10964 
13062 
8207 
6705 
2035 
7786 
4880 
7966 
13052 
3389 
1642 
13113 
12100 
10417 
764 
5081 
11564 
355 
13426 
10079 
7417 
10107 
3776 
10707 
6250 
442 
3858 
3924 
5128 
909 
2498 
1348 
3609 
11786 
7115 
6937 
7825 
9073 
2155 
9854 
2324 
1973 
1332 
3456 
5214 
9526 
13607 
6750 
9080 
13996 
11178 
6414 
5907 
8342 
12570 
13585 
2783 
3601 
7007 
6919 
11017 
5902 
7848 
7457 
4237 
5541 
7579 
12472 
8939 
8836 
5894 
13355 
11592 
4062 
23 
8197 
9895 
2505 
4110 
12776 
6280 
3451 
8221 
1115 
9599 
5485 
840 
1396 
6955 
5808 
11490 
10755 
2713 
13955 
3803 
13978 
9686 
13351 
2958 
11648 
666 
2835 
10887 
10321 
6117 
300 
11210 
13424 
13556 
11513 
11890 
7823 
9868 
9608 
13968 
3714 
158 
680 
1987 
2245 
10717 
12851 
3707 
2016 
11979 
9601 
5065 
3343 
7709 
3307 
2660 
1880 
5673 
216 
11852 
5672 
582 
5014 
4537 
1884 
13186 
6358 
10207 
12002 
8018 
13143 
5000 
9346 
2644 
8217 
2985 
13422 
3188 
6393 
9439 
6030 
3528 
961 
2654 
954 
5572 
6764 
7585 
3116 
898 
8156 
7240 
10667 
6479 
6651 
13437 
3253 
11856 
6698 
10801 
3104 
4307 
579 
9203 
2840 
2812 
6804 
12198 
8469 
2694 
10471 
1650 
1579 
761 
9487 
7307 
4969 
3613 
13056 
7358 
11798 
12180 
3477 
11242 
166 
11 
105 
1783 
976 
13318 
10706 
8612 
7780 
5412 
9213 
8333 
1034 
8227 
1197 
8009 
11129 
7573 
13898 
6312 
6632 
3351 
51 
6886 
4562 
1160 
2886 
3524 
10767 
11153 
8690 
3179 
9644 
10712 
5510 
1711 
2422 
12510 
8230 
5633 
5899 
4679 
12407 
13279 
4653 
10912 
4255 
2576 
1797 
11072 
13852 
2962 
2258 
3737 
1110 
12421 
7964 
7219 
12288 
8818 
5095 
9879 
402 
6897 
13241 
6185 
12148 
8150 
10776 
3180 
11380 
11973 
4634 
8685 
13615 
12483 
5307 
4646 
7123 
2496 
247 
13490 
6916 
10156 
1906 
11947 
353 
6650 
5268 
6501 
8738 
873 
1029 
8583 
5218 
5504 
13995 
4977 
4356 
7606 
814 
8903 
1839 
2755 
4733 
12325 
896 
9902 
535 
7339 
4879 
144 
12890 
513 
8092 
12885 
13322 
6904 
2423 
1151 
1111 
11146 
6483 
548 
3775 
11344 
7297 
13906 
5592 
8535 
13 
11336 
6172 
11241 
1147 
1333 
5496 
8191 
4913 
13411 
7235 
9831 
7946 
13308 
10731 
4463 
7657 
10044 
6930 
3072 
11329 
10962 
11949 
9352 
4664 
11876 
8891 
13451 
3650 
129 
11193 
12443 
4495 
1511 
673 
13657 
1865 
5304 
8031 
9393 
2115 
3170 
6375 
2045 
3576 
10556 
4039 
10028 
11171 
10372 
432 
6576 
9058 
959 
7701 
8067 
8203 
3115 
5544 
5164 
5627 
3380 
13311 
327 
6390 
12126 
4950 
12862 
4939 
9082 
3241 
10329 
13964 
1229 
6909 
8767 
8218 
10993 
1484 
10821 
3971 
6758 
7091 
5516 
2763 
12439 
11432 
537 
630 
12311 
10427 
8856 
12504 
316 
3349 
4398 
389 
12755 
7446 
8286 
7910 
12353 
11160 
2275 
4212 
1268 
13021 
2669 
1913 
5264 
12889 
12858 
9551 
4768 
7183 
780 
7149 
7576 
11245 
6177 
3078 
8994 
9165 
3901 
397 
4573 
10833 
387 
11250 
5491 
11838 
7486 
4077 
3823 
2732 
10130 
10222 
10892 
4521 
13448 
6971 
11413 
2429 
3081 
8122 
7853 
7590 
865 
1277 
11797 
12303 
4839 
995 
1561 
4395 
863 
8209 
2354 
3062 
4249 
10921 
11755 
4358 
8174 
9873 
11538 
9160 
13382 
11253 
13910 
4940 
7529 
7618 
6735 
8989 
4298 
6742 
12297 
4838 
3361 
4676 
3416 
13593 
4089 
13390 
11002 
826 
6110 
5434 
5651 
5404 
6648 
6476 
11921 
8531 
13835 
12038 
1796 
13779 
10433 
10788 
13379 
11523 
1284 
2333 
10793 
5080 
12258 
1234 
2398 
1261 
12490 
8610 
1573 
7690 
698 
9178 
9809 
6611 
1567 
8877 
1306 
2977 
7353 
9710 
13413 
6630 
13784 
2170 
12103 
6865 
9924 
9841 
11070 
6302 
8249 
10715 
8352 
7671 
1385 
5053 
11191 
7347 
9329 
1276 
6287 
1956 
7410 
10396 
8362 
1604 
3033 
13075 
8728 
13295 
12265 
10134 
11690 
13747 
5826 
5252 
5993 
12531 
10976 
7612 
12688 
10300 
11282 
6345 
1777 
3967 
4954 
1331 
13121 
6499 
3982 
6186 
5278 
8251 
6934 
11748 
8643 
3331 
13725 
6042 
5150 
12166 
430 
9129 
7182 
3847 
10981 
830 
9497 
6824 
12404 
7172 
7883 
12419 
8458 
8220 
11297 
2778 
3162 
4702 
12501 
1894 
11107 
1409 
7069 
1393 
9671 
469 
5162 
2237 
5484 
2069 
1928 
4835 
12332 
4245 
3216 
6317 
3400 
2607 
11295 
4864 
2878 
7748 
2078 
1173 
2689 
2008 
7202 
5547 
6022 
11911 
2060 
7229 
1013 
12377 
3267 
3252 
5181 
3448 
8512 
10790 
7088 
7360 
12592 
10757 
8722 
6552 
13471 
393 
5100 
1271 
9031 
13088 
678 
9893 
10645 
5503 
3203 
9674 
13332 
5106 
4887 
3488 
1636 
8588 
4961 
4317 
8425 
6443 
5986 
3517 
508 
4791 
2430 
9627 
8822 
9435 
3698 
12704 
7061 
5288 
8564 
9038 
2439 
1975 
13019 
12398 
10597 
1307 
11183 
772 
5066 
12538 
8216 
3293 
8279 
4919 
2125 
2580 
10535 
2664 
12185 
9432 
2554 
7174 
2321 
6028 
4459 
263 
11046 
2521 
7155 
10273 
3405 
381 
12194 
12602 
10896 
10906 
10424 
3489 
4914 
8600 
5620 
4572 
358 
8814 
9673 
9158 
2860 
1592 
5988 
7563 
7497 
1238 
9802 
12156 
9357 
13707 
13590 
11605 
12787 
1944 
13924 
8365 
7677 
11348 
10210 
12828 
4869 
10708 
5353 
4206 
12913 
8064 
9718 
11283 
8706 
9751 
2557 
6649 
3222 
3058 
7008 
13966 
73 
6876 
8010 
453 
5281 
13450 
8389 
9473 
3642 
8098 
3617 
12337 
82 
13604 
1982 
10226 
7177 
12378 
9569 
11263 
5824 
9842 
1100 
4373 
2585 
2026 
8119 
3622 
3322 
3678 
1117 
12661 
11736 
7204 
1491 
6496 
3348 
647 
10792 
5591 
10051 
3646 
12736 
3931 
3189 
3326 
9554 
2404 
5685 
646 
1691 
4470 
8202 
7658 
4204 
3980 
6464 
13859 
4254 
9285 
6021 
4587 
5657 
841 
3394 
3410 
1503 
4737 
8494 
6231 
13581 
4599 
720 
3232 
10968 
13467 
2215 
1881 
11877 
11820 
11299 
7610 
852 
55 
3059 
13008 
3375 
1033 
5888 
11100 
1051 
1165 
6790 
4517 
9752 
564 
13514 
5994 
13532 
12963 
6700 
13579 
5297 
5747 
12112 
7684 
13797 
1451 
9087 
4992 
6383 
8171 
13548 
283 
5205 
8518 
10536 
11350 
12743 
257 
12553 
3147 
6577 
5480 
3645 
6659 
6346 
2433 
10459 
9459 
908 
10738 
7159 
12849 
6945 
13620 
5865 
802 
10730 
7692 
13110 
1759 
5793 
7932 
7310 
3383 
6454 
2675 
2388 
13938 
9462 
1582 
10488 
8650 
11507 
7479 
390 
4685 
7255 
2787 
71 
9172 
3454 
12917 
11423 
9286 
13782 
4191 
4261 
7538 
1632 
8103 
9166 
11240 
2071 
13980 
7222 
4340 
11950 
7816 
13929 
5419 
13174 
982 
10609 
13397 
9828 
1020 
6420 
5234 
9795 
9476 
2249 
7850 
6802 
7320 
12796 
6956 
13847 
2747 
3894 
11585 
8132 
13011 
572 
7978 
3625 
20 
1416 
5171 
2730 
5559 
13100 
12840 
12990 
13481 
9078 
7154 
11407 
4801 
2135 
11328 
7831 
12846 
4597 
6268 
1287 
5399 
1206 
352 
11871 
3792 
8918 
13012 
1730 
931 
11965 
662 
5040 
6137 
2002 
3926 
3217 
7121 
13786 
13949 
11229 
12681 
2710 
13659 
3665 
11121 
5334 
6266 
5343 
12611 
824 
6626 
4942 
9653 
9378 
4165 
9297 
8942 
6217 
8052 
11600 
5116 
262 
13498 
6868 
2160 
10539 
4004 
11343 
502 
10611 
8397 
11773 
5702 
730 
13408 
48 
1727 
2000 
5460 
6194 
8088 
1615 
422 
6467 
7016 
13064 
10527 
3132 
5102 
10102 
1980 
13090 
6628 
9164 
3401 
2139 
1961 
7752 
200 
7104 
8611 
6859 
3914 
13534 
11922 
10075 
5671 
10140 
6163 
4064 
4909 
10529 
4186 
3434 
5004 
576 
4994 
7800 
8809 
2864 
7124 
8348 
12526 
6239 
8154 
11148 
1647 
8313 
13513 
1128 
2655 
3306 
13234 
3788 
12344 
7892 
3978 
10577 
7157 
8050 
3773 
9453 
12476 
6271 
7650 
8099 
9301 
2126 
11164 
11487 
10002 
8004 
363 
13638 
5255 
10772 
2318 
11565 
7210 
3055 
4211 
9251 
3039 
3673 
7031 
13457 
7760 
12011 
11201 
2906 
6761 
10559 
9736 
3100 
10594 
902 
13714 
12365 
11410 
13802 
8288 
12339 
12165 
6056 
8735 
13071 
13655 
3428 
12756 
11809 
473 
4345 
3995 
354 
9193 
9167 
70 
11218 
3629 
9850 
4280 
1687 
635 
12460 
13115 
2651 
10460 
6114 
8708 
9502 
5092 
986 
3420 
12653 
6106 
1510 
11656 
7922 
2805 
13493 
941 
8183 
1790 
3345 
12046 
5830 
13095 
234 
4003 
111 
6327 
11935 
3082 
13439 
6584 
9006 
7818 
11543 
9338 
8878 
12720 
13837 
533 
6810 
13221 
326 
9957 
10651 
1937 
1513 
2055 
13675 
12852 
11780 
1220 
386 
8761 
9243 
9409 
11433 
398 
8055 
5071 
13944 
9696 
13879 
1256 
2494 
11385 
11090 
10634 
10649 
13386 
13307 
12270 
2631 
3975 
12069 
5462 
12128 
4803 
9223 
9052 
1079 
11369 
12228 
6744 
10995 
952 
2479 
12210 
10957 
1211 
12227 
13719 
13248 
11270 
4005 
2040 
12891 
3354 
9466 
9318 
2549 
1185 
1749 
3751 
11398 
10504 
4655 
11787 
87 
5355 
12123 
2851 
12691 
11742 
1366 
4276 
789 
3468 
8020 
6839 
429 
13572 
6946 
8598 
4363 
10217 
7494 
683 
9827 
2264 
2634 
3939 
8090 
2032 
13139 
13040 
10288 
5914 
6142 
7432 
8900 
13236 
12408 
638 
923 
996 
9455 
5266 
12951 
13023 
6591 
7860 
428 
5017 
608 
6445 
9791 
126 
12076 
7630 
6411 
3743 
11573 
8914 
12920 
486 
13212 
6890 
10412 
3825 
11802 
2501 
2915 
12279 
2175 
6058 
644 
11194 
13694 
859 
9010 
4552 
12530 
10709 
2544 
4418 
5225 
3387 
12751 
13162 
9018 
5103 
4594 
5734 
11464 
6688 
4837 
9575 
8529 
12610 
12919 
7048 
2043 
3690 
10117 
7029 
3178 
1846 
6206 
5079 
5192 
5478 
13960 
3807 
3849 
5432 
3513 
944 
13128 
271 
11376 
2945 
947 
12097 
2173 
8351 
6766 
13061 
3446 
1188 
12683 
1767 
8120 
1654 
7734 
8752 
12978 
3733 
5312 
193 
12668 
645 
13985 
7138 
12322 
8503 
491 
2629 
2119 
11822 
11147 
3972 
9697 
8609 
511 
8335 
9396 
7 
11839 
9528 
11716 
6304 
13870 
7706 
4059 
13058 
11713 
5158 
5410 
12871 
8978 
672 
10194 
81 
8802 
6038 
726 
4140 
11205 
4282 
1021 
6687 
11511 
8339 
9745 
11666 
11157 
12865 
12543 
2214 
10485 
8110 
1189 
1678 
8801 
1116 
9675 
1327 
1765 
2951 
5360 
9787 
13373 
12257 
5849 
7797 
4682 
9594 
5628 
5839 
3294 
4090 
2688 
11594 
3662 
4890 
2903 
6579 
1035 
408 
5459 
10084 
5971 
5272 
13010 
3583 
2919 
1925 
12714 
2100 
5070 
1370 
6553 
4156 
3777 
6558 
3153 
12814 
8112 
3763 
3191 
4049 
9013 
3963 
275 
3008 
4492 
12947 
2979 
5566 
1601 
11079 
1616 
11321 
4707 
7340 
8417 
3618 
966 
11558 
3641 
12791 
10794 
13207 
8751 
12767 
56 
5438 
12564 
12918 
12654 
2949 
5979 
11616 
8857 
11769 
3640 
13508 
10001 
142 
35 
3948 
2387 
4474 
10800 
769 
10561 
12745 
7130 
4462 
13173 
174 
3025 
5939 
4781 
13834 
2917 
8137 
519 
11042 
6543 
12974 
5611 
12910 
9315 
6098 
5049 
5098 
2965 
3378 
4074 
6572 
736 
12442 
7421 
10832 
5131 
8993 
612 
11481 
1 
3194 
9928 
932 
2547 
7188 
11602 
10621 
1849 
13231 
12848 
13039 
12687 
2524 
13677 
4595 
7795 
10446 
4453 
9331 
3365 
4635 
1751 
1926 
2481 
7453 
6072 
2982 
3228 
7886 
12393 
2114 
11752 
6836 
5820 
433 
13433 
12200 
9405 
7881 
664 
5096 
2350 
5972 
6055 
7807 
5085 
6323 
2539 
4403 
8036 
13578 
11345 
11015 
3626 
10831 
4240 
7849 
759 
10691 
10496 
6623 
5443 
817 
7321 
8575 
11355 
2161 
12998 
8858 
12486 
5405 
2144 
1108 
5235 
8936 
12728 
3708 
13754 
10685 
5738 
12569 
2449 
7294 
4545 
11661 
6938 
2448 
827 
11741 
9015 
2325 
7258 
9654 
4013 
7019 
3746 
8887 
12762 
1594 
12062 
2929 
12026 
3156 
4553 
4680 
9470 
13179 
1114 
4557 
7782 
12195 
7971 
3339 
9858 
1023 
9612 
13233 
13420 
9851 
9182 
11725 
1934 
8895 
3046 
10647 
10054 
11894 
8364 
948 
7218 
12875 
867 
2064 
6436 
83 
779 
13253 
6571 
6826 
1049 
13300 
9030 
8902 
10155 
5290 
10813 
5361 
6151 
13335 
11775 
4316 
11185 
3738 
13817 
13957 
8318 
8377 
1080 
12425 
8783 
8489 
13856 
5382 
9609 
8245 
10827 
3490 
4843 
6455 
9510 
3956 
406 
6559 
10865 
7681 
1410 
1603 
3799 
1922 
7945 
3730 
9319 
745 
7459 
4656 
12085 
7953 
7238 
4614 
12102 
12551 
3270 
9440 
1820 
6174 
2577 
11037 
10655 
6791 
3284 
8526 
12815 
10278 
3694 
168 
1891 
2815 
5938 
967 
4162 
12326 
3085 
12529 
3538 
11840 
1000 
2905 
9468 
4391 
6407 
4538 
10253 
7761 
5430 
8205 
1938 
11520 
6914 
10760 
5397 
4118 
11587 
6610 
13378 
345 
9283 
4853 
5901 
6048 
6422 
7299 
8510 
10963 
12266 
2011 
5413 
8953 
4265 
4586 
9379 
8229 
11027 
7401 
4845 
4087 
3544 
9224 
12268 
2646 
11311 
813 
5998 
3247 
3961 
2191 
6900 
2037 
589 
9717 
2882 
12308 
13876 
12346 
291 
3732 
3762 
10786 
11232 
13823 
13698 
13452 
13328 
13032 
11209 
49 
50 
2180 
2658 
4086 
287 
7090 
5853 
12356 
2645 
12467 
2956 
9529 
4273 
3681 
5494 
12926 
8237 
58 
324 
11672 
3500 
4303 
5342 
3090 
6288 
10805 
12627 
6077 
3636 
323 
4790 
2488 
9916 
1008 
12196 
7927 
9940 
5765 
3035 
10135 
500 
8613 
11526 
12338 
810 
6725 
10713 
7874 
3325 
10172 
13418 
6525 
9383 
10444 
11126 
12444 
2591 
5762 
6506 
12855 
7128 
11278 
7227 
12392 
12452 
13853 
1434 
10214 
13561 
