10000
8720 
2488 
3458 
1643 
8126 
2432 
8763 
7467 
5878 
4332 
3624 
5178 
6937 
3315 
942 
984 
4666 
3975 
6184 
4321 
8711 
6703 
4087 
1988 
1992 
3947 
1287 
1492 
7772 
1111 
4503 
6267 
7907 
4479 
5704 
3540 
6869 
390 
1989 
3385 
1210 
1991 
509 
3639 
1330 
5261 
7059 
5951 
9840 
3467 
9107 
6656 
8169 
5321 
1857 
1680 
5026 
1553 
6242 
9198 
4088 
5062 
1584 
6601 
5867 
1472 
8475 
1743 
406 
1288 
1597 
3324 
9317 
789 
7328 
4567 
8675 
3032 
5429 
5458 
5043 
9102 
5390 
898 
7668 
9923 
7863 
6747 
1792 
8448 
3468 
6660 
5949 
505 
4296 
9861 
3742 
84 
8649 
802 
6707 
3802 
6023 
9401 
1445 
295 
1644 
9224 
1930 
8667 
1589 
6497 
1374 
3419 
4033 
324 
9363 
2266 
8114 
8564 
5334 
5841 
4548 
9594 
6299 
250 
60 
3852 
2156 
4792 
7758 
277 
5767 
8553 
5480 
9835 
5120 
1797 
1398 
6463 
7100 
6031 
8926 
6025 
6555 
4619 
615 
2295 
8615 
5378 
8187 
4145 
2793 
2022 
9991 
6029 
6611 
6949 
8746 
1481 
1101 
2807 
4609 
8467 
9279 
5971 
5454 
2119 
459 
8672 
5902 
5915 
7023 
8645 
4176 
3124 
4947 
6412 
444 
4743 
9863 
9907 
5922 
2575 
9074 
1560 
9828 
2799 
2214 
3172 
103 
4686 
79 
7465 
358 
2578 
5370 
9404 
5316 
8770 
4553 
6291 
3881 
4067 
7604 
6603 
943 
3486 
6176 
7945 
9796 
2409 
761 
398 
24 
8717 
8701 
7373 
4568 
6067 
9069 
5404 
9589 
4144 
9897 
2222 
7208 
4256 
4224 
222 
9354 
2121 
5496 
9967 
344 
2766 
4847 
1170 
8310 
2684 
6499 
5757 
8561 
7372 
9528 
9127 
290 
7248 
2122 
9799 
8811 
4046 
5674 
1812 
5391 
9196 
4707 
4826 
5941 
8315 
9994 
3905 
1513 
7094 
1967 
1387 
8721 
8515 
7930 
3969 
8404 
1160 
156 
7836 
9276 
7095 
8910 
4535 
2777 
2477 
621 
7437 
8629 
9484 
6361 
1227 
5084 
4006 
9038 
6438 
4122 
6384 
9874 
9522 
5682 
1986 
7707 
1936 
973 
5771 
5532 
5430 
1685 
7842 
369 
7962 
749 
4597 
4299 
9172 
8616 
7130 
9722 
8136 
3044 
9340 
4319 
9958 
6653 
3358 
9716 
8678 
7290 
6387 
9525 
7770 
1754 
513 
6722 
7496 
7545 
2395 
7542 
479 
6300 
9867 
8566 
9461 
2434 
8947 
1088 
8039 
4668 
5858 
6126 
7567 
9397 
6041 
7951 
3314 
8013 
689 
3743 
7086 
9675 
8679 
4949 
6845 
2282 
1613 
8821 
6556 
1538 
1579 
4204 
9710 
1319 
3543 
4992 
8500 
3130 
3207 
9035 
8132 
9411 
7612 
3117 
8894 
9502 
7072 
8997 
623 
2678 
887 
9123 
6159 
5947 
8498 
7591 
7801 
6065 
7347 
3076 
6006 
3343 
90 
2772 
5230 
3545 
3018 
2483 
3998 
9494 
7852 
1659 
7350 
4704 
5177 
4235 
1666 
7261 
2672 
545 
7152 
5355 
2168 
7382 
107 
776 
1753 
2003 
8754 
7214 
3334 
2229 
477 
5423 
8151 
1075 
4921 
2965 
2379 
302 
8022 
246 
8371 
4367 
2421 
1656 
5598 
6837 
4094 
7108 
5201 
1895 
4804 
8730 
7119 
8749 
4888 
1104 
1448 
9463 
3856 
4622 
6998 
227 
6961 
6612 
96 
8499 
6724 
3892 
7513 
5853 
6887 
8578 
854 
1418 
1898 
8043 
7017 
6817 
3166 
2559 
7265 
672 
5658 
4999 
7400 
2645 
2858 
1279 
296 
9231 
8624 
7238 
2167 
3217 
6231 
516 
8427 
9065 
7105 
1582 
8217 
8861 
2136 
3774 
557 
255 
8982 
3058 
144 
4251 
873 
5970 
3384 
2881 
4556 
8524 
6461 
6606 
2190 
1571 
4980 
9105 
126 
1894 
6331 
7392 
4572 
5906 
6132 
4293 
4250 
3329 
5262 
4472 
1517 
2906 
7958 
6194 
7967 
1485 
3542 
2200 
9487 
6950 
8606 
9291 
8044 
3232 
5619 
2939 
1062 
9667 
6981 
4731 
1423 
2221 
7596 
28 
9252 
8827 
2824 
4368 
4551 
1605 
6813 
293 
1399 
3352 
5006 
5330 
3037 
6608 
7638 
5953 
8258 
1861 
8771 
1787 
3877 
822 
8228 
8805 
980 
7979 
2518 
9191 
7574 
4875 
2652 
3204 
2440 
4820 
2899 
6135 
1057 
7541 
2898 
5769 
6107 
2920 
3982 
9094 
1273 
570 
7475 
9220 
610 
8333 
2929 
2710 
8907 
6143 
2260 
7832 
6527 
9556 
5874 
7408 
9417 
6935 
7135 
1717 
6424 
8766 
4725 
5933 
6910 
8509 
1993 
5400 
7948 
6372 
5032 
5832 
912 
9063 
3061 
5859 
6235 
5406 
8788 
9666 
6035 
3177 
2142 
4900 
2505 
5424 
6706 
2540 
5285 
3497 
7450 
8474 
506 
3594 
2706 
8573 
6199 
5030 
4832 
3913 
4247 
5343 
2094 
4978 
8864 
7840 
8124 
4473 
9027 
5091 
8920 
9761 
2305 
3670 
3414 
5087 
9183 
2820 
30 
4845 
758 
8602 
910 
4229 
2270 
2172 
8041 
9446 
4225 
7302 
5181 
690 
3741 
4471 
4317 
3750 
1042 
6780 
2789 
8585 
3255 
8112 
8259 
5993 
9564 
9061 
9531 
4645 
2509 
7140 
9548 
6761 
243 
5148 
5803 
6346 
6782 
2383 
665 
9817 
1736 
6187 
1549 
9283 
4834 
3293 
2005 
6713 
6051 
3266 
1461 
4805 
7385 
2966 
7520 
6832 
9307 
7566 
2039 
1355 
9486 
9917 
2949 
6325 
857 
470 
1486 
1693 
4706 
6082 
2825 
7637 
9356 
8971 
3987 
4154 
7781 
9299 
4527 
4240 
7573 
3465 
3002 
7561 
4769 
2775 
4585 
67 
4335 
2140 
1087 
2355 
3035 
7747 
1258 
2048 
5703 
2847 
1615 
6607 
1610 
5668 
5309 
627 
3222 
1924 
7202 
8194 
3843 
2880 
8472 
2741 
3112 
9336 
9400 
9925 
7454 
1820 
8288 
4376 
4564 
1249 
5988 
374 
9818 
9677 
5434 
7599 
1108 
4859 
9491 
2790 
7368 
9657 
6352 
8917 
6715 
2297 
4318 
5247 
2895 
765 
7782 
5507 
5580 
4252 
7605 
725 
8517 
9621 
6820 
9584 
525 
3150 
8759 
1089 
5239 
5113 
634 
3739 
2524 
5732 
2842 
3748 
2226 
580 
8305 
2950 
1533 
8071 
5235 
5727 
5150 
5477 
9559 
5104 
2463 
8948 
7470 
4489 
7177 
6197 
34 
3604 
4561 
6880 
6989 
8299 
2596 
1253 
7006 
1515 
7828 
3057 
5794 
7498 
4840 
7266 
2127 
9921 
8224 
1058 
9405 
9854 
5403 
5910 
3977 
8232 
1716 
8778 
2469 
4127 
6997 
2431 
6245 
4905 
6892 
4759 
1840 
2195 
5409 
202 
5203 
1390 
2234 
2634 
8673 
9574 
3463 
6047 
1463 
5755 
794 
1036 
6382 
5888 
8640 
2930 
9260 
3318 
5562 
3944 
92 
1496 
9511 
9319 
139 
8995 
4877 
6727 
799 
7941 
8433 
1619 
1451 
2598 
5384 
4777 
8018 
1127 
3516 
5913 
1548 
4766 
2148 
6479 
6735 
8072 
925 
8421 
5791 
27 
7274 
177 
4600 
5437 
1136 
9888 
4710 
3059 
7893 
6587 
1966 
2496 
3770 
3513 
5469 
5166 
1869 
7853 
5326 
2372 
458 
6485 
7813 
6729 
9056 
4700 
6596 
5889 
6953 
6945 
8440 
7535 
5499 
729 
3812 
9285 
4435 
3211 
7503 
1437 
3113 
685 
6375 
5911 
8695 
6519 
9215 
6659 
1954 
4716 
995 
3792 
2778 
3920 
260 
1438 
6337 
5670 
3489 
8115 
3714 
3387 
2650 
3395 
3694 
7965 
7488 
5645 
6577 
8690 
7727 
7308 
1696 
6694 
2867 
1001 
9418 
5605 
5284 
5266 
1602 
9580 
3405 
9005 
4302 
9887 
1264 
7070 
4265 
4455 
7982 
4274 
8214 
3654 
4889 
1520 
6026 
6792 
6883 
3771 
9343 
3997 
5322 
9498 
6059 
133 
5733 
263 
6932 
5363 
7757 
8144 
9081 
1417 
3386 
4958 
3577 
446 
1526 
5952 
1403 
6355 
5121 
3091 
9211 
8965 
210 
7112 
5754 
7960 
7215 
847 
4017 
8647 
1467 
7940 
9162 
5211 
5053 
2392 
5170 
8776 
8531 
4611 
321 
6776 
3869 
6099 
44 
2173 
5881 
4930 
6306 
2886 
4019 
1353 
2393 
9708 
4882 
2100 
9964 
9057 
9010 
7942 
9427 
4161 
9526 
223 
1920 
2309 
6260 
1568 
148 
8748 
6543 
1970 
8765 
7888 
9194 
4996 
3367 
5965 
7735 
9067 
6444 
2054 
5836 
1965 
2734 
8700 
5542 
9020 
175 
2698 
4515 
1103 
128 
8248 
777 
4673 
2482 
2956 
5320 
6213 
6418 
7477 
7049 
4326 
6473 
9595 
742 
2573 
3197 
2445 
1074 
4969 
7462 
736 
2784 
7666 
8135 
4477 
8106 
2256 
6993 
4782 
7217 
3060 
9312 
3201 
3174 
3270 
1956 
4698 
7253 
1180 
4179 
2070 
183 
5314 
7894 
264 
3894 
1023 
7260 
1411 
5464 
2928 
845 
9351 
9617 
4727 
5515 
1049 
6700 
1849 
4630 
204 
9458 
5167 
3697 
6900 
332 
3644 
6602 
4254 
6244 
9630 
9752 
2616 
8783 
4973 
3041 
4476 
8674 
850 
3882 
1890 
1540 
6698 
3317 
6104 
1948 
5351 
2709 
3396 
2770 
6397 
775 
4277 
2438 
3148 
320 
8168 
7156 
218 
1771 
5011 
3285 
3757 
7445 
8677 
8650 
5731 
1202 
3819 
8420 
2158 
9557 
1102 
9374 
7052 
6321 
6097 
5319 
8156 
2023 
9059 
1333 
5271 
2348 
5495 
3473 
2398 
6536 
1674 
676 
9682 
1119 
3149 
1816 
695 
8332 
762 
17 
5585 
2083 
644 
3066 
2257 
7648 
9793 
9802 
7228 
2754 
2186 
6785 
3986 
9519 
8363 
6581 
714 
1152 
5855 
6723 
827 
8267 
7016 
1569 
3319 
4060 
5744 
9558 
3292 
8455 
8189 
9280 
7554 
8584 
2356 
9055 
8807 
2868 
6708 
480 
6483 
170 
9117 
7249 
2375 
6415 
7284 
3879 
3118 
1712 
1980 
7861 
5353 
1873 
2303 
2091 
3401 
7989 
686 
9845 
1452 
8261 
7205 
9257 
7830 
7075 
5898 
8056 
1098 
7402 
9376 
8179 
9364 
2992 
4348 
1689 
6546 
5127 
8321 
9791 
2948 
6486 
2747 
465 
7040 
1157 
1489 
5998 
1192 
7679 
7766 
3554 
9197 
6696 
4383 
9425 
8784 
3131 
4629 
1609 
3093 
4638 
4170 
1949 
675 
475 
8568 
8869 
6446 
2493 
482 
9742 
3120 
5879 
3669 
4756 
798 
9663 
9691 
9180 
3976 
3378 
7344 
5154 
4396 
7808 
6535 
9492 
960 
3875 
5640 
2239 
5151 
1947 
8773 
6180 
8253 
7278 
247 
3596 
1893 
6289 
4943 
3959 
3452 
7663 
3213 
3243 
8656 
7291 
9466 
9021 
9462 
9778 
2261 
641 
6063 
4830 
5518 
8659 
8714 
3630 
3825 
9520 
1522 
7357 
2207 
7296 
4696 
361 
7921 
449 
7985 
5718 
780 
312 
1939 
6481 
9243 
5673 
3346 
4283 
196 
3815 
9099 
7336 
325 
5327 
8593 
3645 
3121 
1521 
3836 
1578 
455 
8949 
2922 
4521 
2623 
9468 
4624 
5818 
7756 
9537 
2317 
4496 
5606 
1255 
2443 
6975 
3648 
9735 
5451 
3887 
7386 
5410 
5824 
4031 
1983 
2308 
3221 
1962 
1604 
13 
5299 
2107 
5722 
7149 
9042 
1848 
3291 
6407 
8306 
1161 
1090 
3485 
3481 
2263 
7056 
7556 
3885 
6594 
2262 
4407 
8750 
5822 
1830 
863 
5814 
7628 
5575 
4056 
387 
5775 
1867 
718 
4983 
85 
997 
7839 
1509 
3278 
6133 
6426 
3538 
1810 
4436 
5782 
8642 
4337 
4105 
5787 
1141 
999 
2600 
8753 
4816 
7036 
9930 
6733 
630 
7309 
648 
2486 
6859 
4771 
7150 
6328 
2304 
6764 
2075 
5197 
3570 
5622 
677 
7916 
8984 
2000 
4762 
1045 
6812 
9334 
7603 
5504 
91 
7738 
310 
3005 
4517 
1789 
2804 
9165 
1788 
8362 
6298 
2344 
4885 
4304 
6752 
932 
4233 
8772 
4275 
6277 
2 
3768 
8598 
7447 
6269 
1973 
7693 
9189 
5485 
4697 
6456 
7081 
5481 
4787 
851 
9775 
5675 
979 
9070 
6453 
4178 
2946 
4052 
3659 
7088 
8131 
3161 
94 
2095 
3775 
3137 
1135 
5609 
9750 
2078 
9579 
9685 
2343 
1751 
2236 
969 
9470 
2555 
3134 
4693 
5168 
9825 
8376 
2252 
4680 
1164 
8923 
7442 
6129 
1337 
7706 
1552 
4791 
7279 
1006 
8825 
363 
1235 
6895 
2151 
4861 
7440 
1574 
9222 
5125 
35 
5995 
2864 
871 
7803 
3220 
3479 
486 
383 
3640 
592 
5937 
1632 
5115 
3794 
9410 
3506 
1803 
9330 
140 
4991 
6202 
5586 
2365 
8143 
8273 
7082 
4926 
355 
5278 
3373 
8541 
1346 
3974 
1506 
7181 
1474 
5035 
8981 
6348 
3921 
289 
7334 
8657 
270 
7155 
6165 
9857 
8582 
9882 
2468 
6403 
5089 
4870 
2163 
7395 
6183 
2242 
6974 
1566 
7053 
3846 
3682 
614 
9281 
7749 
9009 
9986 
4962 
8555 
8108 
7978 
699 
1838 
2328 
1181 
4841 
8491 
4495 
3849 
6011 
269 
6015 
9877 
4001 
7901 
5077 
3586 
2273 
368 
1061 
3457 
7793 
2276 
32 
4210 
5861 
2507 
9865 
9668 
9234 
5763 
6264 
4729 
5305 
122 
8096 
1011 
7033 
5714 
2990 
7594 
3530 
7294 
9938 
3369 
5490 
7975 
2629 
8397 
5107 
1265 
2265 
3302 
1546 
8795 
4730 
6843 
7699 
1064 
1876 
5776 
9000 
3963 
938 
1234 
9139 
2749 
4024 
1862 
2599 
5245 
6146 
1691 
3145 
3193 
472 
9164 
8885 
9084 
6934 
2035 
2756 
3491 
1257 
4637 
1130 
8550 
6670 
498 
8233 
7524 
7041 
4207 
3338 
4651 
620 
2150 
8320 
9988 
952 
6275 
7034 
5007 
1740 
4711 
4142 
7315 
6604 
2561 
1334 
6618 
9566 
9089 
2627 
3239 
4263 
9086 
8222 
3053 
4475 
7678 
8891 
6254 
4808 
4213 
3482 
1502 
8848 
9138 
9826 
9068 
6897 
9729 
189 
2828 
3904 
4098 
8147 
6861 
661 
2896 
7276 
306 
8109 
8084 
6201 
4392 
5896 
9078 
165 
9626 
2562 
6294 
4545 
5157 
1618 
6554 
7774 
7953 
1297 
435 
884 
1877 
1436 
8597 
7859 
401 
7974 
3710 
2002 
9900 
1291 
606 
1650 
1369 
7669 
636 
6982 
7312 
7538 
6249 
5093 
5801 
5570 
9344 
5349 
3873 
2420 
5200 
6615 
586 
3992 
6796 
5967 
1242 
8504 
6920 
8260 
4377 
3796 
9022 
3444 
5255 
432 
8822 
3339 
9624 
3003 
2192 
336 
2675 
3446 
8906 
2495 
5392 
1884 
256 
2441 
6701 
8503 
9420 
49 
7929 
9268 
8381 
8118 
3901 
9868 
4078 
1690 
7686 
4050 
6192 
8468 
7533 
9811 
3657 
9721 
2479 
3951 
6836 
4971 
4295 
2877 
4325 
9399 
1378 
2373 
7387 
624 
2529 
3753 
8762 
8007 
9749 
9998 
9822 
5513 
1139 
7171 
5399 
9445 
5207 
6850 
4381 
7988 
2029 
669 
2765 
7157 
8652 
9669 
2921 
6574 
5228 
6315 
5602 
3809 
2302 
795 
5877 
2428 
8768 
7292 
885 
840 
8705 
947 
7251 
8576 
3908 
6965 
1351 
6425 
288 
3146 
8587 
1442 
5047 
2110 
8032 
7439 
2015 
7003 
6944 
3723 
6679 
7221 
9815 
5474 
1587 
7213 
5683 
5649 
9741 
4382 
4681 
1746 
1025 
853 
5862 
535 
8741 
2332 
1958 
6464 
1368 
8777 
1800 
9914 
3933 
1162 
1293 
249 
6098 
9378 
4305 
6948 
5258 
2386 
7873 
4166 
7955 
7650 
2692 
2231 
2563 
5522 
2991 
9551 
6471 
4884 
8399 
1854 
2651 
7417 
6122 
2117 
923 
3433 
6683 
838 
963 
652 
7378 
9175 
8797 
6726 
4952 
4159 
6672 
5028 
7000 
3404 
3861 
100 
8993 
8394 
8104 
1519 
2454 
6494 
6154 
3818 
9282 
6627 
8928 
9250 
9208 
8330 
3711 
5382 
3949 
8599 
4625 
837 
5527 
4994 
3789 
8539 
6530 
130 
1875 
7997 
4851 
5974 
7209 
121 
5189 
2041 
4462 
2152 
8860 
7548 
793 
4426 
9931 
3622 
7058 
3282 
1359 
2419 
4505 
8758 
1871 
8591 
6815 
7093 
2597 
9112 
5561 
2240 
666 
5852 
2134 
2602 
8572 
6293 
8149 
4394 
5864 
5781 
3822 
6506 
6980 
7539 
7051 
4801 
5492 
5206 
6561 
5783 
9837 
337 
6676 
3765 
7397 
9590 
9647 
9345 
2476 
9465 
2047 
9490 
7843 
4852 
1003 
167 
2590 
2774 
8934 
9543 
1363 
6778 
2679 
4717 
3701 
4090 
2059 
7900 
7324 
928 
1963 
5356 
1159 
4911 
1940 
4573 
346 
6763 
8220 
9886 
3790 
6628 
3102 
1677 
8344 
3674 
9507 
10 
6806 
747 
3461 
5199 
629 
1412 
9266 
3095 
7145 
8067 
241 
5923 
5036 
9156 
3828 
4028 
6504 
2607 
4169 
6262 
3062 
9714 
5662 
4590 
2322 
1739 
2199 
4424 
4678 
4073 
2046 
239 
3686 
4083 
4691 
3835 
880 
8396 
8658 
4745 
8464 
2218 
7558 
8337 
4589 
5052 
7581 
2900 
215 
2011 
9214 
3472 
2786 
4728 
7271 
5059 
7457 
8063 
8476 
3218 
1251 
5547 
2866 
2716 
1726 
7729 
1480 
4124 
922 
4612 
6518 
1144 
75 
6179 
9187 
4760 
9971 
2157 
9221 
4468 
3655 
4100 
5538 
8105 
3030 
3568 
7388 
7534 
3001 
4259 
8950 
1268 
2550 
5348 
1599 
4015 
6161 
7526 
2798 
3125 
6234 
3521 
1899 
6405 
1200 
3991 
1404 
724 
7476 
9893 
1567 
6955 
6996 
6105 
2517 
9965 
8422 
3223 
5097 
3375 
9638 
664 
9426 
8327 
36 
3658 
1150 
532 
304 
4092 
8251 
9017 
4338 
9239 
8513 
710 
7380 
9495 
5604 
410 
2077 
399 
6428 
5831 
4313 
7577 
9305 
3984 
7833 
5145 
7469 
6610 
9606 
1863 
5182 
2813 
1761 
152 
2287 
8505 
3501 
4661 
1340 
1028 
5116 
6595 
7065 
5932 
7098 
7902 
6710 
1913 
2727 
5777 
3303 
2197 
3008 
4916 
4232 
7285 
6106 
1081 
8931 
3860 
2610 
818 
6409 
5227 
7191 
6979 
4795 
5009 
235 
3814 
6000 
4918 
9316 
2927 
4755 
7436 
8743 
4924 
2519 
5446 
9968 
4789 
3045 
3273 
7418 
354 
5928 
2635 
1565 
1634 
4214 
8793 
7565 
9718 
4402 
3895 
8589 
1841 
645 
5639 
2611 
820 
6310 
448 
179 
74 
1356 
7659 
9706 
8204 
2761 
8062 
9842 
7795 
3344 
3203 
2028 
744 
489 
3470 
6863 
4330 
7047 
3677 
9725 
180 
5411 
9686 
6286 
1937 
8612 
6559 
7173 
2587 
8140 
6970 
3840 
9982 
8086 
2553 
9083 
6758 
972 
1503 
1260 
8481 
1833 
3212 
8639 
7415 
7012 
2633 
8081 
7827 
2882 
9977 
6138 
2259 
7516 
3730 
2498 
6125 
8986 
9506 
1175 
821 
417 
7851 
6766 
7602 
9310 
8833 
9643 
2910 
6402 
7934 
2603 
8732 
6458 
4029 
6477 
3720 
732 
2296 
7709 
2391 
7652 
6960 
3325 
8837 
6805 
5074 
2051 
9325 
7784 
7030 
9326 
8800 
711 
5135 
6130 
565 
3535 
4281 
5760 
1832 
9509 
3151 
6217 
1616 
5100 
2327 
9633 
8157 
6116 
1912 
9715 
631 
8669 
6056 
3376 
3128 
5756 
7063 
751 
8945 
8351 
5056 
9885 
3683 
9471 
3028 
1190 
8094 
7950 
3595 
412 
3040 
2013 
3917 
4101 
378 
4082 
4150 
3556 
9272 
4647 
1842 
1184 
5945 
2953 
717 
4356 
9370 
5692 
1541 
7115 
1682 
7633 
3153 
7123 
7481 
3250 
4956 
4959 
4372 
6777 
824 
6236 
5312 
7198 
9118 
131 
4117 
5565 
8024 
2452 
859 
882 
539 
5764 
5344 
8665 
1094 
9804 
6496 
7505 
9612 
1655 
1909 
5592 
5765 
1379 
8449 
1187 
5068 
6068 
6374 
5808 
5136 
5678 
157 
4000 
9254 
8567 
1117 
2333 
4026 
8392 
419 
5427 
1054 
4461 
1497 
18 
63 
4212 
4757 
6316 
4339 
2681 
9298 
3831 
8292 
8862 
9350 
4143 
423 
8388 
2293 
6340 
6977 
9092 
6802 
7616 
5634 
1078 
739 
9730 
450 
7399 
5653 
2286 
5131 
6313 
1305 
1681 
852 
9948 
1449 
5891 
9155 
2764 
9001 
2897 
6853 
1488 
7087 
7187 
4546 
8601 
8020 
6024 
1444 
1557 
2058 
9450 
519 
8478 
602 
9415 
5633 
314 
5276 
3721 
8184 
5342 
5425 
1495 
5526 
703 
2316 
5165 
5317 
2345 
3365 
6220 
5161 
1158 
5503 
2073 
894 
5289 
171 
2794 
7004 
86 
173 
6754 
6744 
2135 
6467 
8150 
2269 
1005 
5433 
681 
6871 
1269 
8326 
8195 
7142 
2995 
405 
5785 
769 
3678 
5927 
3841 
145 
7506 
4346 
8798 
8897 
1316 
1824 
5840 
4873 
816 
2374 
6833 
7333 
7154 
8857 
5038 
2485 
8389 
6282 
9546 
7684 
618 
6943 
7733 
7419 
1853 
3509 
4639 
4627 
4429 
2543 
4386 
1878 
9050 
5694 
7831 
3759 
6711 
1975 
7487 
9439 
9115 
8312 
5839 
8338 
5021 
2473 
8355 
8087 
5118 
9561 
2489 
918 
8483 
4785 
8900 
4514 
8810 
338 
9576 
6938 
6207 
4663 
3610 
9004 
743 
6094 
3311 
9043 
8996 
1798 
5494 
7636 
1791 
8519 
7676 
4829 
691 
6978 
8411 
5457 
7957 
1672 
6809 
554 
933 
8664 
284 
1819 
7242 
1601 
2492 
7912 
7746 
3073 
9441 
6155 
5665 
2801 
588 
29 
4353 
3438 
9924 
4671 
1113 
804 
3398 
3560 
2668 
8160 
2085 
1270 
5436 
2503 
7133 
552 
806 
6326 
9467 
4316 
7060 
8280 
6279 
9314 
8626 
4528 
2532 
9858 
1431 
7949 
8909 
8430 
7537 
2337 
7099 
4869 
8723 
5296 
8554 
474 
6131 
9732 
248 
4813 
7523 
6003 
8085 
890 
6225 
1382 
6962 
7254 
6770 
7993 
4874 
2120 
5079 
1457 
7236 
5060 
584 
1219 
5421 
8285 
5886 
5291 
4498 
3101 
4469 
2821 
3171 
8646 
7819 
9712 
3494 
1611 
9831 
1874 
6797 
2733 
4276 
2669 
3891 
4280 
6020 
2538 
7301 
2155 
2860 
5621 
3276 
599 
4714 
2060 
1096 
8501 
1979 
424 
4148 
9274 
99 
6212 
7389 
1173 
3055 
6257 
9757 
2279 
5270 
7323 
5153 
2364 
1742 
7750 
8374 
2954 
6283 
9816 
1126 
7428 
7507 
8651 
5778 
4927 
3912 
1633 
4812 
8322 
8751 
5679 
4222 
5938 
7163 
4312 
6250 
1576 
1524 
2971 
8681 
3017 
5226 
4156 
9864 
7194 
5983 
8544 
3000 
3574 
5253 
3520 
9444 
787 
5466 
9028 
6061 
9135 
6498 
2964 
6285 
897 
1573 
8728 
1826 
5109 
6545 
6261 
226 
8006 
6259 
1997 
7485 
6144 
1318 
23 
8537 
2026 
6967 
7623 
8354 
7768 
6363 
1885 
6386 
5039 
2822 
4002 
415 
1063 
6709 
5742 
7570 
9077 
5432 
8177 
9184 
2451 
15 
1056 
4665 
956 
5254 
9806 
468 
5295 
7994 
1179 
982 
3087 
5514 
7409 
9996 
8942 
4459 
1542 
3154 
3183 
5461 
1923 
2187 
8543 
4871 
1070 
2671 
7761 
1577 
9300 
9684 
31 
5379 
3290 
7180 
6568 
3269 
1914 
8963 
6765 
3500 
5630 
7629 
7139 
2628 
6101 
8781 
5248 
9311 
1676 
4976 
5720 
115 
855 
2137 
613 
7455 
7983 
5143 
3526 
8958 
3740 
4964 
389 
4493 
5012 
9779 
657 
6258 
3056 
8899 
2318 
8282 
8216 
4914 
5897 
2300 
5597 
461 
8769 
2164 
8866 
7723 
9570 
4374 
5146 
3110 
9568 
7042 
4279 
3832 
7814 
47 
5521 
2829 
8627 
3036 
6305 
8977 
6356 
6631 
4298 
6942 
8994 
8740 
2289 
2351 
493 
4012 
3531 
9213 
3601 
7606 
7463 
388 
1133 
4938 
1934 
9137 
2247 
2213 
1137 
6539 
2415 
7167 
8245 
542 
8134 
5367 
7220 
2016 
9433 
8026 
5745 
6798 
5587 
3162 
1360 
1864 
5737 
826 
5873 
4400 
7992 
2422 
1621 
7928 
1435 
8883 
1100 
4421 
6767 
3706 
7201 
7999 
4135 
3707 
6429 
4040 
767 
8940 
5555 
2717 
274 
2582 
5354 
788 
3788 
4701 
3791 
3205 
9014 
1077 
3355 
8167 
2769 
6597 
4399 
2818 
6140 
279 
752 
2056 
6191 
3260 
1275 
866 
4196 
5119 
7872 
2586 
8853 
2903 
4989 
3047 
6928 
6357 
2050 
379 
6045 
6822 
701 
258 
9769 
7613 
3075 
6841 
559 
8012 
998 
4642 
1523 
7946 
1652 
2996 
7422 
2474 
1829 
5895 
7850 
1037 
1468 
5942 
4979 
8457 
951 
3820 
8349 
6278 
1735 
1500 
7270 
5866 
1106 
7583 
6452 
178 
1537 
3867 
4656 
6389 
6609 
76 
7740 
9599 
7068 
2425 
5790 
5734 
990 
625 
1361 
517 
9095 
4906 
8402 
1688 
3092 
2697 
162 
5137 
2219 
9632 
2183 
3699 
9452 
2072 
959 
2069 
6636 
9772 
4138 
4362 
1266 
3267 
4823 
1220 
6076 
8088 
4705 
5963 
502 
2402 
1725 
2924 
2342 
5728 
4803 
6697 
184 
3019 
2098 
253 
8382 
2115 
8987 
9128 
451 
50 
9134 
1286 
7952 
8716 
3842 
2873 
7303 
9338 
8274 
5456 
7071 
3523 
11 
6515 
6736 
6151 
6237 
7401 
4201 
5175 
6296 
2687 
2358 
6077 
6366 
4948 
6427 
3138 
7818 
6924 
6336 
7120 
7346 
4482 
5554 
7759 
8078 
1033 
3167 
3277 
194 
7493 
429 
9367 
3559 
4486 
8953 
728 
3202 
536 
4091 
2852 
7342 
3275 
1189 
1902 
8767 
4350 
9872 
9141 
6641 
5817 
2624 
6030 
651 
6878 
5288 
2406 
8069 
392 
8671 
7601 
7077 
5249 
4253 
5238 
5002 
1703 
633 
5380 
4945 
7441 
1176 
7326 
5615 
4735 
843 
127 
6017 
3587 
6411 
2814 
5237 
7007 
8969 
4206 
5572 
2844 
5443 
8227 
7874 
8466 
5596 
8989 
1375 
7748 
4850 
2682 
7165 
217 
4427 
5220 
6680 
120 
382 
4160 
9152 
4418 
2193 
5357 
2955 
1543 
9974 
1946 
6139 
9600 
2835 
6971 
8192 
2879 
5004 
5924 
5591 
8101 
4314 
7286 
5559 
2663 
7584 
2547 
9843 
551 
2366 
9672 
2038 
6667 
3935 
8512 
7947 
6647 
9047 
2874 
8029 
9936 
3731 
8815 
832 
2963 
2212 
6216 
5940 
2357 
931 
5099 
3569 
1332 
4109 
359 
3413 
8844 
7508 
2510 
3703 
891 
2394 
7275 
2241 
7798 
1707 
9181 
5065 
2027 
5528 
4726 
1156 
3667 
5773 
2686 
6332 
3139 
989 
4132 
6153 
8152 
6567 
5688 
3487 
7341 
1918 
778 
4416 
1776 
4042 
8318 
2500 
3247 
3941 
3313 
9601 
2109 
8495 
3356 
6393 
1700 
4494 
8592 
7444 
5800 
4562 
556 
5487 
5929 
4842 
8556 
3934 
1116 
1968 
7656 
7578 
6847 
8377 
9100 
4463 
5641 
8726 
2408 
5292 
3805 
4134 
9607 
7683 
6562 
9469 
8341 
8488 
1095 
1021 
6605 
6868 
386 
6964 
2376 
6055 
1766 
1649 
9803 
6218 
5139 
2341 
981 
791 
3474 
4928 
6383 
2642 
704 
10000 
8739 
2619 
4423 
6879 
7622 
3798 
868 
3606 
5725 
708 
4446 
7011 
813 
6930 
2943 
3857 
5730 
4810 
1623 
7956 
3182 
3634 
2204 
6533 
4967 
1630 
1386 
1282 
9270 
2352 
7061 
5224 
3483 
8670 
5171 
3431 
9160 
9922 
2541 
8284 
8329 
1324 
3257 
5130 
1907 
8357 
5160 
5944 
6540 
2174 
5331 
679 
7585 
2762 
6219 
4180 
5672 
4239 
9652 
6330 
4248 
6284 
3078 
533 
8579 
4981 
3185 
6755 
9979 
1922 
5759 
4047 
6256 
1733 
7963 
9562 
268 
9493 
3532 
8559 
6388 
1440 
547 
7753 
3675 
9608 
3442 
2658 
5054 
1043 
9634 
3195 
1951 
5302 
6345 
5015 
4289 
1950 
1870 
5705 
6591 
9295 
1794 
5624 
6737 
5347 
8824 
6705 
6988 
1151 
5110 
7811 
2797 
9178 
6835 
1528 
2430 
9726 
9387 
9225 
1516 
8972 
5315 
9478 
5699 
8814 
2677 
8116 
5905 
2371 
4940 
7611 
5805 
5982 
7897 
7662 
5625 
6071 
3911 
108 
1858 
5505 
9380 
5616 
7106 
7895 
5491 
6209 
9628 
4581 
4200 
5904 
7991 
1539 
9246 
2086 
1345 
3020 
8281 
496 
781 
7222 
6514 
2742 
2647 
971 
3600 
4781 
9013 
1439 
2918 
1928 
5702 
7054 
8610 
7182 
8462 
2087 
3806 
9809 
6050 
469 
9431 
8760 
9368 
2220 
921 
6394 
6923 
5225 
4228 
2826 
5582 
2750 
7919 
1953 
7825 
499 
9985 
9703 
6487 
7869 
8223 
9088 
6569 
7755 
6502 
7514 
2130 
2243 
8383 
2919 
2576 
6940 
7337 
6379 
5034 
4758 
5531 
2976 
1067 
2294 
1115 
2732 
9711 
6109 
87 
97 
8348 
5643 
9770 
6808 
7672 
2338 
43 
1347 
2912 
6771 
3859 
5994 
9637 
1554 
7024 
4188 
8367 
1935 
1865 
2819 
4192 
4990 
2983 
9217 
2202 
7325 
6163 
9297 
6553 
6983 
9206 
8962 
8110 
6563 
2181 
7588 
7762 
4563 
1806 
1085 
6297 
9560 
1197 
1072 
6768 
7769 
1779 
8242 
2771 
6229 
5537 
585 
3764 
8452 
9029 
3972 
7804 
298 
1720 
3552 
1880 
5583 
136 
3582 
9973 
940 
262 
3583 
1910 
8974 
8461 
3533 
3016 
5553 
4864 
2017 
8710 
3065 
7972 
6439 
3281 
8775 
8099 
4658 
4732 
4051 
7704 
2548 
825 
3392 
9192 
2779 
5141 
4552 
1839 
7809 
5486 
3025 
3872 
8904 
2101 
4659 
7231 
6342 
8294 
4182 
807 
5307 
19 
5045 
409 
6664 
3362 
4366 
2399 
709 
1348 
839 
8336 
8529 
1678 
2397 
986 
1335 
8889 
5426 
3900 
4341 
3418 
1198 
1889 
9654 
8898 
4223 
1887 
4544 
8030 
1640 
8196 
7670 
5273 
3160 
1027 
8249 
2546 
5972 
4115 
5719 
6329 
4881 
1807 
9536 
4272 
904 
745 
8257 
3936 
6620 
8293 
2149 
8361 
2728 
5216 
5219 
6170 
1292 
8888 
1218 
168 
7790 
3235 
8473 
6588 
726 
5303 
8324 
5090 
2249 
514 
4278 
3422 
8386 
8918 
4470 
6936 
9489 
2418 
6625 
4653 
6635 
294 
2945 
7546 
1464 
8289 
1302 
841 
1960 
2782 
400 
7598 
7223 
2497 
4857 
9263 
1498 
2994 
1284 
2146 
9448 
2862 
5463 
4303 
3229 
7196 
8925 
3407 
2564 
65 
7854 
7064 
1149 
7002 
7316 
4058 
5711 
7931 
3043 
2725 
3527 
2536 
601 
1484 
3646 
1925 
9577 
7644 
8990 
905 
1209 
9 
8313 
5530 
2359 
3042 
4347 
3782 
660 
6238 
1705 
373 
8186 
9547 
5638 
2558 
4721 
2033 
4023 
924 
3847 
6413 
2941 
333 
6376 
3155 
9618 
1929 
9395 
9890 
4309 
8360 
2248 
6712 
1207 
2336 
5114 
3381 
5129 
317 
2427 
2010 
7550 
1927 
185 
2175 
5282 
8075 
9894 
5666 
9602 
2876 
6649 
3715 
5936 
4923 
2471 
1169 
2595 
5158 
6718 
7185 
9335 
4194 
8442 
8014 
6896 
2446 
2915 
6263 
1994 
5229 
8699 
611 
219 
4211 
1262 
9079 
9758 
5401 
2037 
8846 
4835 
1430 
8298 
2367 
5883 
4349 
9111 
9645 
693 
3896 
5231 
2285 
3653 
1722 
9754 
5806 
4198 
3994 
430 
7432 
181 
2676 
771 
2208 
473 
159 
4799 
7037 
4775 
1182 
968 
1338 
7374 
9210 
4688 
537 
3647 
7935 
1010 
5264 
3672 
6448 
2314 
3704 
9724 
7013 
7273 
3038 
4854 
8896 
7241 
7817 
5584 
1289 
8964 
1400 
6793 
6995 
2776 
6066 
1760 
9616 
6624 
4519 
4425 
9315 
2751 
1745 
3717 
4081 
6590 
3323 
3391 
900 
497 
343 
1352 
407 
3168 
6198 
9166 
9993 
6838 
3072 
9454 
1686 
8489 
1774 
1796 
879 
7771 
6669 
1825 
4779 
4922 
6124 
9071 
2851 
6882 
2141 
2323 
3152 
1594 
9159 
3876 
7126 
2020 
8165 
8250 
819 
6042 
6927 
8692 
4722 
7998 
8698 
1636 
2836 
9212 
7682 
1710 
8048 
1407 
8929 
4887 
8406 
4452 
1030 
3349 
6255 
7671 
4972 
9824 
2916 
5418 
9185 
6062 
8604 
2791 
315 
138 
5408 
7821 
6779 
5768 
811 
9942 
4285 
9744 
886 
5468 
6052 
8526 
9808 
1047 
7172 
3400 
3708 
98 
7096 
7996 
4474 
1441 
5746 
6362 
5310 
8734 
6462 
5478 
5524 
3666 
5706 
9051 
3453 
7464 
4646 
2437 
1931 
6115 
4592 
5267 
8881 
8120 
2484 
8418 
2205 
6339 
7879 
6551 
2978 
5685 
4617 
2369 
7277 
7412 
2905 
961 
5992 
4133 
3383 
520 
4939 
9891 
6579 
4039 
4640 
8060 
4613 
4104 
6630 
6410 
6959 
2670 
8876 
5449 
1456 
367 
597 
259 
5847 
3585 
9041 
9830 
6038 
8562 
6665 
7810 
5460 
3399 
1201 
9953 
2277 
5884 
5196 
9075 
616 
5448 
8 
1926 
4269 
3744 
7969 
9727 
9369 
977 
5689 
9768 
3283 
6921 
9245 
8485 
5117 
6885 
2460 
7846 
3964 
567 
5779 
4626 
1310 
4715 
8459 
697 
377 
1254 
1493 
9723 
9884 
9443 
5191 
3902 
1344 
7035 
186 
2534 
7433 
8630 
1482 
895 
4410 
7313 
286 
234 
8535 
2673 
9878 
57 
9456 
3024 
1708 
9794 
1208 
5588 
5981 
2626 
2720 
5164 
2331 
110 
9339 
1274 
3410 
2106 
8978 
1648 
1071 
8176 
5450 
1904 
7019 
9823 
1315 
4776 
9957 
3732 
1780 
976 
9062 
7039 
5345 
763 
3763 
8133 
2211 
4442 
4569 
8943 
2320 
5712 
1153 
6095 
7796 
2979 
6616 
3886 
5274 
1129 
9045 
242 
7618 
6866 
5740 
6152 
7160 
5829 
6253 
5176 
5041 
3511 
558 
712 
4059 
4209 
1586 
1199 
8870 
3799 
2025 
9258 
7643 
8954 
6381 
3616 
9104 
5958 
4492 
3063 
5868 
7110 
5603 
6205 
9163 
9309 
1945 
7045 
225 
4720 
8046 
2531 
3011 
9219 
4238 
7823 
6324 
3695 
5085 
6720 
2045 
2006 
8839 
521 
1007 
5533 
3228 
5966 
639 
9788 
3680 
4931 
6662 
8323 
1855 
6083 
350 
3776 
6728 
4165 
6037 
1814 
5617 
5631 
237 
9751 
7715 
640 
842 
7384 
5743 
5510 
4286 
8536 
4384 
1673 
3462 
7582 
1758 
3288 
6794 
20 
1415 
2159 
1205 
1721 
340 
6401 
9058 
5180 
8789 
431 
7752 
3469 
1174 
643 
2235 
6338 
541 
7029 
783 
3786 
4909 
9745 
3980 
5701 
4946 
8221 
3784 
6854 
9293 
6385 
9218 
5613 
9006 
4244 
834 
1307 
8068 
488 
8343 
7104 
9984 
9133 
7697 
9903 
1831 
6177 
427 
9223 
3555 
8255 
3580 
7085 
3995 
5544 
7246 
7887 
2349 
9186 
8530 
9694 
9479 
1679 
6867 
2104 
1559 
3100 
9149 
7857 
7429 
1714 
8641 
6851 
5108 
4516 
4509 
6645 
8011 
562 
7909 
8841 
1790 
2780 
3605 
6053 
5502 
5389 
7595 
8745 
4876 
6862 
2739 
7786 
5234 
823 
3141 
2755 
3685 
1140 
3716 
9945 
723 
2467 
3803 
353 
2834 
7490 
5435 
3336 
4255 
7937 
9871 
3142 
5506 
301 
445 
3824 
6173 
6073 
6072 
7829 
1491 
9393 
4306 
8663 
4960 
9481 
3493 
5313 
8492 
8719 
5534 
9019 
1322 
2959 
991 
164 
8416 
5420 
1014 
7728 
6470 
2643 
3726 
1271 
1971 
5098 
4984 
3133 
3689 
8680 
7531 
2125 
7225 
3745 
7111 
1191 
9125 
8443 
7783 
9879 
3084 
4944 
1029 
6419 
5797 
7443 
6333 
8937 
4718 
6857 
8484 
7939 
746 
4385 
9391 
7175 
5657 
4768 
9357 
7886 
8277 
7775 
9318 
6751 
231 
8183 
8921 
5341 
7547 
8744 
6123 
4327 
9406 
6586 
5025 
1426 
9432 
587 
6773 
9789 
902 
1276 
7634 
6478 
8408 
5281 
2699 
150 
1583 
1977 
221 
8713 
9575 
988 
881 
4227 
4522 
6012 
4205 
9514 
4739 
6699 
7964 
3633 
8145 
8241 
6500 
3749 
4504 
4733 
9563 
1443 
8082 
663 
6398 
4172 
3916 
1881 
7204 
9701 
8752 
7320 
4957 
3490 
4183 
9167 
9598 
9587 
3169 
2019 
4932 
2188 
9324 
7499 
511 
9232 
9814 
6888 
6629 
238 
4772 
3307 
2589 
7920 
9555 
2102 
5373 
7233 
5417 
1394 
6048 
1243 
2340 
5899 
9168 
5082 
2061 
3751 
3518 
4635 
5786 
5842 
6762 
4451 
1785 
8138 
7466 
6890 
339 
1783 
7923 
6290 
6819 
4534 
4560 
5835 
2071 
7593 
8200 
3871 
6904 
1505 
2845 
1188 
2988 
4355 
391 
5112 
8617 
3359 
6547 
6505 
8623 
8859 
1637 
8415 
2523 
737 
6476 
273 
2913 
4807 
4430 
3236 
6365 
4151 
4543 
1697 
8297 
2993 
3638 
9174 
1905 
9016 
5854 
2832 
7737 
1032 
3607 
8055 
6167 
8412 
9748 
3144 
5092 
7494 
6268 
4868 
8340 
9261 
2869 
8706 
8973 
5882 
2961 
4307 
3163 
5601 
7590 
6818 
2315 
9119 
8209 
1211 
422 
9233 
4601 
9766 
7076 
7282 
7639 
2030 
4883 
2442 
2378 
7299 
5174 
8666 
3364 
2871 
1278 
1866 
9963 
6637 
8328 
414 
4288 
4077 
2722 
5010 
4919 
5710 
1921 
856 
8356 
2416 
2702 
9372 
5825 
4660 
8558 
6064 
1620 
3952 
3957 
4628 
3105 
4191 
548 
6695 
805 
82 
2076 
5795 
6367 
6171 
5918 
6753 
6939 
3729 
7195 
6359 
8410 
3484 
8915 
8960 
395 
2169 
356 
2781 
7137 
7619 
6276 
5856 
3781 
3958 
2557 
6141 
6436 
4231 
5383 
1545 
372 
6241 
1397 
6110 
3023 
4679 
4933 
3990 
3098 
1512 
4770 
6899 
1154 
2657 
9271 
2515 
494 
9987 
1238 
4580 
5208 
8218 
1591 
5652 
9646 
5557 
7862 
160 
935 
8696 
3907 
1518 
2007 
4549 
9767 
6057 
5371 
2131 
3566 
3915 
1183 
7125 
2063 
1177 
8325 
6654 
6169 
6251 
9475 
8122 
7889 
5287 
2093 
9195 
563 
785 
9898 
2429 
9072 
6088 
8413 
224 
5298 
6210 
2139 
1138 
9949 
1695 
7838 
311 
9346 
52 
2584 
760 
2812 
4796 
9036 
6941 
3797 
6564 
3351 
3175 
1896 
2987 
892 
4449 
2201 
3439 
1882 
1593 
812 
6799 
7306 
4827 
1040 
8538 
6128 
8979 
8033 
8852 
3284 
1118 
2283 
8618 
3874 
4258 
6028 
5567 
5179 
6826 
870 
8865 
2713 
4070 
9720 
347 
8486 
8956 
5232 
4448 
9542 
1473 
9304 
8851 
4282 
5552 
2640 
8551 
5802 
9199 
4518 
1091 
6769 
4308 
5739 
2806 
7858 
366 
3502 
9365 
6687 
4064 
2096 
6007 
1018 
8038 
2068 
3230 
6224 
9678 
2925 
3932 
7785 
3340 
987 
4428 
3393 
6451 
174 
6350 
9173 
9951 
6580 
9382 
662 
3979 
3564 
275 
7151 
3304 
213 
1653 
8335 
8625 
6086 
6916 
8703 
950 
6221 
3661 
8445 
7610 
9961 
2439 
1530 
1701 
6036 
6745 
7576 
8959 
7926 
6954 
1110 
1420 
3503 
5183 
6673 
4838 
8662 
647 
9790 
9777 
1624 
3234 
9738 
3488 
1248 
6142 
8887 
6716 
4036 
8755 
572 
308 
7281 
6956 
3649 
9856 
4594 
8178 
1241 
6623 
2390 
5500 
3762 
6958 
4237 
4438 
7658 
6513 
8756 
33 
3054 
4393 
3022 
9455 
9836 
2250 
2605 
7224 
2407 
1955 
71 
5869 
6507 
5893 
5020 
416 
471 
4675 
1888 
3209 
5286 
1501 
6373 
6307 
8619 
9747 
5815 
7184 
7083 
4583 
4422 
2466 
2280 
3136 
867 
5366 
5796 
3845 
6774 
4890 
5083 
4576 
6858 
3321 
4328 
3888 
5907 
5439 
814 
3772 
849 
169 
2457 
4819 
3428 
8586 
7406 
9204 
4114 
7635 
8188 
8856 
9039 
438 
8127 
8560 
3010 
3259 
1823 
2932 
1213 
6392 
1385 
8988 
4147 
3863 
7379 
1706 
1638 
2883 
5069 
8425 
716 
2350 
583 
4387 
2911 
7751 
4894 
1008 
3447 
5978 
6642 
6915 
4998 
7438 
5159 
5545 
7815 
9910 
3628 
6480 
9582 
7458 
3111 
9170 
4014 
1148 
5132 
3363 
6865 
3804 
4322 
2700 
4907 
1395 
1596 
8301 
7938 
5948 
8276 
9642 
4634 
7797 
5397 
404 
418 
7376 
6472 
8874 
9508 
3817 
2465 
9962 
7413 
4465 
6474 
8015 
1134 
4588 
4195 
3946 
2066 
426 
5051 
2865 
861 
2514 
9434 
2889 
846 
9639 
6272 
4069 
4893 
768 
3225 
2456 
2138 
4657 
8102 
188 
3046 
7855 
5684 
7048 
1645 
2319 
8239 
8256 
2808 
2831 
7239 
7174 
6147 
2592 
1525 
3853 
134 
1384 
5008 
7640 
1261 
5075 
4249 
5205 
8347 
9698 
5483 
2644 
5501 
7651 
6319 
4466 
9989 
9662 
4174 
8246 
1595 
874 
9875 
5445 
6634 
5340 
8064 
1069 
5691 
5901 
278 
6252 
3147 
4218 
9323 
380 
7421 
7725 
1476 
2494 
1981 
2448 
700 
1764 
4375 
4125 
7714 
638 
5851 
3191 
9066 
8095 
5163 
3327 
1809 
608 
5428 
3588 
61 
3330 
3156 
9908 
7906 
9905 
9969 
684 
5707 
2891 
8477 
4748 
3316 
6399 
3067 
3448 
1752 
7552 
1313 
1900 
5903 
6894 
8895 
2708 
3727 
8375 
7743 
38 
5050 
9375 
8631 
8123 
2502 
2099 
9660 
3851 
9939 
9609 
2659 
2182 
8747 
3455 
9916 
8262 
3563 
5511 
345 
1775 
8263 
7787 
4649 
1762 
9774 
1084 
8905 
2461 
4547 
8946 
3635 
9121 
6922 
6702 
2848 
5138 
6148 
5352 
8968 
3925 
3248 
1580 
3989 
2615 
3591 
7718 
7435 
8359 
8880 
4419 
4398 
5729 
5033 
8855 
3333 
5991 
3048 
6583 
4667 
9267 
7559 
413 
9190 
6447 
8203 
5128 
6185 
166 
5472 
9157 
2123 
8148 
8162 
2839 
3663 
8580 
740 
2246 
6585 
7908 
2986 
3366 
8607 
7269 
6781 
9240 
7370 
7190 
6746 
8141 
2144 
1600 
4003 
3919 
6430 
384 
5061 
5838 
6538 
1380 
917 
341 
4388 
8912 
5748 
9764 
1494 
6525 
4089 
5195 
2931 
9438 
9216 
9273 
8546 
6043 
803 
2224 
8247 
3642 
6750 
4413 
6240 
8813 
2622 
756 
6856 
3598 
9269 
4245 
3855 
3297 
5 
2306 
141 
6049 
7361 
500 
5369 
209 
8117 
402 
2757 
9569 
8799 
7420 
8319 
3454 
653 
8269 
5187 
1698 
8426 
6933 
3652 
2940 
571 
4409 
5650 
7311 
9408 
4140 
655 
2191 
6646 
5894 
680 
3397 
1097 
7084 
5422 
5845 
692 
7624 
5336 
2674 
1671 
5826 
2552 
526 
9513 
9227 
5713 
5329 
5328 
8523 
515 
7856 
9085 
7711 
4035 
8581 
348 
3551 
9413 
4065 
1675 
4764 
9176 
5147 
1730 
9980 
8634 
3981 
4955 
3079 
2267 
7776 
2620 
2803 
12 
7359 
8264 
522 
862 
6787 
6396 
9731 
1073 
617 
7268 
5654 
5872 
7348 
2129 
3241 
9940 
6800 
7765 
948 
564 
4167 
453 
6689 
673 
9440 
2693 
8052 
4783 
3544 
3206 
9853 
1507 
5049 
3504 
2292 
9341 
6347 
9442 
2841 
8125 
6690 
772 
4405 
9688 
9614 
1469 
1123 
1773 
4121 
442 
2179 
3514 
4187 
2712 
6369 
5635 
211 
7263 
4108 
8687 
809 
3508 
2462 
7367 
9236 
3816 
3943 
6449 
7468 
208 
9352 
8510 
5979 
7632 
2223 
7568 
8040 
1827 
4 
4794 
8407 
2384 
3086 
3884 
5215 
8522 
4072 
9810 
7250 
8951 
3899 
1401 
8201 
8000 
7 
1622 
8908 
8847 
2641 
9482 
7257 
4610 
7703 
3758 
8089 
4352 
7227 
8557 
9762 
9881 
9098 
4004 
4598 
6717 
3090 
3420 
2128 
69 
9636 
8588 
1570 
8528 
1349 
2705 
5599 
4414 
2837 
9717 
8511 
6113 
4389 
2606 
9966 
4575 
6308 
877 
7820 
1851 
6287 
844 
2271 
5186 
3893 
1328 
6549 
1080 
4136 
7589 
2944 
2426 
5772 
3449 
1943 
4030 
3889 
5843 
2934 
6019 
4751 
5252 
9937 
7478 
4650 
1658 
4171 
8792 
6304 
4153 
1246 
8008 
6503 
7664 
8804 
3621 
3208 
3417 
1683 
6358 
3143 
201 
1614 
7319 
1050 
7692 
4044 
3437 
8036 
9834 
3870 
7587 
8655 
828 
2520 
8045 
7159 
2537 
4750 
8215 
1581 
2846 
6917 
6371 
7845 
5455 
738 
3354 
962 
6560 
7954 
9179 
6889 
8229 
1872 
4324 
4880 
9244 
757 
4022 
3006 
1166 
4186 
5912 
9997 
3928 
8079 
5023 
7870 
4963 
4695 
6395 
7647 
3380 
9529 
9813 
2960 
8712 
2838 
9850 
1165 
2160 
5372 
1868 
7050 
182 
1562 
8047 
3671 
2067 
7500 
6247 
9052 
1256 
7258 
7687 
966 
7116 
3608 
1015 
9981 
2785 
7689 
8380 
6343 
7297 
6443 
2618 
9097 
365 
1704 
8435 
6437 
6734 
5890 
8836 
5269 
4917 
4155 
7924 
2528 
6189 
3443 
3186 
3517 
8787 
2695 
323 
2816 
2908 
7877 
3954 
4778 
4484 
7107 
4478 
5827 
9116 
8465 
3109 
6228 
6508 
113 
1808 
632 
1917 
5934 
9242 
9902 
7089 
1224 
4809 
4709 
9473 
9362 
6855 
2413 
9054 
9030 
8683 
8704 
649 
3589 
8074 
9538 
1358 
8164 
8733 
490 
6541 
875 
7849 
2714 
1687 
8023 
5996 
9171 
4860 
5957 
3322 
6772 
7366 
7760 
713 
3337 
3691 
9671 
3068 
236 
7736 
2178 
1222 
4879 
8451 
8398 
7459 
4987 
4460 
9113 
2313 
9464 
9873 
1204 
106 
996 
7491 
9409 
3534 
9787 
158 
6046 
8761 
6544 
6951 
3736 
9296 
2321 
9927 
5188 
2444 
349 
7423 
9328 
4340 
4395 
8219 
9571 
9205 
3408 
1053 
3377 
1093 
2411 
8384 
4097 
7226 
8212 
7147 
5022 
14 
705 
3854 
5280 
8850 
9517 
7234 
6811 
4490 
593 
7614 
3950 
7973 
4404 
2521 
8471 
5374 
4443 
9755 
796 
200 
281 
8066 
54 
9142 
5462 
9659 
2696 
5798 
1004 
9262 
4684 
5943 
5780 
6686 
7667 
872 
3676 
6524 
261 
5517 
6821 
2631 
6829 
9294 
3603 
393 
7044 
9457 
4985 
9933 
4215 
7073 
8432 
6827 
8521 
4120 
5133 
46 
8812 
2759 
3039 
2938 
5169 
4168 
3627 
4261 
6873 
507 
6985 
2480 
6952 
5849 
6136 
1647 
7218 
901 
9956 
6318 
4633 
9158 
4230 
8863 
7005 
9103 
6422 
1606 
1786 
7615 
6528 
8428 
6327 
3216 
5636 
9386 
1860 
2685 
1450 
4408 
3254 
7396 
7961 
2662 
1377 
1639 
6377 
4119 
1551 
8914 
5680 
73 
4444 
4111 
8933 
6675 
4749 
8819 
3651 
8796 
1555 
6688 
9265 
5984 
5393 
3389 
4555 
6349 
7959 
2604 
7144 
5819 
5283 
9322 
37 
9151 
3224 
1132 
7307 
7343 
6040 
4112 
1996 
2989 
41 
5837 
2639 
2680 
7580 
2310 
5716 
4941 
5335 
8279 
5809 
3350 
994 
6749 
5735 
3996 
9090 
7896 
7519 
8073 
6468 
9238 
8842 
9797 
2044 
2894 
3424 
8867 
1460 
7448 
2001 
4935 
4016 
8207 
9428 
6092 
7739 
193 
3615 
4577 
4415 
612 
7179 
3722 
1811 
8890 
2683 
6740 
420 
9759 
3966 
9832 
3837 
1757 
4129 
4440 
4193 
1755 
8093 
51 
8845 
4310 
1724 
9122 
4025 
1990 
2721 
2062 
2967 
2809 
8350 
8290 
4591 
6582 
4262 
8130 
8707 
3159 
176 
5516 
8644 
9201 
5073 
1267 
4670 
4961 
2853 
4828 
3014 
3253 
9692 
8113 
4420 
4005 
8198 
7645 
4371 
3637 
6114 
2410 
3240 
670 
8314 
967 
2527 
457 
5930 
3178 
2024 
8019 
3262 
5272 
4297 
220 
3286 
7008 
4264 
4497 
8816 
6572 
1729 
6730 
6592 
8199 
3705 
9286 
786 
5627 
1277 
300 
6534 
4118 
8724 
9944 
8886 
2118 
3953 
8691 
4061 
7742 
9906 
428 
5581 
619 
7449 
437 
1076 
5212 
5105 
6674 
6842 
7317 
6111 
4529 
4603 
642 
4086 
5594 
78 
8230 
5593 
2735 
3242 
2018 
7504 
1371 
8366 
958 
2281 
5916 
759 
9805 
2566 
6203 
5198 
6112 
5788 
3083 
6909 
9550 
3548 
375 
2947 
2630 
2655 
9736 
1670 
1608 
538 
5364 
5162 
2097 
155 
5999 
2206 
9892 
6788 
9308 
7484 
3492 
8737 
4270 
1815 
8171 
2863 
4501 
2975 
7560 
1663 
7892 
4123 
5726 
1225 
8600 
2381 
6208 
1294 
3475 
3450 
1185 
4131 
7631 
2694 
957 
4417 
750 
2638 
3926 
954 
9381 
9034 
4149 
8119 
7360 
1232 
4007 
385 
8957 
1612 
1142 
896 
591 
7691 
5376 
568 
1343 
2856 
9082 
864 
2506 
7754 
4434 
2901 
1459 
953 
7471 
5003 
1357 
1995 
1462 
2335 
5753 
3416 
8272 
7255 
6929 
3684 
9011 
1529 
4525 
4378 
2810 
6021 
2904 
8090 
3199 
833 
9480 
5669 
9661 
3051 
741 
8181 
5549 
9361 
4246 
7304 
3579 
9737 
233 
4685 
9419 
1892 
5013 
6206 
9680 
1285 
9733 
8872 
792 
8507 
7943 
195 
5648 
2009 
605 
7553 
8879 
6320 
555 
4390 
903 
4447 
6441 
2361 
9955 
9447 
6032 
7557 
6834 
1699 
1799 
9798 
1331 
6876 
4107 
8975 
4901 
6557 
4866 
7237 
1561 
6598 
579 
1300 
7365 
5438 
727 
394 
1393 
8764 
7569 
1901 
2999 
2854 
3430 
77 
433 
501 
2347 
2802 
6335 
4814 
3026 
59 
2171 
7166 
2730 
9080 
7780 
5086 
4217 
831 
9540 
6420 
1598 
2124 
8502 
9862 
4054 
3795 
305 
1715 
1194 
5834 
6999 
4164 
2254 
3567 
5917 
6742 
9018 
5395 
964 
7882 
3096 
5294 
944 
3170 
2707 
6280 
5300 
8932 
3575 
1086 
7655 
9699 
9209 
2490 
2043 
5525 
2353 
7579 
3868 
5398 
930 
5142 
6748 
5717 
5660 
6957 
8493 
5375 
9776 
5209 
4557 
9169 
1728 
3746 
3272 
9407 
5920 
6495 
8840 
6810 
936 
7794 
452 
2401 
4520 
6227 
1237 
1479 
7192 
9934 
3858 
7884 
5610 
2184 
6984 
1466 
2387 
9895 
7069 
1434 
3766 
6027 
2715 
3590 
123 
7716 
4915 
146 
7014 
8205 
5308 
3249 
914 
6759 
8966 
3415 
9552 
9015 
8654 
4113 
546 
1534 
6992 
8173 
2937 
1556 
287 
7305 
6195 
4867 
2656 
9734 
4241 
650 
4053 
3761 
119 
7351 
7472 
8689 
2458 
5698 
3698 
3328 
6081 
8057 
2368 
9150 
1558 
7321 
9421 
983 
590 
6351 
6334 
6274 
491 
9076 
9651 
7043 
3116 
7722 
1821 
8317 
9437 
7860 
2997 
5968 
9760 
6510 
7405 
4765 
8111 
4009 
7510 
9200 
6968 
7741 
6743 
5637 
1009 
3688 
4197 
8487 
1550 
589 
6903 
9904 
734 
8605 
1373 
2973 
6739 
1342 
3620 
3436 
4458 
3033 
9976 
731 
5240 
1000 
3237 
2833 
6292 
8688 
3246 
1309 
4045 
4655 
4397 
2278 
9253 
8806 
1044 
7168 
8621 
4453 
5236 
4902 
524 
926 
5590 
5762 
1908 
2902 
3227 
5126 
9635 
2299 
7712 
5257 
4433 
370 
8191 
2654 
8172 
3780 
2501 
4128 
4411 
1244 
8976 
245 
7509 
5029 
7971 
5607 
2522 
3480 
5620 
9396 
9833 
7229 
6918 
9251 
2746 
5626 
149 
2470 
8830 
6118 
8676 
7933 
6080 
1163 
2330 
9545 
6678 
8238 
5980 
8098 
4641 
8549 
9544 
2475 
1329 
4343 
7802 
9259 
8391 
6102 
8935 
9792 
8817 
8919 
7544 
6196 
4099 
6089 
276 
4606 
5990 
1052 
5497 
6614 
2753 
5857 
4621 
6034 
5975 
8668 
7092 
7917 
1223 
3539 
1167 
5459 
5361 
5642 
1391 
9347 
9101 
5213 
3342 
232 
2161 
4284 
8170 
8252 
3593 
4323 
4822 
1131 
1727 
4723 
2723 
9485 
9740 
5263 
9919 
9880 
7844 
6164 
4257 
9144 
688 
1065 
7482 
2034 
6969 
9954 
3821 
1022 
5540 
5618 
1370 
9202 
5628 
9424 
2704 
1422 
4669 
6009 
6230 
4719 
5095 
1389 
4986 
7883 
5850 
4292 
6516 
1915 
7936 
4925 
6584 
476 
1572 
1409 
8574 
5860 
3353 
8884 
7694 
9554 
6172 
2014 
1168 
72 
9031 
5811 
3696 
4858 
8803 
4892 
5223 
2064 
1026 
7719 
3280 
4066 
8438 
6417 
6872 
3080 
1396 
7340 
6108 
6570 
7791 
4361 
730 
8444 
8508 
9786 
1013 
7515 
1665 
9611 
351 
1155 
790 
6881 
2609 
9040 
8401 
7792 
3813 
2329 
553 
5935 
9109 
7868 
1536 
3394 
172 
6492 
1805 
4587 
1772 
5388 
5823 
7987 
3939 
7660 
5950 
5541 
3069 
5172 
5908 
7731 
8017 
411 
6360 
4242 
5233 
7607 
560 
2194 
5057 
7779 
7540 
9656 
3537 
7698 
7800 
6150 
1952 
3108 
9108 
8379 
7626 
4139 
5122 
4936 
4754 
7695 
6069 
523 
2450 
112 
8829 
2533 
4824 
4644 
3464 
6117 
2288 
3 
5632 
396 
5921 
5031 
7627 
6093 
9992 
6719 
8275 
1709 
4784 
9782 
1563 
3331 
8453 
6039 
1856 
5871 
6193 
9435 
6013 
319 
5149 
6893 
6266 
4439 
4950 
4013 
6265 
229 
7764 
8278 
6488 
6677 
7480 
7600 
6619 
3478 
8718 
678 
9024 
8236 
2105 
484 
2827 
817 
2403 
3692 
2805 
3264 
518 
7425 
4965 
529 
6542 
3308 
9658 
4020 
9453 
945 
116 
3515 
3625 
544 
801 
2581 
2301 
5676 
9640 
7680 
7349 
3988 
5700 
1172 
6423 
3103 
1627 
2556 
3335 
658 
297 
7878 
9321 
214 
1662 
5152 
3004 
2253 
1750 
3611 
5076 
6803 
2042 
5024 
7713 
6175 
683 
7528 
5333 
3244 
5997 
2962 
7027 
5577 
5812 
6435 
4181 
1793 
7848 
8208 
6233 
9385 
4586 
4631 
5529 
4226 
3510 
5265 
7134 
3945 
8027 
7532 
2209 
8742 
8998 
2649 
4403 
7914 
5611 
8936 
7575 
2719 
6084 
9947 
6454 
8003 
6825 
9532 
4746 
2217 
5394 
8137 
8303 
6054 
5761 
3176 
1214 
2491 
6008 
4357 
3115 
8311 
8828 
3614 
3572 
2004 
6475 
5509 
9670 
4786 
2414 
3848 
2850 
7799 
3126 
9337 
1504 
6807 
5709 
8729 
2795 
6406 
4162 
9705 
111 
7705 
4199 
1336 
5251 
4483 
3623 
5564 
8070 
7730 
9950 
4085 
4315 
5415 
4063 
836 
4913 
6643 
3089 
6312 
5784 
1388 
1066 
1120 
7243 
9348 
5651 
5405 
2268 
1817 
8480 
1317 
6103 
939 
1933 
9746 
5671 
3371 
8757 
9398 
3906 
5275 
4910 
8603 
6033 
4734 
8010 
9064 
9859 
682 
3956 
6322 
5475 
5156 
985 
2591 
5655 
3664 
6271 
5046 
607 
9593 
5578 
3031 
3360 
9148 
299 
6100 
7414 
2472 
6966 
3052 
6222 
9332 
9154 
2621 
899 
4177 
1323 
6860 
3210 
2089 
285 
2636 
3310 
1122 
8849 
9247 
3409 
1769 
5751 
8300 
8097 
5758 
1171 
6168 
7091 
1327 
9781 
7338 
4530 
5103 
2436 
2380 
7677 
8166 
4365 
4602 
7529 
1731 
3361 
5484 
5512 
8077 
4886 
4342 
5724 
6911 
6526 
5440 
7984 
8206 
6121 
2053 
8594 
6270 
5338 
7592 
8590 
9707 
6200 
434 
2981 
5813 
4454 
5656 
5926 
6548 
6004 
6314 
5488 
3948 
1959 
3122 
528 
1767 
9812 
2154 
5959 
9695 
4579 
8065 
5014 
7654 
4243 
7649 
4300 
8479 
7244 
1226 
2718 
1429 
5566 
9353 
8514 
2773 
5508 
7460 
916 
8608 
1828 
1427 
7773 
7066 
7511 
9827 
3898 
6532 
2112 
9002 
6311 
5546 
3029 
7310 
2198 
9995 
1425 
4761 
280 
8447 
8042 
2968 
3562 
4175 
7710 
3064 
735 
5987 
5070 
2513 
3522 
797 
7331 
4437 
230 
8463 
1321 
7113 
9124 
3910 
8725 
7264 
4599 
2453 
3973 
573 
3767 
5048 
1240 
5106 
1016 
147 
5452 
9289 
2724 
4102 
9586 
8709 
5696 
6926 
7427 
5885 
1795 
6521 
5416 
4074 
5027 
6891 
8234 
906 
4993 
8450 
8146 
8159 
4767 
6214 
2977 
9329 
8497 
5752 
7501 
1320 
3864 
9143 
9389 
6079 
9235 
6273 
1245 
4740 
6976 
2571 
1283 
1668 
674 
4747 
2215 
8715 
3179 
9402 
6022 
5749 
2958 
4331 
3507 
3425 
439 
2126 
7452 
7329 
2165 
6309 
95 
7339 
6741 
8174 
6704 
1651 
1215 
7062 
1362 
5479 
7536 
9597 
1629 
3198 
9284 
6913 
2307 
6947 
3347 
6181 
7287 
3839 
7235 
3158 
7911 
6390 
9896 
335 
7038 
915 
7806 
1846 
9504 
9287 
1777 
6622 
9800 
3219 
6489 
992 
9530 
1410 
7262 
3660 
5681 
5536 
6972 
848 
2646 
5976 
8611 
9920 
4643 
3541 
1259 
8596 
6096 
2758 
2092 
5123 
4566 
4736 
4604 
2447 
3844 
5551 
4190 
2237 
199 
6844 
8697 
4891 
4844 
9377 
7136 
4920 
334 
8525 
722 
7212 
578 
7564 
9928 
7734 
1326 
8291 
6823 
8287 
3289 
1969 
8702 
4908 
2737 
2568 
1124 
5016 
5359 
9784 
9970 
6987 
5793 
3015 
3296 
6445 
1782 
8211 
8037 
5453 
6215 
1585 
7381 
2291 
2162 
7903 
2084 
9653 
3960 
2311 
6639 
9521 
4682 
9130 
7009 
3106 
1229 
3123 
9565 
3922 
582 
3181 
4464 
4467 
8802 
39 
8552 
6455 
1143 
1654 
1114 
4487 
3618 
2843 
8016 
5985 
7318 
4977 
3300 
8197 
4831 
2985 
9783 
5250 
8520 
4687 
5306 
7232 
8049 
1147 
4975 
7267 
3880 
6963 
7010 
2274 
5444 
9978 
764 
527 
1765 
2400 
9237 
2567 
6558 
7430 
4584 
8620 
9655 
1280 
2612 
4951 
7411 
7109 
1107 
2417 
1109 
4380 
1845 
9946 
9146 
3650 
1626 
4570 
8686 
6223 
7446 
5396 
5548 
8296 
5708 
7298 
7807 
7620 
9870 
2388 
4157 
4966 
1547 
9585 
1499 
6501 
7562 
4481 
8434 
104 
3524 
6613 
7295 
1470 
581 
8403 
1414 
628 
626 
7867 
7641 
4672 
8346 
22 
6991 
6839 
5362 
487 
102 
2859 
3629 
9763 
481 
5055 
3459 
3752 
5568 
3271 
2637 
3299 
934 
2228 
3561 
2907 
7289 
5833 
5134 
4130 
4173 
2665 
1112 
5816 
5574 
1308 
5304 
598 
3599 
7642 
4683 
397 
4080 
2743 
9303 
5738 
207 
8103 
3406 
6840 
1099 
7881 
3823 
1759 
3808 
7211 
7101 
352 
8163 
3938 
8385 
8939 
9883 
4839 
9360 
5402 
2729 
9499 
7986 
5268 
889 
7363 
1628 
4116 
6450 
4431 
9114 
4903 
7358 
7685 
1212 
68 
5560 
2326 
5173 
7026 
6160 
8892 
3700 
1974 
5332 
1692 
3597 
9610 
9025 
9383 
5042 
1012 
5535 
3071 
5360 
949 
462 
9983 
920 
3379 
5721 
8331 
8614 
56 
8271 
8736 
5880 
1206 
2255 
706 
2744 
267 
2574 
4648 
5750 
6846 
4450 
3261 
6434 
927 
1998 
1034 
2435 
2153 
5204 
4219 
9423 
7572 
6482 
8834 
3626 
8534 
5989 
8353 
7866 
4676 
3441 
6137 
6465 
9026 
2888 
2551 
9911 
5519 
6416 
7473 
5218 
2370 
3320 
2594 
2792 
6400 
5297 
7876 
291 
4662 
6301 
941 
6914 
2580 
8237 
4095 
3263 
3584 
569 
1734 
4821 
9510 
272 
1852 
7162 
198 
7968 
9676 
9394 
7407 
5339 
7944 
7424 
9327 
4574 
6721 
3903 
4287 
7394 
4837 
6368 
7696 
4802 
5715 
1897 
9641 
2258 
5058 
7216 
9844 
4703 
5969 
9687 
1325 
7486 
70 
3779 
187 
2245 
955 
8516 
9292 
8774 
6621 
646 
3665 
8782 
1125 
8028 
8823 
9412 
1667 
1105 
7927 
6693 
8365 
5887 
4103 
9683 
2890 
8419 
16 
5770 
2998 
3777 
7461 
7169 
3357 
7078 
2312 
1490 
8283 
1145 
3127 
3309 
9847 
8050 
6303 
5830 
6931 
1719 
2526 
656 
6908 
6990 
719 
5558 
8518 
8571 
3184 
3785 
9615 
1350 
7898 
667 
1544 
2688 
8636 
3592 
7335 
8955 
753 
9765 
2667 
2982 
2892 
3132 
7788 
7203 
9702 
1233 
1836 
4608 
360 
603 
6188 
9096 
9110 
2040 
5900 
3793 
4605 
1987 
7915 
8786 
4636 
271 
1531 
4511 
9849 
4674 
1744 
946 
4445 
7189 
6018 
1976 
8992 
3662 
357 
403 
9301 
2166 
2108 
4652 
3930 
9048 
858 
6666 
4441 
2360 
5386 
9572 
2583 
4202 
540 
109 
4798 
6246 
5018 
4502 
2969 
8577 
2554 
2455 
7822 
9277 
9534 
466 
1850 
5358 
4034 
9912 
5318 
3558 
974 
8180 
4623 
7164 
3013 
8735 
6576 
6650 
4982 
3525 
2362 
7700 
3687 
2481 
9459 
2893 
3279 
5931 
8240 
3412 
5192 
720 
1196 
80 
7899 
8456 
7300 
364 
3760 
5323 
6162 
6655 
4370 
3451 
5804 
6870 
307 
4373 
9549 
9388 
9648 
6537 
4825 
1416 
441 
9060 
9008 
4595 
8569 
8565 
9839 
8083 
7186 
2787 
3427 
3971 
876 
7617 
8922 
7910 
1039 
7020 
3258 
7708 
6986 
1290 
5066 
7293 
8967 
7745 
4855 
5579 
1454 
671 
3251 
7864 
2516 
4554 
6158 
6344 
6907 
8868 
5614 
7812 
7158 
5202 
4379 
6531 
4578 
4096 
4790 
4565 
4079 
8369 
4856 
9876 
9866 
8835 
6633 
3807 
8809 
9841 
3192 
5960 
2625 
715 
3498 
7197 
9622 
784 
9649 
4654 
5736 
2324 
2065 
8424 
2849 
8302 
3070 
9679 
9449 
6529 
9023 
8858 
1413 
9625 
8682 
9851 
4849 
1475 
9848 
6484 
6127 
3865 
3332 
8446 
9926 
8405 
2660 
4899 
6566 
7724 
9581 
9136 
4780 
8785 
4811 
3466 
7518 
3883 
1239 
6323 
7451 
6626 
8911 
808 
1314 
5072 
1128 
6186 
1230 
7977 
7199 
8458 
4912 
9673 
8638 
888 
9588 
3268 
4010 
4929 
595 
3942 
2980 
7355 
4815 
6014 
2449 
600 
153 
4008 
3641 
4401 
4301 
6226 
8490 
2857 
7981 
9846 
6005 
1228 
3571 
9709 
8685 
1365 
530 
5875 
3719 
8983 
9140 
2577 
3549 
8694 
4456 
6239 
4360 
8243 
3993 
5954 
4032 
8175 
4236 
2545 
6517 
5301 
7176 
2542 
5489 
9773 
9941 
8961 
9829 
5407 
1216 
5695 
4093 
4582 
7586 
7114 
6493 
478 
8843 
4752 
9604 
4863 
4865 
6378 
1756 
9605 
8875 
503 
782 
4843 
2984 
5799 
3968 
8358 
4333 
549 
8661 
9120 
9145 
6801 
9697 
6433 
9929 
9226 
970 
5365 
2225 
137 
4898 
9093 
7905 
2176 
3074 
9229 
5846 
9681 
5442 
1339 
3200 
8708 
4533 
1942 
7966 
5977 
8637 
2767 
3180 
3983 
4677 
2887 
5210 
4737 
4055 
5569 
5337 
62 
2588 
6295 
7721 
2424 
5820 
1477 
8225 
316 
7726 
4485 
1031 
4163 
5646 
6714 
7146 
4974 
318 
7170 
2535 
3578 
3734 
4872 
3747 
2549 
2036 
55 
6864 
1341 
4738 
531 
6831 
2701 
3007 
1964 
6589 
3312 
9379 
9132 
9091 
88 
4141 
6232 
3495 
7512 
7497 
7102 
3668 
8873 
2783 
9384 
7563 
2815 
2884 
3012 
8722 
7210 
6490 
3827 
4968 
4744 
3929 
2909 
1642 
9918 
2840 
3978 
9960 
3097 
5659 
212 
2389 
2227 
7352 
1217 
1203 
6901 
4011 
6638 
3456 
3119 
8373 
3421 
4550 
604 
9820 
2114 
5956 
2113 
7688 
6469 
9228 
1702 
3890 
5094 
6520 
4800 
4506 
463 
4294 
1635 
9153 
7767 
3811 
4753 
7527 
9700 
1770 
8903 
3372 
4071 
1419 
7995 
2800 
5080 
1311 
9349 
3348 
1465 
5101 
4559 
25 
3107 
1376 
4713 
2593 
6044 
4524 
7777 
4538 
748 
6804 
2275 
2298 
1046 
6288 
8854 
118 
2325 
6380 
1236 
5412 
1957 
6786 
3617 
6732 
2487 
1641 
4354 
1718 
9719 
142 
7371 
7681 
3940 
4773 
4369 
7122 
9889 
774 
9087 
4041 
4741 
7141 
1590 
1818 
9728 
7597 
7871 
5063 
7701 
9129 
8635 
1802 
2872 
9771 
6001 
5244 
9193 
1312 
7932 
3838 
4084 
3104 
2952 
698 
7022 
707 
9524 
3189 
575 
464 
4539 
9288 
7131 
830 
135 
5413 
8059 
1617 
154 
5071 
7763 
6725 
5687 
6731 
3187 
6364 
2396 
2405 
815 
9516 
6120 
467 
5962 
9500 
4189 
6973 
7474 
561 
454 
7805 
9264 
7885 
8831 
6523 
1941 
4699 
1024 
5865 
8417 
2788 
8182 
4480 
2132 
7375 
2617 
878 
2079 
6087 
3265 
6691 
5600 
721 
5556 
3368 
4146 
9472 
5185 
7272 
447 
5414 
8128 
2855 
3194 
1041 
2233 
4895 
8547 
2752 
1631 
9553 
2145 
3755 
5246 
3165 
1458 
2861 
7434 
2210 
566 
3985 
2170 
7661 
4531 
309 
9451 
2251 
3382 
2081 
9650 
3157 
5350 
6617 
6795 
9913 
6648 
7925 
9603 
5325 
1592 
8632 
913 
4216 
6849 
5044 
8009 
330 
7847 
4271 
3082 
1455 
7521 
2691 
9306 
3423 
9795 
7143 
2103 
4616 
3226 
5017 
2726 
3712 
495 
5550 
576 
2811 
7717 
6652 
1886 
9990 
8938 
2830 
5214 
5563 
7067 
1603 
6440 
5184 
2180 
9188 
4523 
5368 
2703 
7918 
8595 
9302 
2116 
4320 
7646 
1082 
4208 
8832 
8226 
6902 
2614 
5925 
3094 
6877 
3619 
5623 
6190 
283 
2012 
5844 
6573 
3733 
4268 
2745 
3238 
3499 
3460 
7608 
3009 
5431 
1879 
7200 
1002 
1694 
303 
2957 
8091 
3923 
8004 
7492 
4158 
3735 
6593 
6459 
6552 
1883 
7543 
9147 
7377 
6791 
668 
4708 
9373 
5964 
7720 
7789 
5810 
9932 
770 
9126 
3553 
8387 
240 
9943 
835 
2951 
2796 
4291 
1301 
7322 
21 
1514 
9807 
5470 
6174 
6243 
5102 
1510 
3388 
2459 
4593 
2049 
1669 
7970 
3612 
860 
9838 
2740 
8653 
6790 
7865 
5677 
8628 
9693 
5256 
8970 
6075 
5193 
3196 
8532 
64 
83 
7426 
893 
8801 
8213 
8210 
1121 
8980 
6145 
5293 
9474 
2565 
7816 
3778 
3783 
1304 
282 
1801 
5476 
3306 
4018 
4833 
371 
3834 
1822 
3693 
7097 
7744 
7021 
1020 
9619 
331 
1381 
492 
7625 
9007 
7028 
101 
48 
3690 
9049 
6757 
5241 
3435 
8423 
8231 
7453 
4152 
7127 
7188 
5766 
4234 
5576 
2933 
1424 
3164 
4618 
6828 
7525 
5040 
6070 
2404 
1364 
9414 
9355 
7046 
3294 
9003 
8684 
2055 
252 
3233 
2057 
6149 
1847 
8342 
4724 
3129 
8808 
9430 
3878 
7252 
9753 
9756 
2133 
9320 
8913 
8190 
3345 
197 
5661 
7074 
3728 
3326 
9371 
3440 
8001 
1038 
2504 
9909 
6353 
5892 
3709 
2736 
9518 
4532 
9422 
8999 
8307 
4526 
26 
1906 
9512 
2823 
5190 
1372 
534 
9541 
2511 
4345 
1747 
1428 
216 
3034 
9935 
2143 
8154 
8991 
3512 
2264 
228 
9627 
6599 
5955 
5447 
1527 
5377 
7206 
1891 
5821 
7117 
4334 
3505 
4934 
2878 
6491 
1738 
6091 
9255 
1916 
4203 
4878 
4510 
4953 
7080 
6874 
6302 
5946 
1984 
8927 
6824 
696 
1221 
1051 
3970 
9527 
8818 
3679 
829 
6994 
7875 
9696 
6738 
3826 
8944 
8304 
9869 
7673 
3081 
8439 
2032 
9852 
2244 
1471 
3862 
907 
8437 
1535 
869 
9278 
1478 
779 
6156 
4507 
9161 
9476 
7183 
4311 
6657 
6460 
3476 
4836 
2601 
6632 
2666 
1711 
8185 
2560 
8053 
6421 
4571 
9821 
1019 
8878 
3810 
4062 
3965 
5863 
3602 
9999 
114 
6341 
3426 
5986 
1432 
3402 
1299 
4806 
8309 
5381 
2936 
9801 
8482 
3245 
7393 
1781 
8985 
7522 
622 
6661 
2926 
6457 
1178 
190 
9665 
8877 
7247 
3718 
5961 
8202 
3850 
2499 
6789 
1834 
5629 
6085 
1146 
6090 
4038 
5037 
7353 
456 
2648 
6848 
8025 
8161 
6211 
5096 
3773 
9535 
7398 
1383 
3737 
5571 
7702 
908 
2272 
7148 
6886 
3173 
8820 
1938 
5140 
7332 
2363 
6775 
9591 
9416 
3609 
9959 
1588 
754 
8441 
9952 
1055 
9690 
5663 
1272 
1961 
2147 
7571 
9901 
8506 
2031 
9392 
8158 
7826 
4266 
4537 
7653 
8414 
1446 
8153 
3546 
4942 
6550 
3631 
9704 
4027 
7079 
5608 
5081 
8295 
5539 
8494 
6946 
4184 
3547 
1804 
7837 
7369 
9819 
4075 
6682 
6281 
2748 
5909 
2216 
5498 
3897 
1511 
7824 
4432 
609 
5088 
8460 
4508 
3214 
965 
1664 
574 
8871 
659 
5259 
1843 
7551 
2711 
800 
3477 
5194 
6354 
3528 
4273 
7834 
3135 
4351 
3231 
1944 
5595 
5747 
1661 
8076 
993 
8790 
8051 
4632 
8609 
1763 
313 
3833 
6204 
8107 
1859 
6816 
5290 
2052 
2385 
8372 
9106 
2377 
7245 
7383 
8155 
1813 
9501 
132 
8390 
3050 
7778 
8791 
5848 
5667 
2290 
1532 
7890 
2508 
1035 
8054 
3295 
1079 
6852 
7031 
4499 
1263 
8142 
5387 
2817 
9177 
9256 
7621 
687 
8545 
8368 
8941 
1295 
3256 
254 
2196 
4500 
3305 
9860 
6391 
7990 
89 
163 
594 
2579 
7259 
2203 
9359 
2230 
8100 
8400 
7630 
1306 
4664 
9613 
2189 
5005 
2885 
1195 
9497 
7015 
1749 
8916 
1741 
3471 
1483 
8454 
257 
9203 
7207 
7555 
1421 
9623 
6509 
151 
9503 
3961 
7345 
3931 
3581 
9674 
3550 
8005 
8469 
5001 
4853 
3724 
244 
2334 
6182 
8563 
1732 
3636 
7489 
9713 
3656 
3754 
1508 
7880 
7431 
3434 
4692 
8266 
733 
596 
5876 
4763 
3536 
485 
7835 
1748 
8826 
2530 
1646 
4457 
9241 
2923 
4110 
1919 
7138 
9331 
6600 
1487 
3429 
4329 
5520 
1835 
9037 
3756 
6668 
1575 
1453 
8334 
5243 
1367 
6178 
3787 
7980 
8643 
6575 
2974 
6658 
7657 
7055 
4344 
3274 
5221 
3085 
6370 
3738 
7118 
7609 
2664 
3411 
3432 
53 
9596 
9032 
8409 
8395 
6912 
328 
8429 
1186 
5346 
4615 
7132 
5789 
5111 
7219 
1844 
5523 
6002 
3769 
2082 
3298 
9366 
3918 
8431 
5693 
9505 
4126 
7483 
9899 
4513 
143 
7230 
3140 
810 
4997 
1985 
4358 
8924 
6512 
3962 
7732 
5690 
5324 
5471 
7356 
3190 
1625 
5573 
5277 
8731 
5774 
5311 
1 
1433 
1447 
1303 
9483 
8308 
1564 
3099 
1060 
4536 
1092 
5482 
436 
2021 
7314 
773 
362 
7283 
8316 
5019 
975 
4043 
8648 
5242 
8080 
637 
4620 
7128 
1903 
3252 
93 
2689 
421 
4220 
8613 
4512 
8035 
8779 
8794 
9046 
9578 
2970 
2074 
1978 
7193 
2111 
2914 
161 
7456 
7404 
3576 
8660 
6898 
342 
1768 
4970 
2412 
4290 
1252 
5973 
5078 
9207 
7025 
3830 
4797 
5217 
329 
8902 
4260 
1982 
4937 
4896 
508 
1247 
8542 
7103 
3021 
8339 
7240 
7403 
9689 
1999 
3967 
7410 
1402 
6522 
4558 
9915 
1784 
2090 
2942 
2768 
5647 
205 
4391 
206 
6119 
6783 
3573 
3445 
6760 
4793 
7090 
8901 
1231 
7327 
9358 
5543 
4076 
4541 
4817 
550 
9275 
9567 
8548 
7674 
8583 
9313 
8622 
2478 
9515 
7178 
7891 
6074 
45 
2972 
7922 
58 
911 
6685 
766 
3529 
9533 
4364 
1657 
4336 
1354 
7416 
5914 
3557 
2731 
9739 
7124 
8436 
4862 
4904 
9785 
5222 
6756 
5064 
9333 
3496 
2585 
635 
8693 
6644 
4988 
6640 
4406 
42 
7841 
7479 
2088 
3374 
9592 
7362 
6578 
7495 
6663 
7390 
7904 
3829 
8952 
1281 
9620 
7280 
883 
2232 
4774 
5939 
5697 
4689 
8092 
1296 
3713 
6671 
6157 
7018 
702 
1713 
929 
4712 
4068 
9972 
4488 
9477 
1607 
6166 
8893 
9073 
9539 
5807 
510 
3049 
8838 
81 
8002 
2661 
292 
9975 
129 
2539 
3924 
5279 
3914 
4694 
504 
9743 
9033 
7517 
4021 
9290 
1723 
4363 
3801 
460 
203 
9429 
9249 
7690 
7001 
6248 
9182 
6010 
266 
5067 
6442 
1392 
1660 
6884 
8575 
8727 
2572 
7976 
9629 
6784 
6814 
1298 
408 
192 
8031 
8235 
8058 
6466 
9230 
6875 
5473 
1684 
8533 
4742 
5919 
443 
8780 
9460 
919 
8193 
1083 
7288 
2917 
6830 
2760 
4491 
4995 
2433 
3027 
1737 
9248 
5723 
4954 
755 
5260 
865 
4818 
440 
5124 
326 
6681 
3077 
2339 
2238 
5144 
1250 
3681 
8129 
2763 
9403 
3114 
8738 
1405 
8268 
1366 
2738 
3673 
8270 
3866 
5493 
694 
6408 
8540 
9573 
5419 
1406 
376 
4412 
2284 
3301 
5589 
5792 
7057 
2423 
5465 
9523 
5741 
6016 
8265 
1068 
4848 
9780 
4596 
3632 
3955 
2008 
978 
9644 
5441 
5664 
124 
125 
4037 
2185 
2464 
1972 
9044 
4690 
9012 
6571 
3565 
9664 
3999 
5467 
8882 
7032 
7549 
7121 
8570 
8393 
6651 
3341 
2570 
8378 
4359 
2525 
3370 
512 
8021 
2544 
4846 
9390 
8352 
4048 
5385 
6414 
8345 
6919 
5828 
5870 
3927 
2346 
8139 
8527 
3088 
2935 
2080 
381 
5612 
4137 
117 
8061 
4267 
6905 
8244 
654 
7530 
6565 
7256 
543 
2512 
425 
4540 
6692 
8370 
6134 
2177 
3215 
1048 
8034 
3188 
8364 
7391 
6906 
9855 
3937 
2613 
7129 
265 
7354 
7913 
1778 
6432 
577 
2875 
2690 
909 
1932 
4542 
8496 
327 
8633 
483 
40 
6060 
9583 
9436 
6431 
7364 
4057 
3725 
1837 
5155 
9496 
6404 
8286 
3287 
4221 
6511 
6 
2632 
2382 
6317 
937 
322 
5000 
1408 
6684 
191 
3800 
5686 
3390 
4614 
9488 
1193 
4702 
3909 
2354 
7665 
1017 
4788 
9631 
4185 
2870 
2608 
4106 
8121 
1911 
8470 
7161 
6925 
7153 
9131 
9342 
4897 
2569 
7330 
9053 
6058 
3643 
3613 
4607 
5644 
105 
3403 
3702 
6078 
3519 
7675 
7502 
8930 
4049 
2653 
1059 
251 
8254 
66 
