5000
4322 
1423 
3041 
872 
1540 
1820 
3197 
1702 
817 
4930 
981 
4165 
2502 
2589 
293 
1474 
3203 
2184 
4153 
1177 
1919 
3407 
399 
721 
4938 
3691 
4968 
4305 
2772 
2899 
2712 
628 
784 
1841 
3731 
1731 
1853 
2120 
3649 
4931 
3566 
4646 
3959 
435 
3014 
904 
492 
1328 
3236 
2873 
1344 
1491 
1622 
2391 
2387 
4659 
4637 
4892 
4922 
4280 
3432 
2329 
3485 
2368 
1471 
3535 
2168 
1643 
2822 
3451 
3207 
2511 
1410 
2729 
3739 
2644 
49 
4408 
632 
4047 
791 
1758 
1318 
980 
1458 
1338 
1121 
4065 
1131 
1580 
4662 
4825 
3191 
3706 
1604 
1447 
1463 
4849 
2479 
4334 
1818 
127 
334 
392 
116 
1440 
2856 
956 
2600 
2561 
4306 
2664 
3502 
4846 
1904 
2784 
1876 
519 
1396 
2741 
934 
4371 
2667 
3315 
3385 
2356 
4631 
1857 
1211 
4482 
4493 
4998 
1052 
4006 
1913 
3992 
4969 
1780 
1060 
4561 
1438 
2269 
2088 
2614 
2935 
4396 
2618 
2732 
2444 
4494 
4687 
770 
2357 
2265 
2266 
1433 
1624 
586 
41 
3223 
1745 
1001 
1881 
3726 
631 
2122 
4507 
3717 
233 
3171 
3660 
745 
2727 
219 
2905 
1193 
2136 
436 
3272 
4043 
1828 
350 
602 
2710 
971 
690 
3388 
4062 
3450 
859 
218 
3282 
3119 
907 
4581 
2344 
1312 
3390 
4937 
2861 
2401 
1727 
723 
2693 
514 
2201 
4555 
3241 
4216 
4053 
649 
4698 
3182 
799 
3144 
1678 
999 
3970 
2760 
655 
65 
3273 
473 
4955 
3734 
13 
800 
203 
4710 
3718 
4076 
4769 
4854 
3505 
4615 
1968 
2818 
2018 
812 
2297 
3780 
3146 
2225 
706 
2224 
3836 
2551 
1442 
1445 
503 
1011 
2263 
4867 
2441 
1250 
2328 
4324 
3484 
3614 
470 
4012 
1126 
1102 
1655 
2837 
1625 
1155 
1068 
2348 
1885 
4490 
3226 
391 
3551 
963 
4413 
4420 
4133 
3759 
369 
3550 
2869 
4061 
2975 
2478 
3610 
1840 
2381 
1576 
1260 
3005 
91 
108 
613 
3675 
273 
2535 
3930 
4453 
3830 
1480 
4538 
1091 
2947 
4865 
3943 
915 
2702 
583 
1212 
4830 
3024 
3384 
2092 
1914 
668 
3364 
1200 
4105 
2910 
1675 
3597 
3545 
3913 
2008 
2761 
2300 
4092 
1977 
4788 
4079 
1332 
1411 
1711 
2113 
2303 
2501 
1994 
2045 
4606 
2794 
463 
2016 
2686 
3736 
3912 
2124 
1341 
2030 
308 
1748 
64 
1795 
4560 
591 
3802 
2451 
3572 
3574 
1178 
1277 
4190 
3139 
2824 
3828 
3510 
1734 
1036 
4005 
936 
4896 
4977 
758 
2109 
941 
4492 
2476 
637 
1635 
3299 
3295 
3477 
3616 
4226 
2090 
1150 
951 
186 
4707 
427 
2659 
4055 
420 
2867 
4437 
487 
319 
1946 
522 
1172 
618 
1512 
738 
664 
2116 
811 
144 
1810 
807 
3867 
4801 
2337 
916 
2834 
4773 
1837 
629 
2067 
2923 
4568 
2914 
1027 
2089 
205 
4877 
2789 
4424 
995 
3931 
302 
763 
4320 
4649 
4154 
1671 
884 
4799 
3886 
1084 
1802 
290 
3917 
3469 
2280 
2039 
4721 
3466 
457 
2736 
2647 
4683 
2375 
648 
3221 
1349 
3713 
1325 
3346 
1369 
3900 
1439 
1266 
3873 
4018 
3401 
338 
447 
3758 
3868 
2261 
2396 
1461 
4485 
2839 
110 
4412 
3471 
4015 
4499 
2046 
4146 
938 
1117 
3740 
2149 
4553 
1822 
4657 
3307 
1375 
228 
4374 
819 
2648 
1457 
3373 
4367 
3161 
3217 
2484 
1217 
1764 
2205 
242 
3255 
426 
2475 
3757 
1872 
3268 
4397 
2704 
1767 
1973 
4850 
154 
3396 
14 
2897 
4782 
715 
3509 
1785 
1132 
1023 
4620 
1554 
437 
1637 
4351 
326 
318 
3975 
215 
4213 
3936 
2970 
2065 
2182 
2963 
1398 
580 
2445 
2974 
4279 
3381 
3769 
3019 
1173 
95 
178 
1488 
1478 
1298 
2540 
3651 
68 
4504 
1196 
1889 
3431 
1574 
3052 
2258 
949 
1022 
570 
3140 
4254 
845 
3885 
2435 
3300 
3212 
2907 
149 
2915 
3423 
2938 
3793 
4981 
802 
1167 
1444 
1991 
1776 
3954 
797 
2035 
3635 
3813 
1421 
4786 
4612 
3883 
3186 
2461 
2619 
2566 
1933 
140 
4174 
2213 
2147 
4388 
1609 
1425 
4178 
4173 
2699 
2318 
2650 
3663 
2260 
3949 
4949 
4551 
683 
3174 
4161 
858 
1276 
2140 
4817 
3419 
2077 
489 
38 
3549 
4325 
474 
1469 
4967 
168 
4250 
3111 
1613 
4209 
3977 
809 
3456 
4487 
1335 
4891 
3891 
1192 
1598 
3113 
2891 
423 
3096 
317 
4379 
4459 
1569 
1164 
165 
4188 
3292 
1537 
1267 
1360 
1530 
4417 
3748 
1936 
599 
2026 
1383 
1430 
1176 
3677 
1336 
4795 
2960 
184 
4317 
1413 
4663 
3658 
4240 
1886 
2838 
550 
1275 
1141 
4567 
651 
4881 
2002 
3429 
4741 
264 
1770 
4815 
842 
922 
3366 
1054 
1326 
4823 
2343 
1038 
4158 
1079 
925 
196 
113 
1567 
1765 
2119 
55 
1504 
3062 
4753 
3012 
3819 
3127 
524 
88 
109 
3394 
3872 
1941 
768 
1218 
1531 
177 
2672 
2247 
477 
4288 
3497 
4923 
3983 
3216 
3363 
3798 
4168 
1527 
3848 
3379 
806 
1179 
4236 
4401 
1311 
4164 
3971 
1317 
4601 
3026 
2804 
4787 
4039 
2881 
2785 
3849 
2714 
1462 
1922 
6 
4882 
838 
2846 
3814 
3183 
2516 
2825 
4036 
4384 
3653 
4586 
3925 
2031 
383 
3053 
626 
1766 
1030 
3067 
1518 
1901 
556 
1145 
4227 
4743 
4119 
1981 
1626 
442 
3824 
2485 
2068 
3915 
3982 
1483 
1205 
2643 
1668 
2532 
4131 
2769 
900 
3972 
2843 
3619 
1496 
4272 
778 
1695 
2638 
1858 
581 
1803 
3297 
4332 
617 
4554 
4142 
1359 
3152 
541 
4806 
3631 
1875 
2967 
840 
2487 
619 
4917 
4169 
4803 
511 
1593 
259 
1053 
3016 
4861 
2765 
3060 
2946 
585 
2590 
1864 
3571 
476 
954 
4628 
645 
1321 
3242 
2384 
1759 
1015 
4442 
3892 
4138 
1229 
892 
3829 
1162 
643 
4610 
2141 
1437 
1535 
4863 
3582 
864 
2430 
674 
24 
935 
4323 
3284 
309 
1892 
4613 
678 
2323 
3097 
594 
4489 
3208 
3166 
3932 
1511 
3298 
4016 
3291 
3701 
2235 
421 
2194 
2244 
736 
559 
2517 
3350 
2929 
3289 
2628 
1699 
554 
4733 
2084 
2916 
1824 
1222 
3228 
3131 
1970 
1982 
2631 
3115 
1181 
1247 
1682 
1955 
1557 
362 
4528 
3347 
1066 
2107 
1987 
2003 
4196 
1080 
2534 
4097 
3051 
4814 
3210 
4740 
4975 
1115 
1419 
3337 
4691 
2007 
2764 
3903 
3413 
4901 
39 
741 
3487 
1148 
2216 
919 
1405 
560 
3470 
411 
241 
2919 
1394 
2422 
930 
4398 
1142 
1659 
5000 
36 
4723 
2150 
3850 
3494 
1709 
3368 
1136 
4202 
3953 
3755 
2319 
2845 
2144 
2043 
2755 
2711 
3512 
256 
206 
839 
1067 
1467 
375 
439 
4745 
3840 
854 
3843 
4187 
2091 
4701 
1057 
3955 
4093 
1725 
250 
2283 
4314 
1143 
17 
2874 
2481 
4558 
3474 
1568 
312 
1830 
724 
3974 
4899 
3257 
969 
1302 
595 
3377 
4180 
946 
3678 
3392 
711 
1793 
1526 
1292 
646 
3479 
2803 
2588 
890 
3225 
488 
1965 
1908 
191 
283 
2457 
3809 
3674 
3652 
4510 
2083 
4643 
3397 
2223 
4135 
1 
1565 
1414 
2359 
4298 
4286 
2806 
3465 
4041 
923 
4605 
4545 
4318 
3330 
2044 
2875 
2900 
1244 
3879 
4964 
294 
281 
517 
2153 
35 
3729 
448 
446 
1975 
1749 
2690 
1393 
788 
2921 
1451 
4262 
3864 
4411 
4247 
1757 
3508 
3568 
1707 
4972 
1596 
2188 
3600 
3030 
4827 
2394 
3491 
2932 
1291 
413 
2073 
4956 
2130 
3482 
2366 
3792 
3664 
4910 
467 
4066 
1201 
4045 
1404 
277 
2996 
352 
61 
3457 
2754 
1891 
2864 
4181 
429 
1242 
2733 
1517 
59 
538 
4781 
2118 
2139 
1187 
1347 
3897 
3153 
1708 
2282 
1815 
1223 
1497 
3570 
945 
4704 
1595 
4235 
3752 
4219 
366 
4800 
4046 
653 
1485 
4498 
4980 
3821 
1329 
1524 
4921 
2599 
1055 
2020 
3034 
2420 
3795 
4928 
316 
4267 
4604 
9 
2698 
1365 
3906 
1008 
4395 
1890 
1355 
4479 
4811 
3688 
4633 
25 
3547 
2450 
330 
2902 
943 
2455 
2313 
441 
4225 
4744 
2335 
331 
1509 
430 
2346 
1189 
790 
3541 
1090 
575 
1220 
4287 
2041 
4997 
2064 
4234 
4945 
2682 
1990 
937 
4595 
4835 
3232 
4316 
1998 
3743 
757 
4474 
3591 
1755 
2615 
2033 
3167 
130 
1546 
3305 
2383 
438 
419 
2469 
1895 
3888 
1146 
2427 
493 
3808 
528 
785 
3712 
1379 
117 
4022 
1862 
3233 
1616 
1104 
4403 
3640 
3418 
4439 
4565 
3008 
3845 
4301 
725 
126 
948 
2883 
3224 
3775 
3460 
1428 
27 
2342 
2048 
621 
4162 
3437 
3415 
1280 
4189 
2055 
3095 
783 
4269 
2841 
695 
209 
2748 
3244 
4223 
2467 
4534 
449 
300 
516 
2622 
1316 
771 
214 
920 
234 
4756 
325 
2810 
1185 
3592 
3937 
2189 
1617 
1551 
4761 
2605 
4034 
1464 
1792 
2544 
3374 
1378 
3702 
2232 
1964 
289 
1137 
4624 
3860 
3831 
3634 
3988 
3863 
787 
2966 
3349 
1860 
756 
3605 
3110 
4124 
4840 
1279 
1958 
2692 
1647 
1589 
824 
4369 
4087 
3483 
2660 
843 
1502 
982 
1974 
43 
1879 
4593 
3742 
961 
4283 
2673 
1127 
1125 
315 
1026 
1282 
4366 
2019 
1559 
2442 
4927 
3028 
1339 
4963 
3833 
1925 
3106 
2744 
880 
979 
155 
3032 
1866 
1741 
2559 
897 
3180 
3057 
1587 
4548 
4983 
320 
525 
906 
793 
2541 
4480 
3733 
295 
3526 
828 
2814 
4978 
2546 
2231 
3896 
1377 
1342 
4228 
1599 
1443 
4107 
4256 
4433 
4583 
899 
3719 
4184 
1869 
3480 
1932 
1954 
4824 
604 
1092 
2775 
1585 
3874 
1779 
2306 
547 
4134 
3580 
208 
748 
3447 
2533 
431 
709 
4603 
2148 
348 
4747 
4696 
358 
386 
1575 
3196 
2102 
3800 
3329 
94 
4 
3178 
2195 
2416 
830 
4445 
1736 
3090 
4163 
2057 
821 
4171 
2128 
2029 
4597 
4520 
1486 
574 
4737 
3865 
2220 
4566 
4591 
1591 
4026 
132 
2522 
2978 
403 
4511 
1495 
4989 
4067 
4278 
4667 
4713 
1274 
3205 
933 
1894 
4451 
1076 
2243 
4987 
4071 
1720 
3747 
3753 
753 
1315 
2819 
3393 
3240 
852 
3839 
4826 
1592 
1364 
4051 
3412 
60 
3296 
2851 
3116 
3065 
2515 
146 
179 
2198 
2866 
3826 
478 
3686 
4382 
4418 
2165 
276 
4609 
2388 
4330 
103 
1738 
3102 
1003 
1230 
3716 
4466 
1453 
3445 
4308 
3414 
1401 
1902 
1571 
1159 
1501 
2353 
3114 
1620 
1939 
2081 
1691 
229 
4206 
138 
297 
1506 
2779 
4904 
4695 
2665 
74 
4444 
4664 
3459 
2098 
1356 
4848 
1472 
3806 
284 
507 
3122 
4623 
3281 
4089 
4751 
1373 
2959 
211 
3530 
4876 
4277 
342 
4027 
2037 
2746 
4590 
798 
2504 
301 
3588 
258 
1544 
3163 
1169 
3148 
2737 
505 
4009 
3247 
3583 
4381 
3751 
2470 
2668 
2795 
3501 
461 
416 
1960 
1259 
2782 
1949 
1781 
4409 
4239 
1203 
833 
2940 
3325 
3322 
1831 
2514 
4475 
786 
2080 
2519 
2778 
1953 
684 
4014 
4010 
2042 
740 
2669 
3548 
3046 
128 
794 
1523 
4000 
1327 
3519 
3462 
533 
2857 
4422 
453 
306 
850 
2228 
3020 
4471 
2723 
1771 
4505 
2700 
2922 
4539 
324 
3192 
2633 
4724 
2315 
2093 
480 
351 
1436 
107 
2871 
1931 
1917 
1093 
2678 
4627 
777 
2106 
3783 
4862 
1226 
735 
462 
2752 
4916 
2334 
3492 
1513 
3331 
2931 
1508 
1227 
2543 
451 
3692 
914 
3684 
3573 
4537 
3076 
359 
11 
1863 
4212 
4244 
1716 
4102 
1035 
3998 
2398 
996 
1014 
1733 
363 
486 
1319 
136 
3426 
188 
4992 
2994 
2431 
2617 
3784 
1983 
3194 
1100 
3438 
1861 
3513 
4118 
744 
4460 
286 
47 
3527 
3875 
3627 
1760 
2508 
3317 
548 
4386 
994 
3807 
4120 
4644 
1943 
1301 
3956 
2277 
195 
1705 
384 
1343 
371 
1768 
2327 
4370 
4230 
1333 
4531 
175 
3061 
2739 
3043 
327 
230 
1979 
820 
727 
2888 
2050 
354 
4843 
3604 
4204 
673 
4957 
4290 
4458 
2345 
3089 
4780 
4619 
2503 
2603 
2971 
3728 
1454 
4385 
886 
2958 
4818 
1087 
201 
1686 
1455 
4108 
1195 
497 
702 
4654 
4692 
815 
2413 
2612 
2377 
51 
1476 
2885 
2791 
2908 
4265 
3339 
4587 
545 
587 
2719 
4699 
4129 
292 
1048 
746 
4141 
458 
1020 
4122 
4993 
4942 
3380 
2542 
3439 
2290 
1642 
1381 
2766 
2166 
1880 
2793 
3987 
4719 
1345 
4503 
4739 
465 
4858 
1673 
3318 
1906 
3803 
2167 
48 
4078 
1952 
868 
1884 
1832 
44 
3628 
2868 
2549 
2215 
531 
3589 
965 
1790 
121 
2798 
2707 
118 
3727 
3283 
2317 
2063 
4725 
2234 
3449 
2968 
341 
4578 
4970 
2196 
975 
4282 
3922 
1525 
2625 
2421 
3179 
3820 
2607 
4893 
3523 
4352 
3136 
2330 
1160 
1746 
4705 
1033 
912 
1846 
1712 
964 
1075 
4375 
3461 
3254 
4210 
862 
1420 
455 
1064 
4399 
1416 
3081 
986 
4576 
2047 
4738 
901 
2753 
153 
4717 
291 
4902 
2460 
2675 
432 
4639 
1061 
2288 
3704 
660 
4965 
4175 
950 
4297 
2125 
3321 
4913 
1134 
2074 
4085 
3260 
3075 
3796 
3316 
2324 
1128 
26 
1782 
1206 
2123 
2927 
2108 
3957 
3934 
2112 
102 
1422 
2506 
4859 
2287 
2955 
3723 
4847 
2407 
4985 
4274 
4929 
1627 
3887 
3878 
4080 
2453 
4292 
1233 
4467 
3367 
4063 
4883 
235 
4252 
34 
187 
2768 
3554 
2788 
3495 
749 
789 
4518 
686 
1072 
104 
4944 
3004 
3348 
4592 
3049 
1309 
4255 
4682 
1286 
2721 
3797 
2409 
3607 
310 
3336 
506 
3529 
2499 
3924 
2639 
1579 
2285 
220 
2219 
16 
2513 
8 
1723 
4959 
2731 
1797 
1432 
2221 
4813 
3629 
544 
1029 
96 
2812 
4348 
1415 
2995 
4405 
2408 
3565 
4177 
4952 
670 
3847 
1570 
1232 
346 
4933 
450 
3007 
4873 
704 
1545 
2354 
870 
42 
3262 
171 
414 
4299 
4378 
30 
2415 
2854 
244 
498 
3945 
2226 
500 
192 
1618 
4064 
443 
3603 
4872 
1051 
614 
2006 
4763 
3355 
3536 
667 
2178 
4911 
4176 
3889 
1898 
816 
779 
2548 
1605 
4347 
2991 
641 
2440 
2749 
2028 
4653 
4500 
4248 
1555 
2827 
2085 
3601 
3486 
1670 
340 
255 
2527 
3760 
2154 
245 
2521 
4336 
2463 
1505 
1713 
808 
2164 
731 
2849 
4580 
3074 
2626 
381 
1774 
4198 
1240 
63 
1493 
1878 
2790 
3778 
605 
3772 
3287 
3997 
3142 
1807 
1823 
406 
2473 
4050 
3187 
1697 
194 
4167 
4121 
3851 
4569 
1986 
410 
3709 
4059 
356 
313 
2703 
952 
53 
3622 
2101 
3128 
1034 
3378 
2482 
2783 
106 
3100 
3951 
491 
3918 
3947 
4259 
848 
752 
4249 
1450 
3861 
3188 
378 
2574 
2321 
4349 
4783 
2497 
2507 
1110 
3564 
4260 
4674 
190 
2526 
101 
1704 
2279 
247 
4730 
887 
2217 
1665 
2952 
1521 
3143 
459 
4760 
4291 
2906 
4483 
3279 
2230 
1971 
3472 
650 
592 
3786 
1930 
688 
4726 
4864 
3531 
2038 
1959 
712 
1049 
1560 
3643 
4614 
2291 
1417 
433 
1962 
4448 
2299 
4438 
240 
3048 
2293 
1290 
4855 
2512 
3358 
4875 
2587 
4033 
2270 
45 
4685 
2259 
1270 
1129 
3275 
1558 
4582 
1718 
1674 
4994 
2848 
3359 
4668 
4557 
1594 
2509 
1584 
4885 
3516 
4197 
1198 
551 
4979 
3693 
1314 
3771 
4915 
3539 
1577 
2410 
321 
2887 
3633 
3871 
3220 
885 
3944 
2284 
4729 
1628 
2494 
4546 
1784 
4532 
713 
549 
597 
3620 
2049 
1656 
2774 
4238 
3690 
1856 
4186 
2863 
3411 
2155 
1388 
2569 
1867 
3433 
835 
2373 
2458 
2694 
694 
232 
2079 
1228 
1304 
3948 
1368 
3766 
112 
4099 
1221 
3720 
1424 
3099 
1149 
1498 
3176 
2386 
3425 
3229 
1236 
4082 
3673 
1819 
1805 
3209 
2742 
2262 
2557 
4410 
3375 
1144 
1241 
4220 
1927 
1010 
2180 
2360 
4727 
2138 
157 
160 
1239 
661 
345 
1307 
2666 
3744 
3383 
3211 
69 
4857 
4463 
4273 
4285 
4890 
1969 
4734 
3895 
4540 
3952 
2797 
4689 
4839 
1384 
2903 
3667 
3882 
1963 
882 
4402 
4748 
1044 
4572 
1972 
625 
3794 
1687 
4629 
3994 
251 
4440 
2295 
2456 
3463 
32 
3151 
4641 
2496 
3537 
1249 
2157 
3785 
2316 
18 
1271 
1024 
2187 
4476 
158 
944 
3343 
1074 
1256 
2852 
1323 
3345 
863 
898 
3584 
3215 
1843 
299 
4962 
72 
4355 
408 
181 
1700 
1812 
2483 
3668 
2950 
1224 
4160 
3557 
1794 
2816 
2652 
652 
1503 
3434 
4958 
4878 
3938 
2928 
4809 
2620 
3507 
2023 
1978 
1407 
141 
360 
4810 
4607 
1085 
199 
2691 
4070 
1651 
2828 
2538 
2953 
4284 
1490 
4383 
1012 
4943 
1549 
1165 
4785 
855 
1466 
1234 
2367 
2780 
4912 
1653 
401 
3427 
4139 
4434 
4363 
644 
3015 
4645 
795 
501 
729 
3598 
3250 
3841 
3500 
2495 
4547 
687 
968 
73 
801 
3862 
2989 
663 
4182 
225 
703 
405 
1353 
4488 
151 
4909 
2255 
3647 
263 
1399 
2400 
4521 
2202 
1945 
3399 
4602 
2725 
1269 
2170 
4732 
2850 
336 
4670 
2364 
1346 
4791 
4356 
3710 
4919 
2993 
1362 
3056 
3962 
2429 
1190 
287 
926 
2537 
1887 
3636 
3670 
4880 
3436 
2718 
1669 
4159 
1661 
3801 
4303 
3181 
4069 
4513 
2786 
2930 
4924 
929 
573 
3372 
4172 
1842 
2447 
4020 
3645 
1522 
3522 
681 
4072 
571 
2773 
3362 
4648 
1865 
271 
1330 
676 
1025 
3920 
105 
3302 
4361 
4702 
4982 
4339 
3493 
3946 
1689 
1296 
4625 
3219 
304 
1448 
4790 
2246 
1484 
4359 
4706 
3569 
615 
2505 
1562 
4828 
1623 
1303 
4512 
4472 
1778 
3923 
382 
1340 
3773 
2076 
3083 
3000 
4832 
4362 
642 
4941 
4333 
2208 
71 
4807 
4103 
3248 
3288 
3430 
947 
1997 
4552 
333 
3214 
2826 
129 
1487 
3264 
2054 
167 
3901 
4350 
2956 
1123 
329 
4028 
1071 
434 
349 
4953 
1073 
3079 
2426 
1243 
402 
2855 
761 
647 
665 
557 
4870 
4630 
217 
3682 
3764 
2281 
1120 
2075 
4514 
1980 
3978 
4056 
265 
1441 
4081 
1099 
2061 
226 
2917 
1808 
2069 
4720 
2662 
1735 
4436 
1814 
1380 
28 
563 
2945 
4622 
2492 
3149 
166 
2572 
624 
2229 
2830 
3553 
3714 
4001 
1590 
3050 
1016 
1701 
3893 
3698 
1911 
1739 
3404 
4229 
1951 
4341 
3958 
4465 
2347 
3496 
3405 
3071 
701 
3293 
2981 
2289 
3138 
4821 
734 
2882 
1214 
2847 
1905 
221 
553 
4501 
3745 
1740 
3256 
4364 
1106 
2186 
2734 
877 
3996 
4562 
4805 
3243 
4393 
3735 
285 
4869 
1081 
2598 
3856 
2094 
1607 
3533 
3525 
696 
4109 
4908 
2380 
3044 
1389 
3306 
4906 
12 
3679 
1679 
4261 
4897 
2274 
2687 
1938 
495 
1610 
4150 
3905 
1139 
3685 
4091 
4115 
1507 
4971 
4126 
4060 
4996 
1583 
4542 
3088 
561 
1742 
2414 
1138 
1692 
1358 
3398 
4934 
3585 
1640 
2627 
2340 
3586 
972 
3327 
1262 
2339 
1813 
3562 
1541 
4157 
282 
3428 
4307 
120 
1133 
1786 
1285 
80 
231 
3156 
3869 
1957 
3082 
2632 
1775 
445 
4879 
895 
579 
1477 
404 
3561 
601 
4329 
1897 
2097 
1752 
1809 
3365 
578 
4315 
1252 
4988 
2520 
4457 
482 
1801 
4636 
374 
3921 
3344 
66 
654 
4491 
1855 
3145 
137 
4596 
4004 
2025 
565 
1130 
4183 
4309 
2999 
4903 
2361 
2110 
3816 
3787 
639 
1225 
4634 
1156 
3490 
4473 
3855 
249 
1248 
957 
2292 
3711 
3520 
274 
4017 
1519 
867 
2547 
2296 
1097 
2059 
1988 
2510 
2552 
3391 
3069 
2096 
4920 
3031 
2624 
1397 
133 
2688 
2175 
2842 
1621 
3073 
2264 
1400 
1013 
2227 
1479 
2322 
638 
152 
2653 
1900 
2735 
543 
2608 
2961 
4432 
2446 
164 
764 
2912 
2705 
4594 
4481 
576 
4031 
3169 
4579 
3762 
967 
2 
743 
878 
692 
2036 
2671 
707 
3623 
1107 
2310 
3909 
170 
2577 
2562 
2536 
2985 
733 
691 
2528 
483 
2697 
532 
3995 
4844 
3504 
1944 
792 
1481 
4096 
4294 
216 
1847 
2417 
3991 
2751 
4550 
1950 
407 
775 
1412 
365 
1806 
3277 
115 
1926 
4149 
252 
3779 
569 
1154 
70 
37 
1019 
4573 
4974 
3940 
2836 
267 
4221 
3231 
2984 
3665 
2218 
198 
3961 
4750 
4057 
3965 
3834 
3506 
2706 
4086 
1664 
2965 
2595 
31 
834 
2104 
4570 
440 
1376 
3715 
1729 
2759 
3473 
3319 
2320 
857 
1553 
4152 
1849 
3707 
4914 
896 
3613 
3499 
4166 
4116 
2663 
2579 
3489 
1644 
1893 
2565 
991 
15 
2254 
142 
4477 
3011 
4647 
1532 
2172 
803 
846 
2257 
3104 
2278 
3818 
2078 
942 
1320 
1882 
2142 
1542 
1967 
3270 
3776 
1539 
656 
3960 
891 
3812 
831 
3979 
3767 
3387 
3353 
3213 
4681 
3750 
4679 
3448 
849 
2629 
682 
1566 
662 
1473 
311 
1288 
2904 
2986 
2111 
2726 
732 
1182 
2425 
2250 
1371 
288 
4772 
3040 
2767 
1985 
728 
3452 
2962 
3204 
2518 
4140 
588 
2146 
1308 
385 
111 
977 
1183 
4497 
2840 
3341 
4516 
379 
1719 
539 
1188 
2103 
3036 
974 
2238 
376 
1245 
2275 
1366 
1408 
4054 
4110 
4030 
1305 
3928 
1629 
3662 
4394 
3162 
3267 
4672 
2658 
3265 
1989 
3560 
1510 
377 
3410 
2027 
1550 
3441 
3890 
2567 
2493 
4233 
238 
2939 
2248 
87 
2341 
607 
3935 
1202 
1253 
2314 
3135 
3235 
2901 
1166 
2832 
50 
3532 
564 
3556 
1293 
2214 
4441 
4588 
1402 
2951 
4008 
671 
3933 
1237 
4300 
1543 
4179 
3271 
3976 
546 
3389 
4137 
2941 
1721 
3880 
3969 
2012 
3021 
3340 
2305 
4686 
3854 
1374 
1372 
75 
444 
2011 
4535 
3068 
534 
3027 
4658 
4522 
3680 
3239 
1597 
4007 
2021 
364 
716 
3967 
1588 
825 
1903 
2685 
3768 
2630 
2252 
2642 
1871 
4344 
913 
3009 
4435 
2771 
1873 
3555 
454 
10 
1850 
20 
3666 
1992 
1874 
4841 
2333 
1683 
1851 
2498 
1529 
3386 
3621 
4251 
1078 
347 
4822 
1747 
1289 
823 
2545 
4496 
720 
3656 
2582 
4217 
3160 
204 
4346 
3838 
2695 
589 
2071 
200 
4421 
3290 
4617 
468 
1103 
3311 
2349 
4642 
1648 
2807 
3054 
698 
3756 
2272 
4673 
634 
3037 
4430 
1684 
4293 
2212 
1077 
4037 
4328 
400 
3853 
1956 
3039 
4296 
4193 
2133 
4372 
2745 
1666 
1208 
3657 
3606 
4462 
2267 
2606 
4519 
4506 
4523 
1158 
984 
4541 
1281 
3103 
4200 
4241 
1197 
759 
3338 
2245 
40 
2558 
4048 
3132 
2651 
418 
4449 
3147 
623 
1706 
620 
4731 
4986 
2309 
1184 
4600 
4754 
2432 
4095 
3618 
4263 
2674 
4995 
2728 
3334 
2418 
3308 
1499 
4392 
1088 
1556 
3400 
2160 
2062 
78 
2117 
4635 
3558 
1324 
2835 
959 
860 
4886 
2466 
540 
3101 
610 
3278 
2580 
4201 
1603 
4331 
4044 
3859 
542 
3835 
1829 
2792 
3360 
1836 
810 
125 
4242 
2307 
2756 
987 
4222 
3130 
1113 
2530 
1354 
1844 
92 
2575 
1582 
1152 
3894 
1788 
527 
4090 
390 
3320 
2010 
1657 
562 
536 
4517 
323 
3846 
227 
3222 
236 
52 
1070 
1306 
879 
2156 
2474 
1800 
3159 
3200 
2796 
958 
622 
2206 
2472 
3001 
89 
3458 
1043 
1435 
496 
679 
3408 
1639 
822 
841 
1676 
1533 
4003 
3990 
1826 
2844 
4455 
2332 
976 
1649 
3333 
504 
3276 
2879 
4820 
1916 
705 
3781 
1730 
829 
388 
3022 
1538 
1168 
2454 
3518 
2983 
4697 
4735 
2237 
966 
4837 
2005 
2523 
2040 
3980 
3827 
3198 
3263 
3870 
2892 
4094 
4391 
3154 
4632 
22 
3280 
3908 
4215 
1947 
3094 
939 
4257 
2014 
2015 
1492 
2301 
1996 
4218 
2199 
367 
978 
630 
4678 
567 
1294 
373 
805 
4073 
4976 
4145 
3804 
1096 
4052 
3609 
370 
3777 
3251 
2395 
3552 
4652 
693 
1696 
4416 
1581 
4778 
3185 
844 
357 
2943 
754 
197 
2661 
159 
2086 
417 
3724 
4749 
717 
2363 
3165 
3120 
2115 
3443 
2308 
3672 
616 
3059 
611 
4935 
2709 
1762 
3964 
4192 
4337 
3644 
23 
1732 
98 
4728 
122 
90 
1769 
1920 
387 
4793 
2640 
1094 
2831 
4368 
2358 
3261 
1515 
148 
2399 
813 
3881 
1688 
3866 
4310 
222 
4443 
4716 
2942 
4191 
3133 
2750 
1821 
2424 
4312 
4571 
1777 
3403 
84 
931 
1641 
3118 
185 
4360 
881 
3884 
466 
343 
3124 
3173 
2616 
529 
680 
1386 
3898 
3993 
3782 
3721 
1310 
262 
4032 
3310 
3852 
4776 
3654 
2151 
4526 
4144 
4224 
339 
2145 
708 
355 
2815 
2403 
2434 
2876 
1216 
3596 
380 
1434 
1082 
4798 
3659 
2053 
836 
1098 
2239 
2179 
4127 
1446 
4556 
4195 
2679 
4276 
4574 
3234 
4694 
3107 
4757 
1614 
4888 
4621 
1161 
202 
1357 
4232 
1632 
2241 
2591 
3164 
2372 
4755 
3417 
4866 
3914 
993 
4777 
1646 
1563 
1171 
606 
499 
510 
3421 
2397 
4345 
4742 
422 
3579 
3199 
714 
2370 
781 
1042 
1059 
1041 
3929 
1235 
322 
46 
4530 
2715 
3511 
888 
394 
4040 
4926 
223 
3006 
2490 
3420 
871 
3157 
4390 
1514 
3696 
4035 
1750 
3444 
4833 
3730 
2253 
1899 
163 
773 
4469 
2114 
1714 
2405 
4536 
1852 
2438 
145 
3361 
3534 
2468 
2488 
481 
2392 
2286 
755 
4831 
1572 
3624 
4335 
494 
1645 
4214 
1186 
2222 
2034 
2423 
3681 
970 
640 
2273 
3611 
4468 
4208 
4939 
2087 
627 
520 
917 
2811 
1385 
479 
1367 
502 
4894 
596 
2129 
1912 
1215 
3376 
3422 
3168 
1928 
3517 
1204 
3671 
2948 
3313 
4406 
3035 
1007 
1940 
2190 
471 
2571 
4074 
4758 
4779 
2564 
1297 
1494 
1251 
2404 
4559 
2634 
2988 
2740 
523 
4112 
1031 
1868 
57 
4143 
1000 
4960 
3038 
1536 
1153 
2185 
396 
2980 
513 
3963 
4400 
4853 
590 
1180 
4313 
2878 
2880 
4419 
990 
4722 
603 
672 
3072 
1601 
2200 
3274 
4680 
1838 
1009 
2987 
3546 
2777 
1095 
4584 
2758 
2304 
2174 
4021 
2787 
3626 
4759 
176 
298 
3230 
2171 
2207 
368 
4774 
666 
2884 
3774 
1728 
1157 
1151 
3357 
2676 
3080 
4266 
4703 
1796 
3544 
2553 
3177 
677 
3577 
2183 
3189 
3749 
4246 
1363 
1654 
2197 
2009 
515 
2597 
4478 
3155 
3732 
3528 
1561 
3700 
3112 
2162 
3395 
4693 
1896 
1246 
119 
4207 
189 
1660 
398 
1352 
1942 
1703 
1833 
3810 
2637 
1005 
29 
395 
4113 
2829 
4100 
4423 
3045 
1135 
3033 
739 
3738 
2934 
4358 
2722 
1409 
424 
765 
1147 
2338 
4357 
2602 
1834 
1047 
2462 
4470 
3134 
818 
3301 
1207 
3911 
4842 
3877 
2743 
2312 
1763 
2886 
1848 
4128 
1004 
4450 
1199 
2471 
869 
535 
1999 
4311 
2531 
3126 
3184 
1429 
4380 
582 
4425 
4563 
21 
372 
1387 
4936 
1500 
2976 
1322 
2419 
4675 
659 
700 
1459 
3542 
3342 
412 
5 
4170 
114 
4889 
4415 
760 
718 
1418 
3064 
3158 
874 
1452 
3578 
3746 
4940 
4845 
4714 
1827 
2604 
4666 
3328 
2730 
3042 
4268 
3981 
1633 
782 
2024 
1602 
3091 
4838 
296 
4326 
909 
3968 
4270 
1619 
584 
699 
4543 
19 
210 
389 
762 
4132 
1392 
4794 
780 
2696 
2437 
928 
1287 
1993 
2126 
1924 
814 
4275 
3770 
710 
992 
314 
4340 
4502 
2578 
1403 
2853 
99 
2997 
3791 
2821 
989 
3722 
3351 
156 
1608 
3105 
1348 
3705 
4376 
4598 
4771 
4711 
3332 
2918 
2584 
2143 
3058 
1534 
1578 
1915 
3455 
3907 
4203 
1175 
139 
1278 
3063 
2701 
4792 
1083 
1050 
3703 
4768 
1390 
169 
415 
3370 
469 
2563 
889 
464 
893 
3237 
4013 
3687 
3258 
2491 
1694 
3581 
3 
2376 
4712 
1265 
1334 
600 
3249 
4194 
275 
2082 
2211 
2369 
147 
2433 
1552 
4515 
3823 
2525 
1586 
3259 
2724 
1658 
3741 
2708 
1209 
3109 
328 
1839 
3092 
1634 
747 
4509 
253 
182 
3488 
4638 
4527 
2017 
3246 
3125 
767 
1465 
183 
608 
3788 
2979 
2176 
2390 
4990 
2573 
1468 
4148 
2209 
657 
796 
927 
3919 
3973 
769 
4231 
1086 
3844 
1520 
1984 
4024 
3765 
2389 
3648 
3170 
4447 
1548 
2459 
2636 
4650 
1934 
1109 
3858 
2539 
4708 
3252 
4887 
193 
2937 
81 
4860 
1976 
940 
3942 
4049 
2646 
4281 
4816 
4428 
484 
307 
62 
1995 
2820 
4258 
4342 
4019 
33 
512 
2032 
2181 
1753 
1268 
4611 
3837 
2911 
2249 
361 
3013 
3003 
598 
1789 
4002 
86 
393 
1391 
4414 
2655 
2635 
3371 
1935 
2762 
3761 
3190 
658 
4029 
962 
1284 
2757 
3999 
3402 
1516 
237 
4427 
669 
3989 
3227 
903 
2412 
3047 
4123 
635 
766 
1101 
2204 
3576 
1663 
4651 
1909 
180 
3699 
1258 
2933 
4025 
4802 
2352 
722 
4932 
3725 
1263 
3590 
124 
3314 
4377 
2268 
212 
174 
2641 
558 
1069 
1652 
337 
2677 
2689 
3070 
3478 
4464 
83 
750 
973 
4271 
3595 
4961 
1114 
4618 
1058 
278 
873 
3650 
3285 
1350 
1006 
4599 
452 
2813 
3521 
1257 
1921 
4549 
3789 
3632 
4762 
847 
131 
4365 
508 
2920 
2276 
4136 
3476 
4101 
866 
4775 
2233 
1662 
2870 
1816 
1715 
2763 
1361 
1238 
2809 
335 
1636 
2411 
1693 
3799 
97 
3708 
4155 
2331 
4343 
3464 
2449 
3286 
2298 
4508 
902 
1062 
2355 
2560 
3202 
3481 
1681 
4999 
2210 
1845 
2683 
1726 
2325 
4098 
3029 
4895 
272 
4023 
2808 
353 
2972 
2596 
2799 
894 
2926 
2336 
2680 
4907 
568 
2000 
3754 
2486 
4950 
456 
3141 
4454 
1835 
269 
4461 
3117 
4836 
1638 
3587 
826 
1449 
3335 
905 
921 
2982 
1948 
1111 
2998 
4766 
82 
2898 
2592 
2889 
2550 
3857 
1489 
2443 
1406 
3253 
3805 
4752 
526 
910 
485 
67 
4684 
2738 
2489 
490 
633 
2393 
2944 
1300 
2121 
4715 
3018 
1772 
3926 
3086 
4205 
344 
2570 
4656 
3615 
2555 
1122 
2159 
1717 
3842 
3638 
2132 
2382 
1021 
1611 
4524 
397 
3467 
2895 
3612 
983 
3098 
3440 
3453 
3524 
2439 
4429 
2240 
4243 
3078 
2964 
4338 
2781 
960 
3543 
1470 
2477 
3323 
2657 
3916 
4718 
719 
827 
2406 
3669 
1650 
2670 
2992 
1283 
1313 
3468 
953 
4868 
3815 
4640 
2611 
3694 
1105 
4373 
150 
3625 
1116 
4991 
260 
4199 
4156 
1108 
4874 
2529 
4042 
1724 
2385 
2556 
4746 
4946 
4797 
1046 
2586 
4404 
280 
1191 
3683 
2585 
3150 
4114 
3266 
4616 
865 
1547 
1231 
2066 
460 
123 
4111 
530 
3984 
56 
1119 
1254 
257 
4575 
3563 
3312 
4407 
537 
1910 
3304 
4130 
1255 
4106 
2954 
2802 
555 
4834 
425 
3966 
1877 
135 
261 
4589 
883 
1219 
2095 
3559 
2131 
3950 
4661 
4446 
1370 
3424 
2805 
2127 
1615 
2203 
1431 
2957 
2859 
4789 
2623 
4669 
2191 
3817 
2004 
2890 
566 
3324 
2271 
737 
1174 
1825 
2452 
1907 
742 
4665 
3639 
2402 
2177 
3538 
3108 
1395 
1710 
248 
3002 
1573 
1456 
4808 
2242 
876 
675 
4736 
4354 
2969 
3195 
2500 
4431 
85 
4954 
2593 
409 
1482 
2464 
577 
2480 
2013 
2713 
4677 
3172 
1918 
3409 
1118 
2654 
4083 
4038 
2649 
2896 
4237 
2860 
998 
4947 
4084 
2137 
2448 
3515 
2747 
2311 
172 
2925 
1124 
518 
3121 
3567 
861 
143 
2720 
2099 
1112 
4819 
2158 
1194 
3087 
2872 
2817 
1427 
3352 
2776 
2105 
3617 
774 
4353 
726 
1213 
7 
4856 
428 
3206 
4690 
3602 
1722 
3303 
1883 
2581 
730 
3077 
2949 
4104 
3575 
3025 
955 
4626 
2192 
1337 
2554 
3939 
1063 
3369 
4900 
2161 
1600 
1854 
4973 
279 
2770 
853 
1002 
2924 
207 
2465 
2576 
2056 
1261 
3655 
4851 
1751 
1783 
4709 
3910 
3326 
3137 
1056 
4319 
1690 
4302 
4812 
3406 
1351 
4088 
1966 
4117 
1382 
832 
4796 
1859 
4770 
3790 
2621 
4495 
161 
3475 
3927 
2052 
3269 
1961 
266 
2862 
1426 
521 
1677 
1032 
1804 
609 
1811 
3986 
2833 
4068 
4484 
4767 
4905 
1888 
3902 
3123 
1799 
856 
2609 
3201 
3594 
2362 
1631 
4304 
3763 
2601 
4058 
3446 
3294 
3238 
2365 
243 
1612 
3904 
3608 
1272 
1040 
3637 
4660 
270 
2583 
2877 
2610 
3354 
305 
552 
3356 
58 
4784 
2100 
3899 
985 
2436 
2990 
4147 
772 
2716 
4426 
3985 
3630 
3218 
4966 
509 
2613 
4764 
3454 
1761 
1791 
804 
1140 
988 
908 
911 
4125 
1756 
636 
3416 
3642 
4564 
4011 
4211 
3646 
2051 
2072 
1870 
751 
4486 
1564 
2152 
1039 
4387 
1264 
239 
268 
932 
2894 
3093 
1698 
4671 
2717 
997 
2351 
3811 
2977 
2684 
475 
2374 
224 
2428 
3084 
1299 
3641 
2800 
1331 
3055 
2294 
4075 
254 
612 
4077 
4253 
2070 
2022 
1929 
3599 
2350 
1744 
1089 
4852 
1667 
4245 
2801 
2134 
1773 
4688 
79 
2524 
1680 
2001 
1018 
3309 
1295 
3689 
3498 
4676 
1606 
2865 
4295 
3010 
4984 
4544 
1817 
1737 
2251 
2909 
77 
4456 
4389 
472 
3503 
4321 
2379 
4804 
2893 
3661 
2163 
924 
2236 
1037 
2169 
4529 
2858 
3832 
4871 
3175 
1528 
1672 
3442 
2173 
1743 
3822 
2193 
572 
54 
2913 
3876 
4700 
1210 
1754 
2681 
4898 
4185 
2936 
162 
2378 
3676 
3129 
4948 
4585 
4918 
1460 
3017 
3066 
2302 
918 
76 
2371 
3245 
213 
1028 
1065 
173 
4577 
3382 
4608 
2973 
3737 
1798 
593 
1937 
1630 
246 
776 
3023 
93 
2058 
3540 
689 
4289 
303 
2594 
1170 
3514 
4264 
100 
2256 
3593 
4765 
3085 
1045 
3193 
2645 
1685 
2656 
134 
4655 
2568 
1923 
3941 
2060 
4884 
1017 
4525 
837 
875 
4925 
2326 
3825 
332 
4533 
3697 
1163 
3695 
685 
4151 
4452 
851 
2135 
1475 
4829 
2823 
697 
1273 
4951 
3435 
1787 
4327 
