9000
6089 
5238 
4675 
1468 
5329 
7672 
70 
4738 
3218 
5325 
8871 
1853 
7 
1545 
3599 
1836 
5097 
3313 
7839 
5860 
3597 
6868 
6551 
1931 
6242 
3650 
3024 
4585 
2542 
5165 
2371 
2183 
975 
6552 
2572 
5846 
3519 
7566 
1875 
7153 
3603 
1294 
3205 
1695 
5594 
4555 
6959 
4146 
6394 
8908 
5356 
8152 
2416 
8963 
6937 
8027 
5856 
5416 
1437 
3724 
4499 
6057 
2990 
222 
994 
4049 
883 
2346 
6524 
7633 
3575 
5721 
956 
2552 
1372 
8457 
5930 
3306 
2389 
1891 
1056 
2041 
7794 
3309 
5215 
5975 
6129 
960 
1735 
8724 
8019 
5041 
7560 
3963 
8381 
5982 
2123 
7429 
6714 
5395 
6668 
5777 
4479 
208 
5265 
3750 
1917 
5090 
7114 
177 
8587 
6353 
2621 
4346 
8933 
2564 
3343 
5927 
8903 
7620 
8678 
7607 
8426 
4744 
3800 
6670 
878 
4957 
2717 
1016 
6787 
5835 
1787 
5970 
1005 
6079 
2069 
3116 
1495 
6638 
2456 
4541 
670 
1101 
5470 
6058 
1020 
7118 
6393 
4642 
29 
3754 
5461 
3384 
2022 
3207 
4454 
7890 
4194 
3401 
1259 
3101 
7710 
8918 
512 
4266 
6111 
5988 
6929 
8363 
4985 
4705 
1163 
1799 
3362 
5679 
1593 
7787 
8822 
2888 
2410 
5892 
3938 
1224 
2082 
2678 
5464 
1195 
2884 
3977 
2983 
2510 
2949 
2304 
804 
6507 
6479 
3909 
6831 
4624 
2225 
4861 
6607 
7714 
8414 
5899 
8054 
7299 
4623 
2384 
4035 
7220 
4713 
1074 
6123 
5053 
2583 
7412 
8429 
1895 
6776 
4630 
4278 
2187 
1151 
7087 
8651 
8796 
7579 
6095 
3550 
6613 
8056 
5693 
5263 
611 
7313 
2367 
1099 
8143 
5795 
6206 
3508 
8586 
518 
7933 
8957 
3143 
63 
1871 
689 
1138 
2131 
6779 
2747 
3856 
7038 
1942 
7772 
4853 
1526 
8404 
4364 
3321 
2864 
3598 
1959 
6575 
8742 
1113 
1280 
8304 
4621 
8582 
2013 
1399 
7002 
4284 
4987 
5362 
4201 
491 
7906 
1675 
7550 
4948 
8259 
4786 
4396 
4722 
1514 
1589 
1758 
7304 
1686 
6978 
2162 
68 
62 
339 
8829 
8453 
2629 
4433 
1519 
4100 
5517 
607 
8413 
5809 
8622 
3727 
3671 
6475 
1436 
2340 
7482 
1529 
5731 
4311 
5314 
5942 
8010 
3449 
1556 
458 
2506 
4443 
756 
7548 
8842 
3578 
5099 
6800 
5198 
8188 
8697 
5081 
5881 
6199 
2302 
2880 
5963 
1978 
30 
8838 
59 
1882 
19 
6366 
8710 
4380 
6898 
4184 
2887 
640 
4173 
2466 
6742 
527 
296 
7942 
5686 
5440 
182 
1986 
5907 
7543 
6364 
6591 
7832 
5754 
4091 
3198 
3946 
8630 
1921 
1662 
3587 
4916 
1409 
7567 
1766 
915 
389 
5330 
734 
2058 
7744 
3177 
8311 
316 
4895 
3000 
8186 
2612 
7423 
7961 
3785 
2017 
1429 
99 
636 
6961 
8552 
5307 
5117 
7928 
2038 
2308 
7783 
1577 
3171 
6675 
8655 
1095 
7240 
5210 
1865 
8187 
3041 
7309 
7320 
2034 
2699 
5052 
1411 
2158 
4748 
8894 
295 
3373 
5941 
5017 
8495 
1336 
3009 
1029 
6730 
2944 
4993 
4579 
3357 
5671 
6385 
1505 
1227 
191 
6264 
817 
2924 
783 
284 
1302 
6251 
7603 
6175 
664 
7806 
82 
259 
6648 
6538 
5346 
6042 
8127 
8517 
4242 
1873 
4936 
4464 
3869 
270 
3204 
6355 
1196 
1984 
4709 
8120 
4018 
5716 
5532 
4276 
2541 
3126 
4679 
4846 
4876 
6938 
8397 
1922 
6047 
536 
1718 
4668 
2989 
984 
3764 
6172 
1491 
195 
8749 
7151 
5419 
3033 
2218 
3891 
8868 
3154 
1649 
5507 
1788 
4607 
7477 
2702 
5931 
5595 
3565 
1547 
7881 
8084 
8851 
1107 
1494 
4262 
87 
1122 
5160 
5229 
8548 
4741 
2575 
7296 
8279 
940 
5746 
5152 
4114 
1851 
913 
253 
7989 
88 
6789 
1979 
3514 
2522 
8603 
7170 
3125 
2369 
1640 
4191 
107 
4689 
6599 
2649 
6448 
3987 
3465 
400 
1 
433 
2728 
1512 
2234 
2333 
4825 
5123 
5924 
6379 
216 
7797 
1926 
3050 
2784 
297 
2042 
8819 
1774 
6751 
2979 
3762 
8713 
25 
8200 
4404 
6127 
2692 
3966 
2455 
3268 
5568 
2355 
4004 
7600 
3608 
8952 
2796 
8432 
1442 
7547 
6918 
5750 
8226 
5294 
3292 
651 
7135 
5710 
358 
7445 
3546 
6764 
4279 
672 
5341 
5073 
8786 
8961 
533 
2835 
5735 
3687 
8503 
7314 
1040 
6996 
6894 
1805 
8336 
8902 
2721 
3672 
6673 
6559 
1876 
7444 
6044 
1098 
4671 
1303 
4521 
379 
8254 
2087 
6791 
3006 
1176 
1683 
1727 
5636 
349 
3118 
8204 
5871 
5306 
8045 
6969 
4687 
4358 
2405 
3105 
1923 
6921 
8730 
1783 
2409 
2149 
5725 
1818 
5495 
3699 
7139 
8418 
5582 
7866 
6015 
1272 
7427 
1864 
1313 
4121 
2311 
941 
6936 
1782 
4841 
7370 
5566 
784 
6947 
3756 
8055 
4110 
3993 
7420 
8753 
7150 
6493 
6944 
1215 
294 
8675 
5958 
6590 
6275 
1164 
4599 
7144 
7859 
8679 
1964 
5979 
3147 
4662 
4523 
1723 
4577 
6375 
5185 
1390 
320 
5036 
8297 
4254 
3473 
4561 
3898 
5146 
1689 
7019 
224 
5844 
3266 
8128 
3825 
7104 
5128 
1382 
1854 
2783 
5755 
6705 
167 
5119 
722 
1719 
6403 
8115 
4461 
5363 
785 
7994 
219 
3840 
1863 
8040 
525 
3524 
5142 
2400 
7791 
3568 
6639 
7529 
2303 
2984 
5922 
4385 
7754 
8818 
8788 
2672 
7958 
6987 
6635 
2126 
8362 
3352 
2135 
2139 
1338 
5826 
3139 
418 
7899 
1704 
8207 
1829 
8531 
1810 
7824 
7671 
2775 
4187 
6543 
4575 
628 
2846 
488 
916 
4073 
5295 
5211 
5680 
1567 
2660 
7924 
4348 
3113 
2245 
3070 
1073 
2719 
1568 
3308 
8893 
7926 
2290 
445 
6301 
353 
7044 
3916 
1288 
5855 
3334 
6017 
7469 
2670 
4153 
5429 
4070 
4182 
2604 
3901 
779 
8759 
4968 
7577 
1117 
7049 
6863 
4074 
2609 
5134 
6967 
2451 
7729 
7939 
4966 
1951 
5631 
2732 
317 
6302 
7051 
4688 
2393 
1354 
5909 
5249 
3551 
1793 
8663 
2156 
4996 
2891 
8951 
5437 
4845 
7904 
2536 
8620 
2334 
3989 
6598 
4995 
1023 
1448 
509 
3881 
3708 
6000 
6481 
148 
2618 
1421 
6536 
3534 
2008 
4453 
3255 
933 
6321 
618 
7993 
5928 
5648 
150 
7448 
7929 
124 
6755 
8058 
8706 
3819 
1355 
1702 
6530 
1826 
7143 
5617 
2820 
1155 
7558 
3688 
8900 
850 
8895 
5562 
8794 
6406 
6677 
8208 
2836 
605 
8309 
5691 
2814 
6953 
7612 
5139 
4611 
6440 
8602 
5093 
7737 
667 
1347 
391 
7385 
7126 
6614 
8136 
6733 
8905 
1856 
2329 
4237 
4084 
4721 
7610 
3288 
4124 
759 
2947 
8422 
1899 
7467 
1852 
5854 
6772 
4582 
2896 
2527 
5337 
2613 
6092 
5739 
884 
4029 
3962 
8317 
8081 
4063 
2619 
4824 
2437 
5645 
733 
8387 
2251 
5630 
7693 
5149 
5371 
6304 
5701 
2941 
5454 
5184 
2077 
4098 
7919 
3445 
6347 
5060 
6671 
4337 
36 
3344 
8072 
5813 
7454 
5851 
1831 
726 
3077 
8889 
4309 
4245 
5707 
3679 
1934 
5351 
1581 
5209 
7054 
3037 
8251 
4858 
8299 
1484 
6687 
5767 
6372 
7800 
2391 
6597 
2840 
5224 
263 
4285 
8625 
6859 
455 
2974 
4220 
5345 
542 
5571 
2557 
2090 
4436 
4186 
5057 
8907 
5328 
7540 
1710 
1078 
2356 
271 
7740 
4450 
8366 
845 
6028 
4025 
1533 
4963 
8356 
7148 
7109 
1688 
5261 
8636 
31 
2382 
5358 
6149 
4008 
8969 
3623 
1664 
3406 
613 
2294 
4405 
6615 
5100 
3213 
8836 
8075 
2802 
8463 
2654 
6306 
6434 
7957 
7276 
3729 
7711 
5906 
4015 
3002 
2491 
425 
2740 
6036 
3378 
3969 
2141 
3347 
7389 
4866 
8970 
5021 
2267 
5086 
5427 
2195 
6419 
7339 
1881 
5088 
6539 
3141 
1180 
1880 
2046 
6324 
2091 
7762 
102 
2626 
8653 
5933 
2673 
7085 
8825 
8643 
4994 
6517 
1451 
2916 
8930 
3894 
6021 
822 
6246 
5394 
1667 
3102 
7287 
5469 
4293 
922 
6437 
3397 
1548 
7325 
5849 
3106 
4583 
6171 
1318 
3573 
8118 
1843 
2953 
4476 
8260 
3942 
6914 
2669 
8177 
919 
8293 
6261 
7564 
8737 
5003 
7803 
4889 
1449 
2246 
1402 
8022 
6441 
6833 
5144 
4122 
5964 
7247 
498 
5433 
1057 
5137 
8533 
2481 
6075 
5489 
5241 
7225 
8738 
5405 
2279 
2296 
2706 
8070 
8645 
8465 
7562 
1393 
7145 
1967 
2071 
3297 
8119 
5943 
3196 
234 
1597 
4355 
515 
531 
6600 
2759 
1316 
2903 
6968 
4986 
3920 
1985 
5769 
6819 
2898 
7470 
4494 
8809 
5379 
3490 
8890 
3509 
7187 
4057 
2595 
6026 
6608 
249 
4780 
7486 
6881 
6948 
2733 
3500 
1786 
6270 
1903 
7356 
6319 
4441 
6886 
6585 
5828 
244 
8164 
7363 
1564 
3917 
912 
8364 
5524 
8665 
7514 
549 
4318 
2722 
3049 
5004 
2945 
7518 
1611 
1673 
8249 
2797 
5824 
1202 
1154 
2407 
5868 
7489 
7795 
4064 
4040 
3601 
2406 
8444 
6084 
7676 
1339 
5124 
3202 
6241 
1885 
1912 
4672 
3582 
3179 
3185 
7855 
5624 
3256 
1136 
2478 
3016 
3189 
6185 
3985 
489 
1587 
3695 
7879 
145 
6663 
342 
8448 
5695 
2985 
1226 
2776 
8050 
7662 
457 
7647 
2777 
8195 
625 
673 
5859 
5072 
461 
6951 
8867 
5001 
5392 
2658 
8324 
5372 
1206 
737 
1252 
7606 
7305 
7644 
446 
1349 
8858 
6001 
7660 
5923 
3488 
6796 
412 
4079 
1018 
8091 
7089 
4779 
6723 
84 
2861 
3366 
8949 
8757 
4894 
3021 
7524 
830 
4982 
7874 
4959 
7050 
6900 
494 
1305 
6198 
5304 
117 
4751 
8149 
7838 
3250 
3442 
6397 
8053 
7614 
5788 
4514 
4918 
7282 
8042 
6239 
5340 
1950 
1715 
900 
862 
5076 
3438 
1887 
5974 
5364 
4711 
645 
3486 
1877 
1770 
4712 
2827 
2530 
2661 
6114 
3209 
3893 
3842 
2818 
3261 
698 
8416 
230 
6086 
5368 
7280 
8524 
2767 
5377 
5531 
3410 
3543 
5789 
5875 
1185 
4151 
6741 
476 
7398 
8847 
1019 
4410 
8544 
227 
6165 
579 
7704 
3342 
4162 
496 
6383 
2858 
5840 
2646 
5547 
8078 
8446 
4487 
8960 
4144 
3151 
2440 
8534 
3325 
701 
2438 
7349 
1072 
7446 
511 
6072 
4218 
5412 
5407 
6273 
3686 
7262 
5985 
8342 
7738 
2822 
7761 
2900 
5639 
7609 
1167 
480 
2744 
48 
1962 
1150 
3839 
2578 
3617 
6063 
4928 
5722 
4681 
725 
2627 
7160 
6003 
8060 
1422 
1846 
4899 
1932 
1116 
3098 
112 
901 
4376 
4123 
4543 
4400 
267 
7782 
5162 
6844 
1663 
3482 
7549 
2151 
1216 
3276 
3327 
6083 
3678 
5770 
4605 
3515 
3127 
4164 
3460 
7500 
4925 
1900 
7219 
8752 
2444 
8532 
5912 
240 
8968 
8423 
8705 
1293 
6255 
2467 
3943 
6316 
8109 
3338 
8049 
3017 
6032 
8498 
6499 
3770 
6163 
3421 
2548 
508 
5623 
2714 
3424 
3316 
2793 
7091 
8906 
3272 
8080 
3692 
827 
3377 
5056 
4843 
237 
7480 
4631 
3656 
6771 
3606 
5607 
503 
714 
8831 
8158 
4724 
1928 
415 
8556 
2096 
677 
3110 
3431 
4467 
6846 
5749 
5189 
6623 
5961 
7532 
5386 
8584 
4323 
7147 
4463 
3619 
2810 
1394 
6952 
239 
8775 
5511 
4572 
650 
8689 
2495 
6315 
1132 
8856 
6981 
2194 
1609 
7158 
247 
7347 
2977 
5487 
6280 
5360 
242 
3640 
2396 
8590 
4460 
1897 
3950 
4676 
5334 
7977 
448 
7846 
5302 
7283 
7098 
7805 
5410 
627 
337 
6285 
1115 
1924 
8334 
3527 
7652 
5658 
1981 
2843 
8264 
5048 
3945 
8896 
8726 
4471 
1461 
2221 
6495 
1739 
4428 
2232 
229 
8485 
7461 
308 
3706 
8526 
3166 
3820 
185 
4844 
6376 
5431 
1374 
6354 
7417 
997 
2198 
4210 
6104 
2394 
2076 
6389 
6148 
6678 
8093 
532 
4157 
56 
5956 
5010 
4742 
2219 
4821 
409 
4833 
864 
3270 
44 
6843 
5290 
8451 
5240 
2839 
2472 
3504 
6356 
8137 
6037 
8026 
2249 
3302 
5276 
238 
1576 
7343 
943 
33 
8122 
6956 
4427 
8912 
5122 
2651 
5389 
1744 
5455 
5037 
3868 
3511 
6202 
6490 
7632 
5600 
8150 
880 
4612 
8954 
3803 
6167 
5483 
210 
1237 
7741 
7936 
2752 
3464 
6647 
7734 
6808 
6758 
2081 
5323 
7484 
6964 
2100 
3360 
5458 
6540 
4946 
696 
4341 
4366 
6066 
1857 
4325 
2060 
8358 
6963 
2650 
2763 
3833 
8185 
2223 
4429 
4320 
5450 
3710 
930 
8191 
7418 
3711 
462 
8437 
8647 
3115 
2499 
3581 
100 
8717 
1615 
7702 
1453 
3400 
6183 
4387 
490 
4657 
5092 
1127 
2701 
4240 
3533 
8714 
3940 
4534 
2053 
6234 
8546 
7705 
5966 
5466 
4247 
2593 
1089 
2148 
2310 
5810 
3850 
1790 
928 
2980 
5514 
1661 
2786 
6935 
3979 
7410 
463 
980 
8683 
4205 
6743 
5853 
2960 
2005 
4347 
1993 
3091 
5603 
5807 
134 
8696 
4221 
4625 
58 
954 
2229 
3944 
6567 
574 
2657 
4304 
7210 
1081 
2370 
2351 
7466 
2631 
5315 
5787 
2524 
4732 
4000 
5805 
2930 
1534 
6226 
7065 
473 
2165 
1031 
5305 
6033 
8648 
7967 
6975 
5706 
5274 
5689 
3353 
3796 
5279 
4438 
771 
3992 
7214 
6773 
6781 
2070 
7017 
1671 
50 
8823 
7373 
2523 
3973 
7536 
6263 
7572 
319 
8670 
7559 
2401 
1833 
2222 
5969 
1458 
717 
5182 
7006 
8380 
3047 
6122 
8631 
1389 
5321 
3332 
4013 
7966 
6588 
7093 
4039 
8160 
6259 
1047 
3299 
2855 
1580 
2192 
7121 
6821 
2640 
2877 
8105 
6128 
4716 
2956 
5962 
6031 
1538 
7488 
5227 
7421 
4296 
7332 
5230 
8987 
5239 
4601 
5833 
6681 
7203 
7685 
3038 
7131 
7110 
2514 
1419 
2196 
6806 
8315 
7793 
3757 
4307 
3885 
8704 
3747 
8915 
1668 
5283 
6611 
4055 
1285 
5300 
1364 
8642 
3732 
5301 
1253 
2882 
1693 
3812 
6433 
6920 
8959 
1054 
5336 
3897 
5296 
953 
8425 
34 
6307 
653 
7346 
3317 
4914 
4075 
7270 
1377 
3585 
174 
4216 
1709 
3844 
7590 
6519 
3988 
1037 
4052 
176 
3959 
3065 
6982 
6401 
1490 
4569 
1933 
7303 
4107 
5079 
3735 
2260 
2716 
7646 
2955 
1456 
6872 
5644 
8953 
152 
6131 
7008 
5997 
1388 
7432 
8712 
8913 
8619 
6509 
6284 
6039 
2376 
1670 
2315 
8577 
7581 
7913 
2774 
6212 
1809 
4771 
5071 
7443 
5736 
617 
6922 
6851 
1193 
3310 
2867 
4011 
2108 
2216 
7576 
6211 
1734 
8021 
4336 
3851 
8510 
2054 
4842 
786 
248 
2166 
524 
1835 
6943 
4547 
8833 
7862 
853 
2132 
4703 
6878 
2035 
5000 
8296 
7001 
8238 
8401 
3961 
5920 
7889 
6283 
4484 
5024 
8365 
6233 
4166 
2182 
2668 
3792 
4990 
1886 
260 
4251 
2150 
8370 
6152 
6659 
8808 
8000 
8814 
7341 
6594 
1750 
1733 
397 
4757 
1334 
5781 
220 
8454 
7483 
8751 
3178 
2146 
7067 
7801 
691 
7743 
8861 
8560 
399 
6576 
5664 
6729 
3495 
6398 
3135 
7315 
2043 
602 
2273 
2812 
5976 
5804 
471 
1270 
3217 
7892 
5649 
235 
6105 
7077 
7288 
4550 
4747 
6268 
6457 
4645 
6296 
8461 
265 
3056 
4381 
5171 
3046 
7426 
7816 
700 
4370 
4962 
5690 
325 
7116 
2507 
7970 
1370 
4371 
2688 
7207 
6267 
5207 
5191 
7511 
8820 
6506 
2875 
8802 
4961 
3466 
1028 
6450 
4883 
1204 
1251 
7464 
3875 
4516 
5765 
1111 
2606 
5638 
4016 
587 
1754 
3069 
3804 
3843 
7920 
865 
8863 
1255 
4180 
679 
6573 
4239 
5561 
1550 
4938 
4286 
3880 
8650 
4641 
7097 
4270 
6449 
3418 
4402 
5292 
172 
6154 
3191 
2471 
2868 
3356 
3982 
6181 
7708 
1245 
2601 
5244 
4554 
8848 
811 
5668 
3157 
8845 
301 
7932 
8899 
8521 
3156 
4717 
8849 
8479 
5592 
5260 
1144 
7955 
8588 
6986 
8409 
3291 
8837 
3244 
7983 
6515 
3501 
4252 
7727 
2102 
5277 
1297 
6187 
5535 
3128 
8163 
6363 
1585 
5829 
372 
7235 
7891 
5353 
1672 
6333 
4033 
3697 
6482 
4202 
5748 
6508 
2885 
2020 
7831 
4960 
4169 
4562 
8441 
7533 
3871 
1619 
4200 
479 
5945 
8728 
2674 
105 
1884 
8561 
7526 
202 
8012 
7231 
2746 
5380 
8629 
3348 
2792 
2829 
315 
6100 
1557 
551 
4010 
1493 
395 
7991 
581 
2320 
2244 
7264 
924 
3879 
6798 
3144 
8215 
7441 
7272 
8275 
5273 
7905 
4009 
7525 
4518 
1828 
1053 
3224 
5494 
5023 
8571 
5994 
7510 
3432 
3258 
2852 
5984 
6662 
4324 
7084 
1281 
3923 
2773 
6496 
3622 
3111 
3740 
7735 
4449 
7673 
3315 
8583 
3554 
5019 
5747 
6501 
6865 
236 
3799 
5403 
8167 
2319 
2725 
7348 
3029 
578 
6411 
2068 
8189 
7036 
7826 
6116 
6832 
5196 
8154 
5905 
5312 
6113 
2500 
3924 
5801 
805 
5268 
8783 
7841 
3746 
4156 
7802 
376 
7502 
6571 
1560 
38 
2726 
3225 
2872 
6378 
8776 
6570 
7490 
401 
6069 
8155 
5159 
5591 
2287 
7927 
7178 
2831 
4368 
2274 
4777 
1170 
2958 
3816 
8734 
7191 
6133 
1120 
7300 
519 
5212 
4888 
1658 
3398 
898 
2094 
5254 
4475 
1721 
4066 
2950 
3935 
4393 
5438 
2063 
252 
3200 
558 
7053 
3995 
6357 
8965 
4425 
4174 
8064 
4257 
334 
1367 
8828 
6774 
3925 
3441 
7376 
4083 
3048 
4423 
345 
7404 
5049 
1100 
6589 
2912 
1532 
7442 
7768 
1613 
3563 
8682 
3744 
1904 
7230 
4915 
1859 
2442 
983 
2380 
8512 
502 
1392 
517 
4090 
4637 
5214 
3526 
3320 
7573 
1230 
5717 
3173 
6767 
4150 
890 
1266 
6106 
8869 
1749 
7311 
7642 
7962 
5338 
5047 
1428 
4644 
5593 
3502 
6299 
8881 
4661 
8545 
7123 
4256 
1158 
603 
7752 
89 
3035 
4746 
6196 
2834 
782 
4778 
8107 
4759 
8800 
4704 
1544 
5877 
869 
8635 
6799 
7229 
8206 
662 
4850 
5107 
3298 
863 
7491 
131 
2832 
3907 
8175 
8176 
6802 
1973 
8504 
8506 
153 
2147 
7871 
4196 
4769 
3487 
1681 
7943 
4718 
2755 
4902 
390 
8541 
7914 
931 
5915 
6875 
1243 
2914 
7923 
7770 
1378 
2519 
5790 
8385 
8720 
6360 
6214 
5586 
3663 
1957 
4101 
6217 
3454 
8475 
4811 
2894 
3632 
8245 
8261 
4465 
4138 
8011 
4674 
1747 
4108 
452 
7236 
4321 
3084 
4524 
8540 
1898 
258 
140 
8708 
1802 
7037 
2152 
5284 
6902 
3609 
3161 
6276 
2023 
5683 
3020 
6654 
336 
7703 
6788 
971 
3477 
5027 
6657 
6249 
7868 
1103 
2318 
8460 
7167 
8917 
266 
6933 
4851 
2878 
3542 
1840 
2200 
8854 
3721 
3112 
8335 
243 
4265 
5409 
4588 
4885 
5629 
6388 
4006 
405 
535 
7071 
1434 
833 
3073 
8193 
6189 
7261 
3540 
7807 
2715 
7408 
6417 
8339 
6649 
7177 
5286 
6908 
3245 
4504 
7656 
5062 
8225 
7275 
1381 
6757 
2874 
3887 
8407 
7310 
2145 
8543 
1807 
3289 
4349 
8303 
4077 
2931 
3429 
5869 
7818 
3976 
4232 
5959 
2554 
5893 
3136 
6029 
7245 
3350 
4353 
818 
2345 
3615 
8263 
6890 
6934 
8536 
6272 
1006 
1855 
583 
1149 
3749 
902 
2144 
7513 
2589 
139 
547 
8657 
3187 
1732 
2270 
136 
2978 
1960 
5601 
6780 
3523 
4743 
7973 
3864 
1156 
4343 
4188 
232 
755 
2560 
2457 
4314 
8589 
3081 
4317 
7250 
72 
5951 
7589 
6995 
4140 
8182 
5378 
7515 
838 
4943 
4097 
381 
7361 
4694 
122 
4852 
7338 
8141 
1035 
874 
7318 
7416 
4939 
4037 
4992 
4171 
1910 
4246 
621 
7403 
5098 
2742 
6693 
7152 
6435 
8283 
8134 
8452 
8462 
1543 
6762 
2547 
4971 
4875 
7551 
4159 
3990 
1340 
8350 
1674 
7387 
993 
1169 
4089 
2477 
5226 
2357 
3766 
5814 
6227 
1848 
8499 
4258 
8472 
3683 
4663 
7252 
7074 
4557 
8519 
8928 
1361 
1742 
3303 
7248 
6572 
8998 
8477 
6522 
6489 
3780 
4498 
580 
97 
8196 
8101 
4615 
3408 
3712 
3326 
2160 
8695 
8990 
683 
4967 
6672 
8806 
1914 
5390 
8557 
7724 
6812 
995 
2995 
3319 
2765 
8076 
3654 
1080 
5234 
8199 
1480 
595 
5430 
6977 
5660 
6155 
7273 
3163 
7479 
8104 
8113 
7627 
8754 
3827 
4669 
293 
6305 
151 
8709 
749 
7978 
6777 
2419 
7784 
7122 
1508 
6911 
3369 
5087 
5741 
6436 
7912 
4469 
4512 
8729 
114 
3382 
1796 
4934 
8144 
7624 
3858 
393 
4275 
1344 
5978 
1652 
1299 
7471 
5422 
170 
6740 
7718 
2134 
1345 
950 
1745 
3201 
4103 
6896 
6060 
447 
6446 
7528 
3330 
2787 
2805 
3099 
2905 
3182 
5932 
6869 
8945 
6564 
439 
7556 
8628 
1326 
4813 
6402 
6555 
5197 
5675 
5837 
3131 
7023 
7350 
4211 
2707 
8073 
1240 
642 
2261 
164 
2662 
8613 
742 
4424 
7732 
2587 
8483 
1236 
2879 
1369 
4930 
3561 
3340 
7266 
484 
3726 
6473 
2494 
2928 
313 
3193 
7585 
3958 
8086 
8972 
2335 
305 
3307 
3684 
7709 
3649 
8691 
3548 
3233 
2281 
4026 
1607 
8282 
6728 
8029 
7591 
6245 
6748 
7956 
4044 
1987 
6974 
2528 
6858 
757 
5608 
184 
5815 
8088 
7987 
4264 
526 
8307 
6265 
1513 
6605 
6786 
4931 
4248 
8692 
4363 
6884 
8298 
1329 
7563 
4344 
3572 
1666 
6805 
837 
8644 
5103 
482 
8145 
2007 
6581 
4473 
8354 
5415 
2823 
6721 
8450 
1362 
7678 
90 
1104 
6138 
2850 
4756 
3380 
5255 
1346 
5445 
6135 
8112 
4772 
8688 
8719 
2545 
6790 
7569 
7687 
2518 
710 
8572 
3212 
7971 
8087 
1319 
8478 
3314 
4536 
8172 
4135 
4176 
964 
5161 
4456 
1604 
8640 
676 
6311 
7462 
228 
3383 
6413 
7643 
2952 
7425 
4330 
2970 
5089 
1977 
3108 
4048 
4838 
6358 
6110 
8161 
4528 
981 
8198 
6061 
7096 
7353 
4322 
6759 
619 
961 
2636 
8102 
3235 
2025 
1888 
6444 
5069 
3279 
1036 
5158 
2421 
189 
4566 
2718 
4036 
6484 
5861 
6848 
8100 
6879 
186 
6014 
5763 
748 
4329 
4650 
6752 
8057 
7523 
8511 
1198 
657 
4178 
4909 
8044 
8574 
8337 
876 
2873 
4086 
8004 
780 
8108 
6692 
6719 
659 
6885 
5541 
3934 
7277 
2172 
7952 
575 
6828 
203 
2748 
3474 
1847 
8400 
5208 
7360 
6452 
1284 
8520 
2203 
3680 
6945 
6864 
5339 
5977 
6990 
5348 
2075 
468 
7963 
1385 
383 
8220 
2412 
8237 
6410 
8379 
5606 
4797 
8921 
1952 
6699 
4403 
8371 
7190 
1634 
93 
4129 
7485 
3430 
5502 
3451 
1804 
4571 
1296 
8736 
2002 
4299 
1315 
12 
803 
1821 
4511 
6088 
1425 
2667 
4096 
6930 
4878 
4092 
2799 
175 
1482 
5101 
893 
8777 
5084 
1102 
7196 
2607 
1055 
7827 
4796 
2033 
3040 
3085 
6460 
505 
3036 
5939 
188 
5775 
6971 
7475 
4386 
7809 
6563 
1322 
2462 
6925 
4137 
4145 
6257 
1162 
103 
8329 
6601 
120 
891 
2659 
5045 
2965 
6753 
6560 
5225 
576 
8318 
8077 
3580 
4022 
3051 
6478 
4529 
2114 
4362 
3236 
5498 
2073 
4770 
7775 
7306 
3544 
7440 
6835 
1139 
7773 
8374 
6985 
4060 
1600 
5799 
7593 
371 
3489 
3620 
1775 
1969 
2750 
78 
4497 
4389 
4840 
1331 
1165 
6602 
3773 
843 
8243 
424 
944 
8983 
4226 
634 
2441 
5674 
2331 
8405 
2581 
823 
4749 
7369 
2439 
6880 
5811 
8123 
2483 
875 
6180 
1049 
4415 
8798 
3647 
5542 
706 
2932 
3955 
3970 
751 
8375 
7586 
8343 
329 
7371 
6351 
4501 
2757 
1483 
906 
3333 
1618 
3830 
8674 
8986 
3277 
6193 
1549 
2866 
7774 
5653 
5217 
272 
6770 
4132 
348 
7205 
5889 
3637 
3365 
4665 
8946 
3685 
7571 
7212 
1282 
6334 
3681 
1133 
2375 
6326 
6871 
4803 
1343 
5352 
8790 
7595 
7858 
6022 
465 
4233 
5153 
897 
7636 
708 
1146 
5104 
1832 
4167 
4776 
3413 
598 
5669 
213 
5590 
4208 
440 
5186 
5954 
8174 
4331 
3055 
4726 
7366 
7033 
4446 
1333 
1499 
6399 
5786 
1954 
6346 
4745 
6195 
94 
8974 
1325 
373 
6574 
7080 
4369 
5632 
7393 
6850 
3826 
7060 
7565 
7379 
436 
5164 
6860 
6331 
3776 
2933 
1241 
5399 
3210 
7789 
4911 
3733 
745 
6124 
5515 
5578 
1044 
1703 
3669 
7674 
991 
6236 
8922 
5864 
1432 
8769 
7777 
4373 
5692 
7476 
3831 
4981 
2360 
417 
8956 
209 
2813 
4502 
7241 
3428 
4804 
8981 
6684 
899 
5258 
1470 
144 
6223 
565 
2497 
7015 
1728 
3805 
7683 
274 
5929 
3176 
3164 
2348 
168 
4865 
3170 
6583 
5398 
8151 
3206 
2551 
5141 
4287 
6965 
6676 
3068 
4273 
4686 
4508 
6682 
6294 
106 
8265 
74 
8925 
4412 
1789 
6747 
7996 
7578 
4768 
4313 
1521 
4790 
7680 
5291 
5596 
6468 
3336 
7025 
5331 
2485 
6203 
1522 
2889 
2590 
8649 
8274 
856 
2110 
6303 
3900 
2093 
1415 
4259 
3420 
3810 
5282 
166 
9000 
586 
3529 
3457 
6423 
1584 
7822 
4505 
8770 
1953 
3480 
8864 
5016 
1596 
4315 
1509 
2065 
7763 
5882 
3786 
8773 
705 
6700 
2630 
1091 
6369 
2966 
4734 
7848 
7377 
1397 
5944 
4274 
1217 
1175 
2910 
8821 
3576 
2778 
1694 
8569 
8725 
5948 
661 
1906 
3661 
2502 
6769 
6553 
7984 
1523 
2052 
4053 
4360 
5642 
5530 
5453 
6064 
7503 
3283 
5095 
1191 
7817 
1740 
4243 
8166 
6927 
6883 
135 
2976 
7937 
2171 
1086 
6150 
5359 
1043 
1691 
8394 
7026 
3057 
7792 
2911 
7156 
6716 
4740 
225 
3211 
6620 
8514 
815 
218 
4955 
7164 
2372 
8399 
1182 
1639 
2824 
4926 
7506 
3427 
1627 
2181 
2276 
2962 
5555 
3253 
7253 
5320 
8559 
4920 
3194 
5075 
5374 
2498 
4170 
5867 
8165 
2819 
2299 
5020 
577 
4949 
608 
5821 
3577 
8330 
5174 
7597 
2168 
3195 
2937 
7027 
6783 
8743 
4658 
1000 
6897 
728 
1460 
707 
3636 
8116 
4766 
4977 
3226 
766 
7969 
4856 
5151 
4953 
290 
2227 
3974 
2368 
4126 
2413 
4076 
7669 
8319 
307 
847 
7101 
4447 
3019 
1327 
2028 
2453 
2155 
5573 
6432 
6192 
96 
8368 
7726 
8292 
162 
8273 
2015 
2088 
3954 
7237 
7068 
768 
2300 
3590 
3691 
171 
3368 
8271 
6513 
35 
597 
6528 
6078 
4818 
5067 
1312 
936 
5443 
7778 
2826 
4451 
6170 
1097 
8554 
5237 
6980 
2105 
2006 
8758 
4785 
7976 
335 
2024 
2241 
8383 
5604 
1687 
7650 
6048 
3834 
6891 
2231 
7337 
7721 
2143 
4827 
5499 
4179 
1647 
5553 
958 
7061 
1777 
1077 
5108 
8744 
8331 
3674 
8291 
7959 
6577 
7950 
566 
7215 
1348 
6867 
3159 
8390 
2790 
8761 
6653 
3376 
4014 
6823 
3625 
467 
6205 
7340 
5298 
6954 
2761 
8879 
7554 
6617 
5619 
212 
704 
8975 
1273 
4540 
3594 
6415 
7013 
8322 
3252 
469 
4702 
1004 
5253 
2447 
1511 
7004 
1528 
6632 
3798 
7930 
2577 
3208 
6256 
5179 
5035 
5673 
2816 
2803 
1365 
7815 
2291 
4268 
8966 
4789 
694 
180 
2968 
1094 
6775 
4695 
4532 
7615 
4568 
6960 
1760 
1459 
4374 
61 
6445 
1586 
8415 
2316 
49 
560 
2677 
1644 
1408 
7223 
3149 
1464 
8897 
5318 
4149 
939 
3651 
2248 
7940 
3857 
5473 
5452 
6337 
6542 
3275 
5759 
6431 
3630 
1599 
7003 
4924 
4576 
43 
3728 
3922 
7796 
7653 
2622 
1159 
5925 
4897 
7507 
4297 
8855 
5589 
3638 
6840 
1214 
6703 
8914 
8361 
7723 
513 
24 
5280 
2045 
7875 
428 
4678 
5688 
5989 
6157 
4758 
4808 
589 
1469 
681 
7665 
1850 
2973 
6308 
1551 
8941 
6568 
976 
5723 
6525 
7120 
7095 
1738 
3026 
5482 
2892 
4551 
4684 
8373 
8132 
1741 
4067 
8578 
5492 
2262 
1908 
4690 
4458 
8106 
8740 
7424 
6765 
321 
8314 
585 
4507 
2520 
8002 
5034 
3532 
2849 
346 
6238 
7083 
8393 
1050 
7238 
2269 
6404 
2576 
624 
1210 
5916 
7804 
8442 
403 
7154 
1129 
7090 
7690 
1915 
5043 
4556 
2994 
108 
4130 
2111 
5309 
3386 
1199 
7557 
6215 
3665 
4701 
1114 
1819 
4782 
355 
1729 
7168 
277 
4832 
1879 
2848 
7575 
4203 
6097 
3257 
2247 
7766 
500 
3997 
1059 
7413 
3845 
2853 
6652 
2730 
1301 
5223 
4651 
1391 
4448 
4002 
3093 
654 
5200 
1277 
1622 
1974 
4816 
4947 
2363 
8551 
1963 
7917 
173 
357 
1561 
4426 
8133 
2751 
2280 
8439 
4061 
5665 
6317 
1682 
1517 
7649 
7324 
6178 
1844 
4848 
6405 
1976 
298 
4477 
6836 
5729 
7860 
2561 
1626 
2513 
1067 
4168 
905 
6694 
370 
1769 
550 
2240 
1141 
4034 
2951 
4031 
4677 
4 
6141 
3130 
3459 
8020 
23 
8830 
5030 
7194 
4345 
2436 
6019 
7706 
2573 
4288 
831 
7290 
6761 
4003 
6384 
1927 
1938 
4470 
686 
8733 
3660 
4267 
6928 
2186 
7042 
149 
4255 
2381 
8013 
3114 
1996 
4882 
4859 
6992 
6640 
1643 
3470 
7756 
2417 
1870 
2648 
2915 
746 
1222 
6013 
7381 
7409 
6810 
4573 
2570 
990 
4792 
4670 
2972 
8873 
3123 
3904 
2325 
8316 
4636 
2212 
2546 
1174 
8844 
5662 
4646 
4204 
7192 
5343 
4517 
935 
3682 
3064 
419 
7357 
6842 
5424 
7998 
6038 
3852 
7629 
5902 
1267 
2202 
4017 
8676 
7901 
3596 
7505 
2250 
3476 
5519 
3005 
1525 
2521 
5884 
5839 
6297 
2563 
3884 
3117 
8887 
3560 
1842 
3323 
3919 
1699 
5408 
3589 
793 
1911 
8068 
7197 
2644 
6461 
2954 
1337 
3351 
4127 
1594 
128 
6034 
5216 
3772 
5698 
8492 
3872 
4905 
6099 
2862 
3921 
2189 
8505 
7938 
6409 
5539 
158 
5477 
3558 
161 
6082 
7171 
8841 
3778 
4303 
7546 
5319 
254 
7169 
6909 
5751 
3381 
4798 
4038 
2643 
4546 
1328 
7157 
723 
5779 
5888 
1813 
6664 
8082 
7039 
8639 
1894 
1135 
7508 
5007 
6293 
4128 
4490 
6624 
5772 
67 
1657 
8417 
3655 
464 
5843 
5756 
1068 
5063 
8212 
3886 
2185 
2317 
4544 
2934 
8942 
1109 
860 
1426 
3145 
1659 
8214 
5694 
8585 
5685 
6889 
8241 
4332 
8323 
2468 
5610 
6051 
5194 
2359 
2696 
3022 
4302 
2923 
7808 
5324 
8497 
7877 
6905 
2833 
781 
7334 
3902 
2074 
2851 
7944 
8288 
8581 
1706 
7893 
5712 
1262 
8459 
6168 
4932 
1578 
8812 
3522 
6962 
5760 
4874 
5014 
1955 
3475 
4862 
1171 
3933 
5847 
8860 
6942 
2749 
8592 
4522 
4951 
6054 
4998 
719 
5270 
2770 
121 
7682 
4692 
3583 
2011 
7474 
2754 
3652 
8937 
1966 
4099 
7173 
4969 
8473 
947 
6680 
291 
5682 
8791 
4788 
7400 
111 
4898 
5168 
2378 
4558 
6736 
1261 
2072 
4298 
129 
5503 
3152 
514 
543 
5199 
4506 
5794 
3806 
6006 
8611 
133 
5381 
3479 
2697 
6147 
680 
638 
1221 
8984 
2130 
1087 
4831 
5259 
302 
867 
1535 
8234 
8784 
2566 
963 
2505 
8939 
8690 
4106 
6612 
5887 
2101 
6327 
5500 
6874 
6077 
4871 
1937 
2664 
8621 
5817 
7227 
4294 
5651 
7208 
5895 
4411 
6139 
4693 
2675 
8834 
635 
1021 
2610 
3769 
721 
8500 
6329 
6007 
4260 
6537 
656 
3600 
1746 
5256 
9 
4525 
4531 
4005 
3783 
8466 
6958 
2459 
5472 
5078 
406 
1062 
7419 
567 
4755 
7695 
4439 
5551 
5654 
1341 
3254 
8715 
66 
2794 
1008 
362 
992 
3273 
3148 
2374 
1806 
8703 
8762 
5670 
2040 
2986 
716 
6709 
413 
4609 
7972 
2220 
7781 
6720 
5193 
3417 
5757 
7728 
2681 
2263 
4857 
938 
4784 
8658 
1268 
2779 
3031 
1002 
8190 
8789 
3841 
4305 
6279 
6704 
6916 
4139 
5080 
1558 
5527 
1323 
5587 
4236 
304 
1088 
3570 
16 
3899 
6989 
8608 
1651 
2617 
4118 
4685 
4830 
2387 
6876 
8522 
1239 
6477 
4435 
6686 
8268 
414 
7012 
7383 
1128 
1700 
2352 
2019 
3965 
5659 
1307 
7982 
7209 
4043 
3100 
7896 
8239 
711 
1637 
1772 
2083 
69 
2591 
2938 
3643 
8333 
855 
3265 
7056 
693 
1588 
3718 
8803 
720 
821 
5040 
1808 
95 
6641 
142 
8835 
7813 
4209 
2420 
4316 
8180 
7568 
3705 
2963 
1454 
6262 
2568 
2634 
1321 
1401 
3951 
2847 
279 
7918 
5563 
8277 
4648 
2254 
7776 
6235 
1238 
3947 
3124 
8979 
2789 
799 
8558 
211 
2753 
8023 
2435 
5369 
3646 
3521 
1034 
4627 
1092 
510 
3866 
251 
2115 
1188 
6895 
4867 
416 
3693 
6926 
2237 
5322 
5281 
1552 
163 
4973 
1373 
246 
8771 
7351 
6656 
7382 
8284 
5064 
3071 
3034 
4230 
1290 
3717 
5879 
1395 
1565 
6818 
8516 
1471 
8065 
8455 
341 
3927 
6229 
3232 
892 
2842 
1229 
6194 
2395 
4354 
5311 
6427 
7657 
4761 
7757 
5598 
3767 
6310 
2411 
5436 
972 
6143 
5615 
873 
1200 
1207 
4877 
7834 
5737 
2309 
8909 
5621 
5640 
5252 
3411 
4708 
6531 
331 
8677 
957 
197 
7882 
1030 
3854 
6359 
8018 
3190 
196 
5111 
774 
2365 
3463 
4001 
6738 
4234 
2655 
3700 
1487 
1965 
5697 
4549 
5181 
8179 
948 
6368 
7953 
7439 
7322 
1752 
5526 
410 
8443 
338 
4530 
7072 
4817 
1617 
7605 
1201 
6882 
1298 
5998 
4094 
8888 
3518 
2897 
5022 
147 
3058 
2585 
3162 
7431 
8233 
1026 
3658 
3967 
8931 
474 
1994 
2009 
8638 
1247 
3870 
3787 
5971 
2239 
1027 
6837 
3239 
6254 
932 
1797 
6361 
6292 
1403 
6081 
8059 
4147 
1042 
7648 
1131 
6422 
4496 
3788 
5029 
7079 
4944 
2869 
5114 
4892 
460 
8985 
2177 
8978 
6510 
789 
6340 
4595 
2265 
6745 
7941 
8765 
955 
2140 
1972 
4904 
5046 
1866 
32 
7402 
3146 
79 
8876 
4432 
1958 
3912 
814 
51 
7395 
2907 
564 
8117 
8944 
7873 
1730 
1205 
2426 
8218 
6548 
2305 
6291 
5822 
5272 
4714 
5559 
7394 
3635 
8135 
8210 
1353 
1061 
8530 
885 
4896 
7661 
310 
6696 
4437 
8950 
1416 
682 
7234 
2735 
8779 
616 
2448 
3259 
2342 
794 
4238 
776 
5520 
4567 
3138 
7935 
2782 
665 
6332 
7849 
8977 
7046 
3863 
2217 
6642 
2326 
7628 
2959 
3295 
3172 
5475 
4280 
3895 
3467 
5121 
787 
449 
1147 
1279 
3645 
5758 
2919 
4596 
3387 
5797 
1907 
2159 
5558 
7159 
2120 
5819 
2278 
2475 
6487 
8817 
5332 
2967 
1591 
4728 
692 
6469 
2837 
8766 
7069 
5105 
6618 
7666 
7911 
5512 
7140 
80 
5609 
5110 
4654 
834 
2535 
8025 
169 
6253 
2433 
8427 
8857 
3402 
8398 
5785 
453 
7951 
3404 
6145 
6197 
5497 
3361 
3364 
8255 
5918 
6924 
3704 
300 
3231 
4765 
6750 
6387 
394 
2282 
5991 
8015 
3129 
750 
8660 
6815 
8147 
1849 
6497 
5176 
8412 
6158 
5957 
2625 
868 
8162 
2713 
3702 
1633 
8047 
6628 
6112 
7127 
7473 
4979 
8991 
8232 
7751 
3238 
1656 
1697 
8826 
1771 
165 
3828 
6994 
340 
4379 
5138 
1945 
5465 
6593 
2624 
3468 
2482 
5771 
8139 
3469 
1501 
1629 
7155 
250 
1046 
3060 
28 
732 
5126 
4068 
6541 
3536 
3390 
5704 
3415 
2489 
1106 
8110 
2092 
6426 
1134 
810 
6045 
4655 
3734 
5384 
2734 
3968 
8351 
7438 
5564 
6322 
1792 
2443 
3422 
8797 
5203 
2807 
1476 
1060 
1583 
8591 
7820 
1598 
5626 
4822 
1860 
6674 
937 
3811 
378 
1824 
4820 
6972 
4115 
2653 
4847 
2154 
7193 
2991 
8008 
4673 
5620 
7999 
8664 
4570 
5666 
713 
7755 
7014 
231 
8711 
8756 
4800 
1684 
5611 
2532 
3618 
4604 
4416 
7997 
1901 
5667 
7821 
3389 
8434 
1690 
392 
2487 
6472 
8242 
8138 
1430 
3809 
7100 
5383 
6208 
4042 
556 
2946 
5506 
5026 
8716 
4880 
5641 
8874 
7206 
3975 
7052 
8326 
2623 
3791 
7302 
6820 
2214 
2971 
4886 
3134 
5516 
2107 
3761 
4901 
3371 
5873 
330 
1379 
8993 
3860 
2828 
7181 
8634 
8231 
1743 
221 
6313 
3829 
614 
3089 
8286 
3132 
699 
2179 
1400 
2785 
4613 
1590 
5696 
7981 
1384 
1071 
2599 
1140 
2343 
4839 
8240 
4587 
1779 
4698 
6888 
1466 
8287 
2332 
7401 
724 
6505 
8916 
5950 
385 
2598 
6814 
2987 
1153 
8353 
6732 
3434 
2099 
4367 
836 
999 
8999 
1628 
5733 
8436 
431 
3443 
1142 
2509 
5236 
2809 
8491 
4696 
8347 
7583 
4350 
1351 
3496 
8652 
6220 
7233 
2571 
7616 
3433 
6706 
5269 
6438 
7319 
2415 
1767 
6002 
600 
2003 
1219 
765 
42 
8745 
6300 
5350 
669 
6532 
7594 
7861 
3745 
7850 
2106 
155 
5525 
6838 
3667 
5766 
2098 
7960 
3094 
138 
1961 
3214 
2215 
13 
5538 
5508 
2464 
6749 
8205 
2210 
1520 
6 
2128 
386 
4185 
3814 
6341 
1795 
7075 
2036 
2913 
7028 
1418 
5946 
64 
1997 
4481 
7321 
4113 
323 
3435 
4913 
967 
3513 
2170 
3240 
3978 
8865 
8269 
2780 
854 
8637 
3941 
1943 
4500 
3324 
5187 
6901 
20 
4492 
5768 
4563 
2373 
6382 
7667 
7499 
5584 
4954 
523 
5308 
4104 
8792 
485 
4828 
5373 
1065 
5425 
5841 
8600 
4945 
8671 
1559 
3328 
792 
367 
8727 
697 
4793 
2157 
7163 
3181 
7622 
7663 
5066 
2684 
754 
1380 
3926 
985 
1726 
7211 
4660 
610 
5006 
1356 
4229 
41 
8488 
4614 
7384 
2854 
8656 
6103 
5635 
5793 
7872 
3103 
702 
8051 
8038 
6323 
7655 
3624 
7041 
5347 
6012 
5618 
7894 
6861 
6471 
4574 
516 
5486 
199 
2602 
8807 
6290 
2124 
8456 
5782 
3175 
3450 
5418 
7539 
7631 
5967 
2059 
5005 
2708 
5919 
7405 
1465 
5885 
3821 
6725 
8958 
8438 
6595 
802 
1292 
7031 
1814 
4881 
4760 
5778 
7819 
6429 
813 
52 
1635 
5206 
6463 
4719 
2097 
3403 
655 
5118 
6907 
7099 
3458 
7716 
2361 
4111 
501 
2408 
5195 
2567 
429 
561 
8528 
1713 
6179 
3079 
5934 
7082 
14 
2116 
8252 
6467 
6453 
5039 
6834 
6420 
5585 
6702 
8885 
7934 
1798 
7828 
2206 
559 
2197 
6698 
194 
4729 
7146 
4535 
5015 
6904 
5082 
7759 
3472 
6109 
6870 
2632 
21 
1287 
8016 
4155 
4190 
8449 
989 
1677 
5136 
442 
6041 
7105 
671 
2323 
1516 
3507 
889 
4539 
2014 
6314 
8435 
3188 
7352 
7995 
6173 
6483 
5973 
2904 
3846 
8410 
3493 
1537 
6727 
4617 
1463 
5968 
6813 
849 
5911 
8094 
6320 
5250 
1784 
1406 
2594 
7925 
5404 
6412 
6050 
4774 
894 
444 
6578 
8276 
1063 
360 
4398 
1575 
4667 
6830 
1420 
7512 
7128 
7455 
8768 
6973 
3223 
5599 
1045 
4225 
8469 
7677 
8344 
5965 
7823 
8295 
6144 
6074 
7765 
7604 
55 
6142 
8947 
6090 
7344 
3008 
7009 
3552 
6053 
2292 
5478 
8684 
4361 
7670 
92 
736 
8169 
255 
8305 
7391 
8280 
7534 
3349 
3076 
3883 
2597 
3263 
3197 
6115 
217 
7136 
986 
917 
3980 
3018 
6691 
7390 
2534 
3329 
2242 
3878 
1916 
4392 
5219 
1756 
7909 
4666 
1225 
1032 
5528 
8464 
6511 
6005 
5580 
8549 
1012 
245 
6853 
1834 
426 
584 
6480 
2480 
2423 
3044 
8402 
5647 
3835 
7869 
540 
3083 
675 
1457 
4301 
5576 
5825 
8301 
2027 
521 
4442 
1874 
3230 
5192 
8880 
570 
1890 
6651 
5858 
3738 
2738 
5908 
2180 
8923 
179 
1137 
1839 
2258 
8062 
1822 
8598 
7522 
2917 
2821 
3981 
8244 
4509 
7330 
8542 
4991 
3586 
3555 
6707 
7785 
6643 
5050 
4215 
7496 
3140 
5169 
3395 
2167 
5406 
7608 
2555 
5545 
4272 
8230 
6010 
6184 
5479 
7016 
7011 
7327 
3713 
3237 
5143 
73 
7749 
4638 
5220 
2298 
6408 
7174 
8372 
8815 
4826 
4590 
5446 
2272 
8391 
6056 
2312 
8866 
2685 
5267 
8063 
4958 
6136 
4598 
6526 
2690 
4414 
3374 
7142 
3066 
3339 
6636 
8515 
1190 
3569 
2614 
5038 
156 
6465 
8980 
1441 
1079 
495 
3379 
4172 
7887 
1925 
1488 
6873 
4312 
903 
2252 
4854 
6580 
8872 
648 
1602 
396 
8739 
352 
1504 
674 
2772 
552 
7295 
5012 
487 
6101 
590 
8033 
4388 
7201 
6488 
6862 
7204 
3848 
8919 
8 
8270 
7047 
5718 
4383 
658 
8131 
685 
5999 
7323 
7111 
925 
7561 
6766 
7679 
2936 
2366 
3392 
4472 
1357 
4134 
5242 
4773 
190 
3815 
5857 
8338 
1405 
2259 
8325 
2268 
2899 
126 
949 
3739 
5577 
8228 
7619 
6852 
1450 
522 
8468 
8341 
2615 
5703 
7149 
7888 
4836 
4217 
8430 
4420 
4565 
5083 
1223 
2562 
5493 
882 
8810 
6544 
6645 
5388 
4950 
1630 
7651 
2173 
1231 
3010 
829 
8976 
5549 
7707 
6260 
592 
8213 
3690 
7258 
4408 
1350 
3278 
4413 
486 
5285 
1612 
6912 
127 
5154 
6224 
4165 
1991 
8489 
2201 
8994 
7195 
1076 
791 
8395 
6627 
1278 
1244 
1481 
6055 
5148 
1614 
204 
6428 
5112 
380 
4975 
6459 
7700 
324 
2184 
6794 
7830 
6107 
7055 
3937 
5823 
7293 
4639 
6386 
7992 
848 
3355 
2418 
5780 
4906 
4377 
1781 
3859 
7119 
2531 
1858 
4564 
6637 
3391 
5456 
5926 
4870 
1440 
1992 
5235 
3072 
4160 
2724 
5251 
1443 
2633 
6049 
5180 
1736 
2860 
8148 
3346 
7392 
4941 
5783 
7553 
639 
2057 
478 
1051 
3741 
6690 
5862 
4222 
5131 
6561 
739 
3510 
3797 
4457 
3243 
5213 
1396 
5880 
7029 
3363 
2122 
46 
8992 
3517 
5245 
1423 
620 
8048 
7137 
2 
3478 
5803 
2592 
4493 
8183 
1650 
7684 
8700 
3249 
7396 
1971 
123 
5287 
2238 
2550 
2390 
85 
125 
4591 
5387 
2709 
1998 
8632 
5426 
8782 
2176 
6744 
841 
4372 
8563 
1264 
2044 
8224 
7249 
6287 
2010 
7811 
7694 
2856 
1827 
5018 
6695 
927 
2012 
280 
7172 
4863 
7574 
4629 
2445 
715 
8870 
4078 
5447 
3971 
5344 
4622 
5462 
475 
5913 
223 
6667 
4365 
4513 
1892 
365 
1815 
743 
1017 
6350 
472 
8173 
8612 
7898 
7538 
382 
8312 
4120 
318 
2939 
3644 
327 
5806 
183 
4271 
5863 
7902 
1265 
4195 
4253 
4056 
7269 
1753 
2190 
1015 
5830 
8332 
2030 
5628 
1123 
609 
4024 
7103 
4890 
6906 
5077 
8348 
8607 
4503 
2328 
3471 
8750 
7621 
7336 
2865 
545 
5333 
5776 
2543 
8052 
4356 
5537 
8377 
3003 
1413 
226 
4125 
6068 
8467 
141 
764 
3248 
8597 
8988 
3491 
8219 
6225 
5890 
434 
1500 
3584 
8760 
4884 
8617 
6009 
2711 
5981 
3801 
1929 
3520 
8878 
6362 
926 
4228 
8306 
6204 
214 
1825 
2358 
3808 
8032 
6373 
5546 
5796 
77 
3290 
1295 
2089 
6892 
6633 
3011 
2579 
678 
529 
5726 
888 
2377 
5724 
6746 
7719 
76 
8924 
1941 
747 
5764 
5677 
6949 
3271 
130 
1010 
3462 
2704 
3269 
5901 
1118 
3095 
735 
5848 
5983 
7691 
6857 
7007 
5248 
3444 
6343 
4972 
4444 
3888 
641 
7286 
7697 
7639 
8095 
8846 
1083 
6569 
5232 
81 
4050 
8901 
5705 
1755 
844 
5883 
8184 
3998 
6754 
1518 
7449 
4707 
5818 
3714 
7788 
5743 
5444 
3133 
5917 
1427 
8223 
423 
3862 
421 
5534 
3096 
6919 
973 
4231 
2277 
4538 
3631 
6221 
8609 
7364 
7780 
7063 
5816 
5921 
643 
3186 
4021 
1446 
7374 
1692 
4603 
6983 
8641 
4161 
2422 
7358 
5202 
2710 
5266 
2841 
3579 
1335 
2404 
6344 
5509 
7555 
3956 
8525 
3301 
3908 
2927 
3768 
6162 
4659 
4401 
6557 
2399 
326 
8431 
6778 
7226 
2257 
5085 
5700 
6367 
7790 
4027 
4397 
1930 
872 
2908 
3032 
1570 
8083 
5467 
3359 
4618 
3709 
5166 
8811 
832 
3906 
2844 
7359 
3588 
8627 
7880 
7812 
4062 
7867 
3621 
1748 
8352 
7021 
7180 
5115 
6342 
6151 
6186 
2600 
6071 
5303 
4802 
2806 
1447 
4478 
5523 
5947 
3957 
6176 
5949 
8125 
3716 
4927 
4999 
1524 
3794 
3331 
5370 
3512 
1823 
4869 
262 
5574 
758 
1536 
6516 
1275 
2686 
6156 
2314 
3061 
629 
1502 
5205 
5622 
3455 
5903 
7451 
6629 
2741 
5866 
7712 
350 
2079 
8852 
8470 
6565 
3153 
563 
3484 
846 
441 
744 
1717 
1181 
5676 
4177 
1242 
3142 
1778 
6018 
6562 
7024 
1759 
7748 
4351 
4762 
7492 
2676 
6266 
398 
5367 
6711 
286 
4081 
6011 
7843 
1701 
2553 
477 
5147 
1209 
7584 
4224 
4910 
4319 
866 
1148 
6520 
5510 
6877 
2948 
3774 
8938 
8262 
8389 
7635 
8787 
8111 
2695 
4620 
7213 
3763 
1075 
5102 
3120 
6485 
879 
5070 
8672 
5699 
6518 
8553 
2529 
1711 
1014 
5820 
7035 
2679 
8250 
7883 
5569 
8501 
1311 
5061 
4422 
6024 
6282 
6795 
3054 
1939 
1324 
7988 
1358 
1143 
7897 
1716 
3629 
7345 
3836 
6464 
731 
3227 
4483 
8482 
5096 
1507 
718 
8308 
2080 
7509 
5938 
8028 
435 
377 
4417 
7106 
3285 
5413 
7863 
4653 
27 
2403 
8539 
3337 
4799 
7333 
4649 
6396 
951 
4163 
8034 
57 
569 
2338 
4069 
4382 
5317 
2764 
6666 
7365 
4552 
7175 
6269 
7870 
3759 
18 
1462 
2461 
2811 
8031 
929 
8216 
1764 
3215 
4289 
4019 
3824 
3485 
256 
2901 
5468 
3282 
8507 
1039 
6076 
820 
520 
1574 
709 
5732 
2067 
5980 
2031 
2492 
8256 
6392 
5727 
982 
2760 
1310 
4095 
2762 
770 
588 
1105 
568 
2104 
2804 
6521 
772 
4834 
3882 
384 
5476 
7414 
7243 
4489 
3562 
1751 
7886 
7018 
3027 
5518 
8601 
4269 
2191 
8781 
6763 
4626 
5357 
5625 
8596 
5891 
8747 
2616 
3722 
4419 
2243 
4407 
631 
4860 
3 
3088 
2386 
1007 
7618 
2857 
5550 
5791 
4922 
5730 
3004 
3873 
4997 
3203 
5316 
8606 
3107 
8359 
8550 
2493 
8685 
5496 
7713 
1455 
826 
5713 
17 
1947 
344 
7570 
4495 
4980 
1452 
3023 
5354 
8229 
2929 
3627 
5289 
3080 
363 
2957 
2228 
8615 
797 
2476 
8382 
8168 
2066 
2313 
2745 
8302 
5460 
4752 
5125 
492 
2364 
6792 
3014 
7289 
2656 
2693 
2432 
6991 
7478 
7638 
7611 
2430 
5031 
2533 
1489 
3082 
3063 
3287 
22 
6247 
1173 
3983 
5120 
3698 
5870 
7199 
2000 
7668 
1234 
7073 
3903 
1757 
4937 
8795 
1566 
3221 
7601 
7317 
7378 
881 
8494 
6824 
1125 
5428 
5972 
2559 
6252 
1232 
1714 
292 
7922 
7326 
1773 
8007 
7498 
3855 
5935 
5955 
6020 
2224 
2460 
4634 
2392 
5709 
2330 
4806 
7447 
1837 
3905 
6793 
8129 
8654 
3752 
7463 
6209 
7715 
7948 
8130 
3075 
7298 
8146 
1530 
6200 
4733 
6582 
5529 
7487 
3503 
1152 
591 
6271 
2981 
2682 
4431 
7878 
2213 
7216 
3405 
1317 
3394 
289 
1902 
7281 
268 
2998 
3890 
2004 
8605 
8424 
8197 
8281 
4250 
6504 
6976 
4553 
4116 
1283 
1527 
7675 
5297 
3414 
5774 
2574 
2645 
4051 
8014 
6587 
5172 
8458 
8989 
26 
3910 
8217 
4787 
4697 
1090 
908 
3097 
1845 
6626 
8731 
4794 
200 
506 
2289 
4602 
6182 
8701 
5687 
769 
7117 
75 
4045 
5684 
7078 
282 
1631 
7362 
6689 
593 
7107 
101 
800 
7242 
2253 
5761 
1260 
4065 
5714 
5391 
7895 
5990 
5583 
3557 
2999 
6809 
2895 
3370 
8926 
2103 
5132 
3659 
7746 
7251 
6546 
6849 
314 
2119 
6278 
8824 
8192 
8513 
712 
7527 
1698 
6030 
5366 
2582 
1363 
8570 
5264 
5484 
497 
6094 
3426 
10 
8853 
7239 
8702 
6660 
3723 
7531 
4012 
6785 
4974 
2208 
6801 
4735 
2425 
178 
1276 
4727 
7257 
8840 
4600 
3372 
1601 
553 
7125 
7161 
6807 
1944 
3516 
8573 
4263 
7260 
801 
4730 
4080 
7552 
7698 
6377 
6059 
1213 
5033 
2293 
596 
6596 
1708 
795 
840 
3447 
205 
5878 
8920 
1878 
47 
276 
5150 
5720 
7386 
4480 
5365 
1082 
5808 
4334 
5993 
6566 
6734 
7745 
2988 
2118 
4542 
4767 
1624 
2136 
2501 
8386 
1641 
1645 
7294 
2350 
2283 
6811 
8568 
4020 
5898 
8272 
1724 
8859 
1387 
4616 
1184 
8320 
6665 
2605 
6915 
852 
4725 
7202 
7224 
3758 
1696 
5634 
4206 
7115 
2129 
6407 
7217 
752 
110 
7141 
507 
8071 
6722 
1172 
5570 
6610 
8474 
2508 
5013 
2766 
6174 
6052 
7186 
1438 
7070 
7542 
646 
3559 
8001 
333 
7921 
767 
904 
273 
3007 
1678 
5552 
6395 
7434 
2362 
146 
6606 
8935 
4486 
8594 
5459 
6579 
3025 
6134 
6474 
6760 
7975 
1314 
2424 
8046 
6999 
5327 
5812 
8030 
4087 
2993 
7910 
2321 
2414 
1731 
3765 
7990 
157 
3666 
809 
6822 
2700 
1920 
3972 
8971 
3605 
3673 
2638 
5894 
4907 
2446 
2815 
4462 
7833 
8419 
3911 
8097 
4965 
311 
2876 
1606 
3539 
5376 
4923 
2385 
7587 
2488 
2117 
5361 
4282 
2344 
6096 
7328 
1417 
741 
2137 
4580 
37 
2731 
8529 
388 
5042 
8748 
987 
8340 
2647 
861 
4207 
2639 
288 
8445 
5058 
8328 
7736 
3818 
7368 
1970 
6470 
2909 
2153 
8313 
6984 
1707 
8681 
4527 
3795 
1554 
6380 
427 
312 
4805 
968 
5434 
6286 
8943 
7481 
952 
3566 
8877 
6523 
8247 
5533 
3874 
1569 
3354 
2037 
6169 
5646 
450 
4058 
4559 
7329 
7034 
974 
534 
4474 
4328 
2121 
7132 
8721 
8698 
7113 
5177 
911 
6201 
7030 
1563 
2039 
8772 
4445 
2193 
2817 
8687 
2922 
5597 
7254 
6447 
8509 
777 
3707 
1001 
4406 
1254 
896 
1166 
7689 
6161 
4142 
6132 
2588 
8321 
7086 
6166 
8278 
6188 
2112 
7654 
3158 
5247 
3412 
6466 
8258 
7725 
7840 
6979 
408 
332 
7945 
8157 
3165 
1983 
7129 
1975 
5581 
387 
5652 
6735 
4978 
5602 
1033 
91 
8388 
8774 
4683 
1989 
1803 
1445 
7397 
7864 
2544 
5457 
3889 
7865 
8680 
5375 
8673 
6381 
109 
281 
6118 
2285 
7066 
1573 
2961 
2047 
3150 
456 
6237 
4879 
978 
3547 
7088 
8659 
1486 
5536 
8266 
920 
7457 
257 
104 
5588 
3865 
6277 
2164 
4300 
3437 
2388 
1352 
187 
8575 
3497 
1024 
5995 
7456 
2275 
6592 
1197 
2537 
4736 
3960 
3385 
2051 
6957 
537 
6374 
1306 
4193 
8839 
530 
2427 
557 
2565 
3234 
7760 
3043 
6462 
3832 
2256 
2226 
5613 
3481 
7799 
8755 
4007 
5451 
3592 
7753 
438 
6248 
946 
8614 
2680 
7598 
6498 
6899 
7968 
1485 
4560 
4699 
5661 
1720 
8940 
6336 
404 
1048 
1638 
7005 
5900 
1187 
6737 
7876 
4093 
7692 
8440 
8126 
422 
1553 
6159 
1648 
5349 
8043 
6655 
261 
5173 
7246 
7767 
3525 
8785 
3137 
7256 
8090 
3062 
4983 
3602 
2306 
470 
3918 
1192 
4584 
7367 
2825 
4608 
4112 
6630 
7124 
283 
5827 
615 
660 
8041 
7221 
7722 
7428 
5278 
1610 
4706 
119 
4485 
7979 
1555 
2586 
3358 
5145 
5657 
1398 
2628 
2347 
1052 
4635 
1258 
3802 
8171 
3396 
3538 
2211 
3892 
7637 
895 
4754 
2637 
914 
8527 
2890 
6232 
7407 
4807 
3742 
287 
5463 
6829 
4032 
5802 
7244 
8447 
3456 
5548 
7380 
2454 
5393 
2474 
7020 
1861 
1212 
2743 
6931 
6371 
3375 
1541 
8327 
8035 
3228 
8576 
3448 
7415 
1531 
5275 
5442 
4810 
7836 
493 
6946 
945 
5068 
3775 
3318 
666 
1424 
2515 
1889 
1762 
5222 
4141 
4537 
3092 
4197 
6250 
4720 
730 
6442 
5616 
690 
5109 
2463 
6288 
7433 
8484 
824 
71 
2739 
5522 
633 
5513 
6932 
4814 
5643 
4606 
1093 
2517 
3731 
7452 
5299 
1009 
2723 
3676 
8360 
5937 
4872 
6108 
8089 
6091 
7279 
4102 
5897 
2525 
5614 
7228 
6556 
612 
5480 
3641 
6085 
4592 
2085 
7844 
5745 
5385 
115 
1546 
2758 
356 
3436 
1616 
4940 
622 
6046 
8932 
3059 
8767 
4158 
8221 
3425 
3813 
4241 
5481 
6190 
483 
6126 
3737 
192 
5910 
7138 
1025 
4327 
1248 
8805 
5521 
4589 
8997 
5140 
7200 
5681 
5711 
8599 
6866 
538 
1812 
98 
3399 
7900 
4283 
7010 
727 
132 
2687 
1257 
6207 
8827 
649 
7845 
2791 
2062 
7769 
2538 
3760 
6756 
499 
2942 
5201 
3367 
5243 
6035 
8804 
7541 
3160 
7519 
2113 
7720 
8816 
2061 
7630 
3777 
6993 
3452 
5091 
6826 
2975 
5715 
5852 
2327 
729 
4143 
870 
4731 
998 
5579 
1477 
5678 
8235 
6923 
8723 
5 
4395 
3996 
3613 
5044 
504 
5986 
6644 
3528 
6258 
3183 
201 
1332 
7437 
3591 
4597 
4430 
6955 
4378 
6533 
7134 
443 
8433 
2236 
6424 
6140 
5565 
8904 
15 
5842 
5028 
6454 
2883 
2016 
6121 
5702 
1980 
3155 
1712 
2339 
8036 
8290 
8408 
45 
3720 
7696 
1603 
3553 
5672 
3782 
6040 
6903 
6318 
3341 
2402 
116 
4682 
6080 
3537 
1218 
7750 
7731 
7530 
2671 
828 
1765 
5402 
2379 
2397 
4291 
6451 
2635 
1286 
4292 
285 
3701 
5605 
7372 
1130 
8624 
3670 
2449 
3274 
8694 
3087 
4030 
4586 
8074 
887 
2434 
1179 
5129 
7949 
3167 
6065 
1540 
2663 
1737 
4989 
2021 
4212 
5872 
6365 
4466 
6439 
2048 
4700 
2982 
1112 
541 
3192 
2736 
4812 
2484 
3229 
2720 
6701 
2569 
6940 
3604 
2209 
5719 
3246 
6230 
2349 
5167 
7198 
6067 
7430 
923 
4783 
4921 
6244 
6997 
3074 
5025 
3781 
5116 
8875 
7130 
8616 
1868 
2920 
6622 
5355 
11 
3675 
1496 
6988 
806 
5655 
7545 
3241 
4593 
5896 
6661 
1722 
7497 
7747 
2795 
3771 
5904 
2142 
3564 
1269 
3949 
7915 
6325 
1289 
6549 
3281 
738 
2163 
5914 
4482 
5065 
4835 
8667 
7388 
554 
1780 
3999 
1918 
4357 
7342 
7048 
5400 
7183 
7267 
3222 
4868 
3913 
3896 
5432 
2969 
4643 
4459 
5762 
7185 
2666 
4710 
6023 
3847 
4455 
7596 
2712 
3030 
7274 
1041 
8092 
4578 
6710 
1011 
5326 
3964 
4109 
3657 
1108 
7686 
1572 
6102 
3614 
966 
6177 
3416 
4181 
8646 
6845 
6650 
6545 
5106 
8294 
4652 
6414 
3984 
1503 
8547 
7623 
466 
3994 
309 
1320 
1956 
3199 
2596 
7520 
4394 
6231 
7411 
3817 
1203 
2354 
6016 
8384 
1763 
5992 
6854 
2086 
306 
4753 
1725 
6421 
7954 
2078 
8801 
1785 
7758 
6312 
4352 
8369 
351 
4526 
8580 
8403 
3541 
8201 
1309 
1935 
2964 
5170 
3743 
4227 
4545 
3119 
8096 
4440 
3001 
5876 
2997 
5231 
2902 
6827 
8604 
1160 
3694 
8537 
7165 
5627 
154 
113 
7375 
2235 
8884 
2504 
3789 
4295 
8481 
8555 
278 
5313 
402 
2871 
1271 
7094 
8633 
3053 
2943 
3642 
7278 
1359 
2512 
753 
3260 
4384 
5987 
8996 
6731 
2029 
1636 
2698 
5831 
8593 
5310 
5540 
2926 
7045 
8892 
1121 
6839 
1161 
6153 
2469 
6486 
3300 
7043 
7974 
7468 
3028 
1475 
7659 
6913 
6120 
7516 
2001 
1862 
2886 
4219 
4970 
2264 
2383 
7688 
3247 
4815 
2620 
4452 
6688 
7681 
8666 
8357 
7717 
1655 
6210 
6715 
2992 
3953 
4893 
3930 
3779 
7307 
3440 
3045 
5439 
1841 
7435 
432 
4136 
1660 
1820 
3545 
3549 
1038 
3574 
632 
2127 
6724 
3593 
375 
1308 
2470 
8003 
4691 
1444 
3689 
6222 
4520 
6298 
39 
5744 
4391 
812 
1342 
8406 
4891 
5488 
8564 
7908 
4680 
2918 
1646 
6669 
4935 
8764 
3345 
2801 
1189 
2295 
6008 
7645 
7701 
4148 
6856 
7259 
8480 
695 
6726 
5490 
763 
8502 
1376 
4829 
7544 
8061 
8222 
7301 
1263 
5135 
5221 
354 
430 
7232 
3867 
7582 
4023 
8411 
359 
3506 
1435 
825 
4175 
3262 
2018 
1085 
8209 
2161 
198 
7222 
7102 
8927 
3936 
1066 
7771 
3616 
1371 
5156 
2322 
7588 
8538 
5471 
6400 
420 
3012 
8367 
1800 
1498 
3322 
8693 
7965 
1291 
143 
7835 
6609 
857 
2798 
2064 
4054 
7331 
7022 
1905 
7501 
7460 
3264 
5288 
969 
1990 
4633 
8718 
3607 
5051 
1070 
1233 
4359 
8471 
5188 
1761 
1665 
1492 
1124 
193 
1368 
1096 
7062 
1776 
8005 
4763 
5637 
7980 
3928 
2859 
6027 
5157 
1838 
5113 
3042 
6841 
8124 
2428 
2800 
2756 
3530 
7829 
6825 
2580 
6554 
3755 
4189 
2353 
1383 
2284 
3461 
1872 
5449 
572 
6966 
6634 
684 
4864 
3219 
4117 
5501 
2341 
2286 
4281 
6425 
5190 
2056 
3628 
871 
4819 
571 
8735 
7847 
3877 
7422 
623 
4837 
1571 
6950 
910 
4781 
6119 
3439 
858 
5557 
3013 
6529 
2788 
1250 
83 
7058 
539 
5850 
626 
5792 
8039 
1003 
3914 
5832 
4152 
1084 
5633 
5435 
8793 
3876 
6646 
364 
2255 
3335 
8142 
1948 
1058 
8114 
6117 
7664 
819 
6558 
1592 
6718 
5865 
3751 
3991 
3915 
303 
1467 
1605 
7291 
4887 
6476 
6603 
3736 
6512 
965 
3388 
7613 
5011 
3180 
1256 
4338 
3293 
8910 
8066 
8098 
1816 
2125 
2768 
6130 
7733 
3861 
606 
5952 
7292 
4919 
5874 
7355 
7854 
2727 
6697 
2205 
8349 
1375 
2665 
8862 
3610 
2556 
5834 
6804 
3109 
7986 
7537 
3611 
241 
3280 
2863 
6370 
1414 
459 
4632 
2178 
3067 
5054 
1412 
8883 
1330 
688 
2603 
859 
1995 
2996 
996 
8476 
6164 
6917 
5059 
7856 
7450 
3952 
3039 
3090 
5074 
5556 
4510 
4823 
5650 
2032 
778 
6893 
1478 
2490 
2204 
4515 
7946 
7000 
4594 
3567 
2683 
1410 
6335 
1676 
6349 
7617 
601 
8661 
7857 
4340 
8253 
5163 
604 
668 
1304 
6816 
2230 
7495 
2486 
5032 
7699 
7885 
3304 
2049 
7354 
7634 
8079 
3837 
6685 
369 
7040 
8843 
4028 
3086 
644 
6240 
5397 
8929 
1542 
5421 
6073 
2199 
5130 
4988 
269 
6216 
5734 
1022 
7399 
8882 
2705 
5663 
1228 
3423 
8898 
3419 
8669 
3849 
3284 
573 
2271 
7625 
8567 
1621 
8121 
970 
1439 
5485 
7076 
1811 
8780 
4912 
65 
7162 
7730 
8420 
4326 
3932 
4976 
808 
4072 
5800 
3784 
6391 
839 
4183 
8662 
2479 
7851 
6500 
5423 
1791 
4342 
907 
6416 
6093 
4335 
2781 
1946 
3311 
4244 
8236 
5133 
8153 
4290 
1642 
5420 
4873 
3242 
4041 
4468 
1157 
264 
548 
3168 
7312 
2458 
6458 
6025 
7092 
4105 
7335 
3838 
1669 
347 
1506 
8618 
1145 
979 
7626 
7218 
4715 
3653 
5448 
1515 
4984 
2558 
1186 
6625 
7406 
2503 
4628 
555 
8699 
8948 
8421 
4434 
374 
7472 
1110 
8763 
2174 
2935 
86 
5262 
687 
3174 
6631 
5567 
2207 
7985 
6098 
4548 
2845 
921 
4647 
1479 
6502 
1936 
637 
2906 
181 
8428 
8955 
6527 
5178 
962 
5127 
4491 
6456 
3407 
5155 
6281 
3662 
8345 
3052 
1817 
8178 
1705 
4199 
8085 
6146 
2511 
7057 
2188 
4310 
5411 
3986 
1168 
299 
1982 
599 
7599 
773 
2611 
1949 
2398 
2431 
6547 
8396 
3823 
2540 
6348 
8813 
8995 
3633 
2169 
703 
4656 
1896 
4306 
8202 
6443 
2429 
6062 
7602 
7494 
4421 
3531 
1654 
6004 
7739 
7297 
3595 
6658 
6534 
630 
2465 
343 
7658 
5094 
2324 
2026 
7189 
4849 
1404 
7764 
3169 
6847 
4198 
7580 
8595 
5656 
988 
6218 
7931 
6939 
8626 
206 
7268 
4339 
909 
7112 
4610 
5441 
8159 
5936 
8006 
3312 
851 
647 
1246 
2691 
663 
4775 
8623 
8934 
7436 
816 
5417 
4619 
6713 
1883 
7182 
8936 
4213 
1620 
5504 
7465 
3929 
594 
1013 
1300 
8508 
3664 
7964 
544 
918 
1069 
6712 
160 
788 
3703 
2870 
1473 
2337 
8181 
5382 
4903 
7786 
2336 
481 
942 
2496 
1386 
4900 
40 
361 
1274 
528 
2138 
6708 
2095 
8017 
2450 
6430 
411 
6619 
6160 
8486 
2584 
8346 
5572 
8523 
5342 
8832 
7179 
5740 
1431 
6717 
8911 
2526 
8746 
6817 
5773 
1126 
437 
6784 
959 
3793 
8707 
5505 
328 
5183 
207 
2050 
1539 
5491 
7255 
796 
8799 
8962 
5575 
8490 
1474 
6683 
2921 
6274 
1768 
4581 
275 
2729 
886 
7184 
8722 
4071 
4088 
8378 
6768 
3571 
1211 
2473 
322 
4750 
798 
7884 
6338 
1909 
4795 
6739 
8686 
5742 
2771 
6125 
4235 
8248 
7459 
7521 
8300 
3305 
7188 
53 
368 
5009 
1119 
3296 
1249 
451 
6492 
5612 
7064 
8285 
6345 
4791 
7517 
762 
6803 
2175 
807 
3948 
8355 
8227 
2689 
8562 
4082 
4908 
7837 
1220 
3535 
3719 
8194 
7798 
6137 
407 
2881 
6390 
5271 
3730 
3498 
2233 
3494 
2109 
7641 
4929 
3556 
7842 
775 
3078 
8067 
4133 
8009 
4855 
6087 
5798 
2694 
3668 
1893 
6070 
8024 
7316 
1433 
8203 
1510 
1801 
760 
8579 
1407 
6309 
6494 
5335 
7032 
6855 
4249 
7059 
1178 
8069 
4261 
1794 
3626 
6616 
5784 
1360 
5560 
8610 
1680 
5543 
7592 
7907 
7081 
6970 
7825 
4737 
5401 
4085 
8037 
233 
366 
2940 
5396 
4390 
3251 
7535 
3715 
6604 
4047 
8496 
3753 
8156 
2925 
5002 
2769 
7284 
652 
3822 
4059 
2055 
1940 
2084 
1235 
3393 
3499 
5175 
740 
8267 
4214 
5838 
546 
3790 
3748 
8732 
7133 
5233 
5836 
4664 
6535 
6797 
761 
5246 
6339 
7852 
4952 
8211 
3648 
5708 
6219 
877 
8392 
6213 
118 
4046 
2297 
5055 
5953 
3286 
2288 
7903 
4956 
1562 
3122 
2737 
8565 
5738 
8566 
6191 
54 
8982 
5474 
4277 
4917 
1366 
7265 
7947 
2703 
6584 
6330 
1625 
1968 
790 
2516 
6352 
3015 
3931 
7779 
5204 
5728 
1177 
4192 
6328 
4533 
4739 
8850 
1988 
3220 
7285 
8246 
4942 
4488 
8493 
977 
4333 
4801 
1582 
6514 
6503 
8103 
7108 
4723 
582 
3216 
8289 
8964 
8310 
8967 
1208 
7504 
3492 
1579 
5845 
6243 
8170 
6998 
8140 
1867 
3267 
2641 
1623 
2838 
4308 
562 
3634 
8973 
3612 
8257 
2452 
6295 
1497 
2608 
6887 
5752 
6043 
4933 
7853 
6941 
4119 
7493 
4375 
4418 
4223 
8376 
7453 
3121 
1595 
3807 
4154 
7176 
5940 
6679 
6782 
5544 
3483 
3446 
2893 
8778 
6228 
1632 
1653 
7916 
5960 
5753 
2808 
3853 
2549 
6621 
1472 
1919 
8518 
8741 
4131 
7742 
8099 
2266 
2830 
454 
1194 
1064 
6910 
842 
60 
7640 
1913 
2539 
5228 
3184 
7458 
1608 
159 
7308 
2642 
3505 
3453 
8668 
3409 
5293 
6491 
5414 
8487 
4809 
5008 
4519 
6418 
5886 
3104 
1869 
6289 
934 
1679 
2307 
3677 
7166 
5257 
4640 
7814 
137 
5996 
1685 
5554 
8891 
8535 
4399 
4764 
2133 
2652 
7810 
6586 
2301 
3696 
3725 
3939 
5218 
7263 
1830 
7271 
4409 
1999 
835 
1183 
8886 
3639 
4964 
215 
6455 
6550 
3294 
